817 815 667
1 2 573471
2 3 508865
3 4 502590
4 5 213886
5 6 211593
6 7 187504
7 8 672172
8 9 581493
9 10 158954
10 11 439221
11 12 458132
12 13 3060
13 14 325623
14 15 210982
15 16 604181
16 17 949064
17 18 43736
18 19 384365
19 20 362371
20 21 887894
21 22 244458
22 23 943175
23 24 841956
24 25 612310
25 26 464254
26 27 591429
27 28 276274
28 29 510995
29 30 297816
30 31 330126
31 32 593883
32 33 384364
33 34 506352
34 35 562715
35 36 419140
36 37 629335
37 38 480180
38 39 362362
39 40 327874
40 41 344345
41 42 148612
42 43 388045
43 44 728607
44 45 216654
45 46 607221
46 47 896520
47 48 565211
48 49 664807
49 50 786703
50 51 986613
51 52 952552
52 53 476263
53 54 294351
54 55 18291
55 56 847725
56 57 708774
57 58 629542
58 59 694643
59 60 266181
60 61 363342
61 62 561719
62 63 19130
63 64 589629
64 65 873953
65 66 400157
66 67 816803
67 68 503001
68 69 853040
69 70 348643
70 71 101338
71 72 446671
72 73 804773
73 74 360906
74 75 593889
75 76 872778
76 77 367931
77 78 916678
78 79 755919
79 80 478952
80 81 78656
81 82 930049
82 83 833547
83 84 11261
84 85 577434
85 86 780951
86 87 567318
87 88 108430
88 89 867391
89 90 443993
90 91 677823
91 92 964503
92 93 11963
93 94 582346
94 95 524972
95 96 62406
96 97 743854
97 98 330661
98 99 443031
99 100 740989
100 101 555851
101 102 878228
102 103 365263
103 104 51412
104 105 177499
105 106 189178
106 107 40819
107 108 372436
108 109 743672
109 110 510571
110 111 644795
111 112 455549
112 113 1554
113 114 393967
114 115 199215
115 116 260289
116 117 522925
117 118 366019
118 119 676141
119 120 552583
120 121 983969
121 122 740119
122 123 695015
123 124 810281
124 125 651993
125 126 317200
126 127 588835
127 128 910518
128 129 213781
129 130 796616
130 131 295865
131 132 639920
132 133 358504
133 134 993545
134 135 177881
135 136 160783
136 137 778490
137 138 880214
138 139 102082
139 140 532285
140 141 311943
141 142 630307
142 143 921164
143 144 669976
144 145 323933
145 146 313047
146 147 176095
147 148 893812
148 149 186978
149 150 768593
150 151 414714
151 152 78422
152 153 438797
153 154 509536
154 155 43565
155 156 809466
156 157 896936
157 158 230026
158 159 595359
159 160 87181
160 161 890581
161 162 994182
162 163 883144
163 164 664179
164 165 819589
165 166 996994
166 167 890232
167 168 881794
168 169 976322
169 170 706333
170 171 424719
171 172 34246
172 173 572646
173 174 662062
174 175 230019
175 176 577147
176 177 100770
177 178 759291
178 179 258397
179 180 35862
180 181 218617
181 182 976643
182 183 287611
183 184 492925
184 185 334274
185 186 289973
186 187 474064
187 188 479498
188 189 928873
189 190 932407
190 191 540640
191 192 376908
192 193 536302
193 194 779296
194 195 790789
195 196 904581
196 197 354980
197 198 430717
198 199 81388
199 200 69613
200 201 580531
201 202 198544
202 203 571864
203 204 177325
204 205 324952
205 206 811660
206 207 75550
207 208 799590
208 209 73184
209 210 102235
210 211 590056
211 212 114664
212 213 994352
213 214 338520
214 215 603443
215 216 489019
216 217 234112
217 218 100373
218 219 754448
219 220 232793
220 221 84443
221 222 817878
222 223 566822
223 224 587953
224 225 52960
225 226 863700
226 227 66926
227 228 430054
228 229 442884
229 230 276220
230 231 258614
231 232 762830
232 233 963982
233 234 442349
234 235 652447
235 236 177396
236 237 71834
237 238 720766
238 239 61215
239 240 569111
240 241 302743
241 242 318645
242 243 769856
243 244 486377
244 245 225353
245 246 253713
246 247 245343
247 248 400592
248 249 584967
249 250 825537
250 251 491374
251 252 996264
252 253 964862
253 254 411562
254 255 540018
255 256 283774
256 257 220268
257 258 528293
258 259 583557
259 260 883607
260 261 900645
261 262 262334
262 263 345173
263 264 878375
264 265 280210
265 266 79222
266 267 381923
267 268 988635
268 269 238637
269 270 405762
270 271 127430
271 272 75088
272 273 788423
273 274 607179
274 275 905574
275 276 685721
276 277 104387
277 278 364780
278 279 836673
279 280 887356
280 281 976920
281 282 788727
282 283 518569
283 284 700405
284 285 674386
285 286 847472
286 287 974979
287 288 824179
288 289 677649
289 290 111120
290 291 488841
291 292 803670
292 293 905800
293 294 613699
294 295 672457
295 296 747639
296 297 522751
297 298 95723
298 299 648933
299 300 437408
300 301 925138
301 302 992539
302 303 290065
303 304 254031
304 305 108785
305 306 116124
306 307 678360
307 308 621816
308 309 761694
309 310 207915
310 311 659672
311 312 163840
312 313 338545
313 314 443257
314 315 133121
315 316 924419
316 317 801879
317 318 954154
318 319 260377
319 320 285518
320 321 211599
321 322 619863
322 323 472635
323 324 479717
324 325 938348
325 326 356364
326 327 170707
327 328 519039
328 329 805526
329 330 565706
330 331 223396
331 332 854597
332 333 486600
333 334 204614
334 335 482562
335 336 785239
336 337 708755
337 338 555688
338 339 235736
339 340 125894
340 341 950938
341 342 860749
342 343 776228
343 344 734299
344 345 648149
345 346 512070
346 347 728118
347 348 354959
348 349 623822
349 350 183127
350 351 898677
351 352 181905
352 353 160486
353 354 540152
354 355 309785
355 356 46659
356 357 962577
357 358 882263
358 359 560114
359 360 883261
360 361 691286
361 362 978837
362 363 315680
363 364 113737
364 365 830352
365 366 40004
366 367 133656
367 368 653413
368 369 315247
369 370 31344
370 371 968742
371 372 723972
372 373 764728
373 374 633107
374 375 719589
375 376 767885
376 377 229697
377 378 616286
378 379 372104
379 380 685403
380 381 274998
381 382 378935
382 383 864597
383 384 88699
384 385 792535
385 386 712053
386 387 450725
387 388 824305
388 389 666807
389 390 471526
390 391 347686
391 392 674803
392 393 553151
393 394 705035
394 395 581785
395 396 933548
396 397 802600
397 398 130518
398 399 782548
399 400 726651
400 401 422917
401 402 807410
402 403 556224
403 404 340977
404 405 743351
405 406 281787
406 407 622620
407 408 32535
408 409 746166
409 410 67266
410 411 688376
411 412 885861
412 413 445199
413 414 635082
414 415 394235
415 416 660428
416 417 877281
417 418 524110
418 419 52958
419 420 414126
420 421 456095
421 422 597689
422 423 632623
423 424 763104
424 425 232849
425 426 217772
426 427 488655
427 428 245871
428 429 683986
429 430 542331
430 431 51828
431 432 288344
432 433 739731
433 434 213296
434 435 11496
435 436 151054
436 437 653719
437 438 189895
438 439 33224
439 440 726007
440 441 16757
441 442 875376
442 443 164549
443 444 203312
444 445 28250
445 446 650769
446 447 88998
447 448 677445
448 449 191620
449 450 880449
450 451 83461
451 452 839737
452 453 483144
453 454 134798
454 455 2702
455 456 702532
456 457 535436
457 458 626296
458 459 634179
459 460 528528
460 461 312013
461 462 717236
462 463 190138
463 464 640380
464 465 479259
465 466 918505
466 467 565085
467 468 951897
468 469 754136
469 470 364918
470 471 269161
471 472 495663
472 473 302589
473 474 675627
474 475 258800
475 476 517113
476 477 204438
477 478 649867
478 479 856023
479 480 210404
480 481 985664
481 482 308944
482 483 123224
483 484 198037
484 485 457010
485 486 108647
486 487 113089
487 488 444256
488 489 71921
489 490 218864
490 491 283892
491 492 525905
492 493 256666
493 494 237759
494 495 364645
495 496 670887
496 497 611996
497 498 60702
498 499 535647
499 500 428372
500 501 290747
501 502 605449
502 503 268543
503 504 249023
504 505 55759
505 506 116656
506 507 193271
507 508 762306
508 509 419331
509 510 24888
510 511 52301
511 512 361579
512 513 151126
513 514 981498
514 515 84313
515 516 534911
516 517 933277
517 518 359747
518 519 197002
519 520 81971
520 521 542015
521 522 833811
522 523 333218
523 524 359986
524 525 300599
525 526 5214
526 527 281717
527 528 628058
528 529 154902
529 530 14030
530 531 66158
531 532 534334
532 533 727615
533 534 119038
534 535 35659
535 536 362661
536 537 688873
537 538 953024
538 539 291612
539 540 587337
540 541 579681
541 542 772121
542 543 679623
543 544 968730
544 545 997253
545 546 895104
546 547 596359
547 548 471161
548 549 699978
549 550 292194
550 551 553897
551 552 168573
552 553 138614
553 554 573793
554 555 65613
555 556 958961
556 557 803494
557 558 156112
558 559 691371
559 560 577172
560 561 687882
561 562 351289
562 563 314763
563 564 179031
564 565 464612
565 566 8855
566 567 564364
567 568 261091
568 569 200397
569 570 922396
570 571 87582
571 572 16913
572 573 601200
573 574 274284
574 575 563784
575 576 147439
576 577 673357
577 578 146656
578 579 80995
579 580 982850
580 581 840823
581 582 52805
582 583 440732
583 584 179390
584 585 488151
585 586 388826
586 587 472950
587 588 674576
588 589 147174
589 590 854485
590 591 15046
591 592 467157
592 593 864375
593 594 904223
594 595 576693
595 596 241696
596 597 911083
597 598 118099
598 599 439938
599 600 118968
600 601 62778
601 602 278723
602 603 534141
603 604 215319
604 605 657649
605 606 657651
606 607 355661
607 608 619500
608 609 252078
609 610 466652
610 611 612331
611 612 691930
612 613 544294
613 614 48299
614 615 590117
615 616 821751
616 617 767456
617 618 49791
618 619 371036
619 620 279694
620 621 369464
621 622 664558
622 623 203078
623 624 725533
624 625 280477
625 626 620096
626 627 308460
627 628 947864
628 629 589458
629 630 486323
630 631 629293
631 632 951780
632 633 51889
633 634 518517
634 635 474554
635 636 380956
636 637 431523
637 638 352877
638 639 899544
639 640 832080
640 641 167273
641 642 921907
642 643 840097
643 644 916097
644 645 814231
645 646 590548
646 647 104323
647 648 248423
648 649 309587
649 650 711375
650 651 67519
651 652 54507
652 653 792922
653 654 176794
654 655 687147
655 656 350189
656 657 348796
657 658 765405
658 659 579953
659 660 231487
660 661 916571
661 662 284853
662 663 319246
663 664 927591
664 665 973616
665 666 808051
666 667 652500
667 668 595553
668 669 702790
669 670 978523
670 671 722408
671 672 573339
672 673 757885
673 674 563110
674 675 295748
675 676 700152
676 677 944008
677 678 209664
678 679 625526
679 680 845902
680 681 476015
681 682 779594
682 683 452575
683 684 300264
684 685 213070
685 686 672537
686 687 749174
687 688 119364
688 689 482004
689 690 545653
690 691 353155
691 692 114005
692 693 954629
693 694 930331
694 695 727204
695 696 754434
696 697 896761
697 698 455484
698 699 437707
699 700 884581
700 701 942363
701 702 627644
702 703 531069
703 704 154638
704 705 413866
705 706 242995
706 707 94164
707 708 830398
708 709 48251
709 710 908783
710 711 801919
711 712 898988
712 713 539829
713 714 925872
714 715 664061
715 716 12547
716 717 650835
717 718 523499
718 719 574630
719 720 647970
720 721 29734
721 722 344520
722 723 515810
723 724 358427
724 725 260689
725 726 521316
726 727 788143
727 728 733172
728 729 705483
729 730 602064
730 731 680031
731 732 134633
732 733 61984
733 734 698128
734 735 218007
735 736 290536
736 737 631473
737 738 120476
738 739 592402
739 740 92947
740 741 725743
741 742 293154
742 743 908700
743 744 58754
744 745 182436
745 746 443138
746 747 694360
747 748 102654
748 749 958442
749 750 312273
750 751 394491
751 752 473863
752 753 212721
753 754 673431
754 755 452494
755 756 420495
756 757 662462
757 758 408081
758 759 672943
759 760 525117
760 761 941734
761 762 233647
762 763 16656
763 764 179435
764 765 818967
765 766 307735
766 767 771063
767 768 409449
768 769 106000
769 770 836576
770 771 990525
771 772 93879
772 773 97828
773 774 659032
774 775 125071
775 776 715151
776 777 270780
777 778 448639
778 779 118960
779 780 488920
780 781 906769
781 782 420938
782 783 700085
783 784 331252
784 785 122742
785 786 846496
786 787 781191
787 788 628787
788 789 722828
789 790 931040
790 791 982053
791 792 791582
792 793 766283
793 794 972762
794 795 975583
795 796 112045
796 797 596032
797 798 18833
798 799 62940
799 800 848465
800 801 709065
801 802 156864
802 803 970261
803 804 290987
804 805 161243
805 806 512849
806 807 704856
807 808 500435
808 809 422589
809 810 79271
810 811 121350
811 812 638418
812 813 844810
813 814 55446
814 815 709717
815 816 959592
