1000 999 800
1 2 372436
2 3 743672
3 4 510571
4 5 644795
5 6 455549
6 7 1554
7 8 393967
8 9 199215
9 10 260289
10 11 522925
11 12 366019
12 13 676141
13 14 552583
14 15 983969
15 16 740119
16 17 695015
17 18 810281
18 19 651993
19 20 317200
20 21 588835
21 22 910518
22 23 213781
23 24 796616
24 25 295865
25 26 639920
26 27 358504
27 28 993545
28 29 177881
29 30 160783
30 31 778490
31 32 880214
32 33 102082
33 34 532285
34 35 311943
35 36 630307
36 37 921164
37 38 669976
38 39 323933
39 40 313047
40 41 176095
41 42 893812
42 43 186978
43 44 768593
44 45 414714
45 46 78422
46 47 438797
47 48 509536
48 49 43565
49 50 809466
50 51 896936
51 52 230026
52 53 595359
53 54 87181
54 55 890581
55 56 994182
56 57 883144
57 58 664179
58 59 819589
59 60 996994
60 61 890232
61 62 881794
62 63 976322
63 64 706333
64 65 424719
65 66 34246
66 67 572646
67 68 662062
68 69 230019
69 70 577147
70 71 100770
71 72 759291
72 73 258397
73 74 35862
74 75 218617
75 76 976643
76 77 287611
77 78 492925
78 79 334274
79 80 289973
80 81 474064
81 82 479498
82 83 928873
83 84 932407
84 85 540640
85 86 376908
86 87 536302
87 88 779296
88 89 790789
89 90 904581
90 91 354980
91 92 430717
92 93 81388
93 94 69613
94 95 580531
95 96 198544
96 97 571864
97 98 177325
98 99 324952
99 100 811660
100 101 75550
101 102 799590
102 103 73184
103 104 102235
104 105 590056
105 106 114664
106 107 994352
107 108 338520
108 109 603443
109 110 489019
110 111 234112
111 112 100373
112 113 754448
113 114 232793
114 115 84443
115 116 817878
116 117 566822
117 118 587953
118 119 52960
119 120 863700
120 121 66926
121 122 430054
122 123 442884
123 124 276220
124 125 258614
125 126 762830
126 127 963982
127 128 442349
128 129 652447
129 130 177396
130 131 71834
131 132 720766
132 133 61215
133 134 569111
134 135 302743
135 136 318645
136 137 769856
137 138 486377
138 139 225353
139 140 253713
140 141 245343
141 142 400592
142 143 584967
143 144 825537
144 145 491374
145 146 996264
146 147 964862
147 148 411562
148 149 540018
149 150 283774
150 151 220268
151 152 528293
152 153 583557
153 154 883607
154 155 900645
155 156 262334
156 157 345173
157 158 878375
158 159 280210
159 160 79222
160 161 381923
161 162 988635
162 163 238637
163 164 405762
164 165 127430
165 166 75088
166 167 788423
167 168 607179
168 169 905574
169 170 685721
170 171 104387
171 172 364780
172 173 836673
173 174 887356
174 175 976920
175 176 788727
176 177 518569
177 178 700405
178 179 674386
179 180 847472
180 181 974979
181 182 824179
182 183 677649
183 184 111120
184 185 488841
185 186 803670
186 187 905800
187 188 613699
188 189 672457
189 190 747639
190 191 522751
191 192 95723
192 193 648933
193 194 437408
194 195 925138
195 196 992539
196 197 290065
197 198 254031
198 199 108785
199 200 116124
200 201 678360
201 202 621816
202 203 761694
203 204 207915
204 205 659672
205 206 163840
206 207 338545
207 208 443257
208 209 133121
209 210 924419
210 211 801879
211 212 954154
212 213 260377
213 214 285518
214 215 211599
215 216 619863
216 217 472635
217 218 479717
218 219 938348
219 220 356364
220 221 170707
221 222 519039
222 223 805526
223 224 565706
224 225 223396
225 226 854597
226 227 486600
227 228 204614
228 229 482562
229 230 785239
230 231 708755
231 232 555688
232 233 235736
233 234 125894
234 235 950938
235 236 860749
236 237 776228
237 238 734299
238 239 648149
239 240 512070
240 241 728118
241 242 354959
242 243 623822
243 244 183127
244 245 898677
245 246 181905
246 247 160486
247 248 540152
248 249 309785
249 250 46659
250 251 962577
251 252 882263
252 253 560114
253 254 883261
254 255 691286
255 256 978837
256 257 315680
257 258 113737
258 259 830352
259 260 40004
260 261 133656
261 262 653413
262 263 315247
263 264 31344
264 265 968742
265 266 723972
266 267 764728
267 268 633107
268 269 719589
269 270 767885
270 271 229697
271 272 616286
272 273 372104
273 274 685403
274 275 274998
275 276 378935
276 277 864597
277 278 88699
278 279 792535
279 280 712053
280 281 450725
281 282 824305
282 283 666807
283 284 471526
284 285 347686
285 286 674803
286 287 553151
287 288 705035
288 289 581785
289 290 933548
290 291 802600
291 292 130518
292 293 782548
293 294 726651
294 295 422917
295 296 807410
296 297 556224
297 298 340977
298 299 743351
299 300 281787
300 301 622620
301 302 32535
302 303 746166
303 304 67266
304 305 688376
305 306 885861
306 307 445199
307 308 635082
308 309 394235
309 310 660428
310 311 877281
311 312 524110
312 313 52958
313 314 414126
314 315 456095
315 316 597689
316 317 632623
317 318 763104
318 319 232849
319 320 217772
320 321 488655
321 322 245871
322 323 683986
323 324 542331
324 325 51828
325 326 288344
326 327 739731
327 328 213296
328 329 11496
329 330 151054
330 331 653719
331 332 189895
332 333 33224
333 334 726007
334 335 16757
335 336 875376
336 337 164549
337 338 203312
338 339 28250
339 340 650769
340 341 88998
341 342 677445
342 343 191620
343 344 880449
344 345 83461
345 346 839737
346 347 483144
347 348 134798
348 349 2702
349 350 702532
350 351 535436
351 352 626296
352 353 634179
353 354 528528
354 355 312013
355 356 717236
356 357 190138
357 358 640380
358 359 479259
359 360 918505
360 361 565085
361 362 951897
362 363 754136
363 364 364918
364 365 269161
365 366 495663
366 367 302589
367 368 675627
368 369 258800
369 370 517113
370 371 204438
371 372 649867
372 373 856023
373 374 210404
374 375 985664
375 376 308944
376 377 123224
377 378 198037
378 379 457010
379 380 108647
380 381 113089
381 382 444256
382 383 71921
383 384 218864
384 385 283892
385 386 525905
386 387 256666
387 388 237759
388 389 364645
389 390 670887
390 391 611996
391 392 60702
392 393 535647
393 394 428372
394 395 290747
395 396 605449
396 397 268543
397 398 249023
398 399 55759
399 400 116656
400 401 193271
401 402 762306
402 403 419331
403 404 24888
404 405 52301
405 406 361579
406 407 151126
407 408 981498
408 409 84313
409 410 534911
410 411 933277
411 412 359747
412 413 197002
413 414 81971
414 415 542015
415 416 833811
416 417 333218
417 418 359986
418 419 300599
419 420 5214
420 421 281717
421 422 628058
422 423 154902
423 424 14030
424 425 66158
425 426 534334
426 427 727615
427 428 119038
428 429 35659
429 430 362661
430 431 688873
431 432 953024
432 433 291612
433 434 587337
434 435 579681
435 436 772121
436 437 679623
437 438 968730
438 439 997253
439 440 895104
440 441 596359
441 442 471161
442 443 699978
443 444 292194
444 445 553897
445 446 168573
446 447 138614
447 448 573793
448 449 65613
449 450 958961
450 451 803494
451 452 156112
452 453 691371
453 454 577172
454 455 687882
455 456 351289
456 457 314763
457 458 179031
458 459 464612
459 460 8855
460 461 564364
461 462 261091
462 463 200397
463 464 922396
464 465 87582
465 466 16913
466 467 601200
467 468 274284
468 469 563784
469 470 147439
470 471 673357
471 472 146656
472 473 80995
473 474 982850
474 475 840823
475 476 52805
476 477 440732
477 478 179390
478 479 488151
479 480 388826
480 481 472950
481 482 674576
482 483 147174
483 484 854485
484 485 15046
485 486 467157
486 487 864375
487 488 904223
488 489 576693
489 490 241696
490 491 911083
491 492 118099
492 493 439938
493 494 118968
494 495 62778
495 496 278723
496 497 534141
497 498 215319
498 499 657649
499 500 657651
500 501 355661
501 502 619500
502 503 252078
503 504 466652
504 505 612331
505 506 691930
506 507 544294
507 508 48299
508 509 590117
509 510 821751
510 511 767456
511 512 49791
512 513 371036
513 514 279694
514 515 369464
515 516 664558
516 517 203078
517 518 725533
518 519 280477
519 520 620096
520 521 308460
521 522 947864
522 523 589458
523 524 486323
524 525 629293
525 526 951780
526 527 51889
527 528 518517
528 529 474554
529 530 380956
530 531 431523
531 532 352877
532 533 899544
533 534 832080
534 535 167273
535 536 921907
536 537 840097
537 538 916097
538 539 814231
539 540 590548
540 541 104323
541 542 248423
542 543 309587
543 544 711375
544 545 67519
545 546 54507
546 547 792922
547 548 176794
548 549 687147
549 550 350189
550 551 348796
551 552 765405
552 553 579953
553 554 231487
554 555 916571
555 556 284853
556 557 319246
557 558 927591
558 559 973616
559 560 808051
560 561 652500
561 562 595553
562 563 702790
563 564 978523
564 565 722408
565 566 573339
566 567 757885
567 568 563110
568 569 295748
569 570 700152
570 571 944008
571 572 209664
572 573 625526
573 574 845902
574 575 476015
575 576 779594
576 577 452575
577 578 300264
578 579 213070
579 580 672537
580 581 749174
581 582 119364
582 583 482004
583 584 545653
584 585 353155
585 586 114005
586 587 954629
587 588 930331
588 589 727204
589 590 754434
590 591 896761
591 592 455484
592 593 437707
593 594 884581
594 595 942363
595 596 627644
596 597 531069
597 598 154638
598 599 413866
599 600 242995
600 601 94164
601 602 830398
602 603 48251
603 604 908783
604 605 801919
605 606 898988
606 607 539829
607 608 925872
608 609 664061
609 610 12547
610 611 650835
611 612 523499
612 613 574630
613 614 647970
614 615 29734
615 616 344520
616 617 515810
617 618 358427
618 619 260689
619 620 521316
620 621 788143
621 622 733172
622 623 705483
623 624 602064
624 625 680031
625 626 134633
626 627 61984
627 628 698128
628 629 218007
629 630 290536
630 631 631473
631 632 120476
632 633 592402
633 634 92947
634 635 725743
635 636 293154
636 637 908700
637 638 58754
638 639 182436
639 640 443138
640 641 694360
641 642 102654
642 643 958442
643 644 312273
644 645 394491
645 646 473863
646 647 212721
647 648 673431
648 649 452494
649 650 420495
650 651 662462
651 652 408081
652 653 672943
653 654 525117
654 655 941734
655 656 233647
656 657 16656
657 658 179435
658 659 818967
659 660 307735
660 661 771063
661 662 409449
662 663 106000
663 664 836576
664 665 990525
665 666 93879
666 667 97828
667 668 659032
668 669 125071
669 670 715151
670 671 270780
671 672 448639
672 673 118960
673 674 488920
674 675 906769
675 676 420938
676 677 700085
677 678 331252
678 679 122742
679 680 846496
680 681 781191
681 682 628787
682 683 722828
683 684 931040
684 685 982053
685 686 791582
686 687 766283
687 688 972762
688 689 975583
689 690 112045
690 691 596032
691 692 18833
692 693 62940
693 694 848465
694 695 709065
695 696 156864
696 697 970261
697 698 290987
698 699 161243
699 700 512849
700 701 704856
701 702 500435
702 703 422589
703 704 79271
704 705 121350
705 706 638418
706 707 844810
707 708 55446
708 709 709717
709 710 959592
710 711 583859
711 712 587685
712 713 576462
713 714 811207
714 715 840315
715 716 202515
716 717 538064
717 718 412629
718 719 939065
719 720 376975
720 721 393931
721 722 167150
722 723 650009
723 724 747135
724 725 15430
725 726 526880
726 727 556507
727 728 648954
728 729 633498
729 730 499118
730 731 632275
731 732 330318
732 733 217653
733 734 719310
734 735 692199
735 736 411899
736 737 452888
737 738 81067
738 739 723604
739 740 154549
740 741 122521
741 742 724515
742 743 28650
743 744 675430
744 745 262434
745 746 248521
746 747 776651
747 748 328617
748 749 725552
749 750 385892
750 751 969328
751 752 673040
752 753 929237
753 754 685743
754 755 108388
755 756 997472
756 757 937782
757 758 526359
758 759 211847
759 760 982160
760 761 382477
761 762 942016
762 763 2892
763 764 564174
764 765 72488
765 766 734145
766 767 413563
767 768 1081
768 769 259112
769 770 276387
770 771 14960
771 772 809383
772 773 854979
773 774 485029
774 775 908698
775 776 924897
776 777 941571
777 778 877307
778 779 666621
779 780 558627
780 781 903429
781 782 715531
782 783 393456
783 784 506397
784 785 382011
785 786 130606
786 787 477280
787 788 677172
788 789 623146
789 790 630901
790 791 107211
791 792 532097
792 793 561197
793 794 830562
794 795 737542
795 796 569553
796 797 607664
797 798 705194
798 799 89784
799 800 905763
800 801 948981
801 802 994042
802 803 158940
803 804 908013
804 805 403923
805 806 680175
806 807 769795
807 808 293976
808 809 887346
809 810 148124
810 811 729232
811 812 560063
812 813 555664
813 814 547464
814 815 884538
815 816 438516
816 817 794111
817 818 262957
818 819 809357
819 820 591099
820 821 913508
821 822 73275
822 823 164841
823 824 589325
824 825 71226
825 826 702226
826 827 658690
827 828 52631
828 829 536397
829 830 856843
830 831 943774
831 832 224248
832 833 106688
833 834 921328
834 835 87002
835 836 874950
836 837 837575
837 838 599296
838 839 775910
839 840 54282
840 841 656301
841 842 623660
842 843 340996
843 844 313535
844 845 270608
845 846 794333
846 847 822541
847 848 643223
848 849 861920
849 850 847851
850 851 718124
851 852 88758
852 853 153892
853 854 755047
854 855 608096
855 856 27381
856 857 123828
857 858 449682
858 859 20671
859 860 325792
860 861 11456
861 862 696932
862 863 193518
863 864 921529
864 865 499207
865 866 854598
866 867 387369
867 868 645491
868 869 871713
869 870 98328
870 871 152001
871 872 708023
872 873 517686
873 874 796716
874 875 54041
875 876 876386
876 877 231365
877 878 940553
878 879 504361
879 880 210181
880 881 938974
881 882 309545
882 883 417403
883 884 441124
884 885 81960
885 886 209723
886 887 1777
887 888 732856
888 889 362076
889 890 569633
890 891 812093
891 892 15917
892 893 559367
893 894 187251
894 895 599974
895 896 87652
896 897 827340
897 898 304379
898 899 760010
899 900 720434
900 901 119584
901 902 955959
902 903 901847
903 904 189344
904 905 230605
905 906 718683
906 907 231248
907 908 423721
908 909 893295
909 910 236236
910 911 67022
911 912 670206
912 913 872314
913 914 630757
914 915 999996
915 916 442053
916 917 499314
917 918 437430
918 919 251482
919 920 794710
920 921 293041
921 922 791488
922 923 585020
923 924 732477
924 925 679332
925 926 899450
926 927 586312
927 928 298939
928 929 211599
929 930 591055
930 931 922747
931 932 82117
932 933 352453
933 934 881886
934 935 981733
935 936 582595
936 937 327472
937 938 764345
938 939 847656
939 940 548690
940 941 121743
941 942 480166
942 943 694973
943 944 245571
944 945 581939
945 946 912289
946 947 436975
947 948 886362
948 949 556289
949 950 366488
950 951 558429
951 952 128591
952 953 631731
953 954 824238
954 955 662012
955 956 652496
956 957 827479
957 958 856120
958 959 12372
959 960 654525
960 961 557902
961 962 998851
962 963 456702
963 964 574187
964 965 668750
965 966 422220
966 967 904428
967 968 428898
968 969 369889
969 970 855302
970 971 450657
971 972 902815
972 973 516516
973 974 291352
974 975 157941
975 976 143635
976 977 577225
977 978 756124
978 979 88018
979 980 631841
980 981 972117
981 982 764130
982 983 887674
983 984 434084
984 985 128482
985 986 950058
986 987 537022
987 988 246567
988 989 582750
989 990 442030
990 991 964104
991 992 117483
992 993 788939
993 994 159126
994 995 999250
995 996 160420
996 997 31613
997 998 227009
998 999 414445
999 1000 890428
