78 177712
6800 375460
2400 236055
5500 215783
7400 195801
6000 349837
6200 80115
200 846205
7000 881686
9300 919698
3400 996645
2400 799769
6600 239355
5500 714774
7700 492387
5500 683583
2700 422046
3700 733055
1200 496033
9100 173301
2300 200404
7800 425074
9700 756308
2500 692863
6300 20209
1600 816660
2700 952241
1800 673442
8400 447435
7600 678859
800 29933
9200 330340
8900 214519
2300 199290
1800 152830
5100 10442
6200 530442
3400 88775
6100 699032
3300 957143
5400 215640
9300 195735
1300 372720
9000 312147
5500 792439
7900 842702
6100 627195
8300 45760
5300 499004
5500 579603
3300 654574
1700 204838
7800 124283
8300 761994
3400 106943
3400 27399
9400 760778
2400 825048
8900 117601
200 188522
1100 954942
8600 953826
700 966923
9400 678100
8200 274027
2400 506828
9800 334962
1200 791753
6700 511143
3300 402045
1300 873801
8000 518799
300 62279
7100 583320
2600 468935
2000 675369
4500 901152
3900 783748
2300 127903
