522 914575
2600 979445
7200 690081
4700 190629
9700 47202
7500 894325
8200 804784
1700 302156
3200 735902
2800 78537
5700 330739
1800 329211
7900 238506
4000 686568
6800 660016
4000 296263
9300 601449
9100 890310
5500 177068
3100 8580
5700 449218
3400 594328
7600 829355
2100 899080
2200 531545
1100 34067
6700 338674
9100 206504
3500 262034
6500 959980
2100 45895
100 948152
2500 147731
200 248153
9600 119022
8900 208399
700 766466
3200 831502
6800 628333
7500 233792
8400 987010
9400 27328
5400 624712
900 216480
4300 928121
5100 723492
2000 328197
700 497925
6700 560717
3800 89200
8600 216104
8300 823620
600 790881
5800 345559
5300 488502
5400 422962
2500 697435
7900 120464
2700 482549
3200 386595
10000 778720
5800 890639
9200 849130
6700 298989
5800 602581
10000 347466
7300 811929
7500 412581
7000 999455
1800 504628
700 419335
9800 91552
3000 715811
6900 414148
8400 656954
1300 880114
1500 703686
3400 550382
9200 278326
800 333553
6200 214957
5000 248231
6100 621185
8800 664305
8000 357564
9000 670052
4700 390943
4000 347593
6900 977370
1600 20443
700 469525
9900 430412
6300 6699
7100 958976
5500 482217
9000 179343
2700 883220
4200 104584
3900 454496
7500 122601
5800 571449
7700 480040
2800 138238
5500 273517
5300 34433
6800 911957
700 576456
7800 452977
6800 601999
8200 473541
2600 973764
6900 851401
9800 58698
6300 801515
1300 981495
2300 514571
600 758357
400 53310
1000 335844
1100 497484
1000 193559
6200 401394
4900 41107
4600 832737
8700 404979
600 994685
9100 905542
4200 799134
9400 852751
8900 10898
2900 710212
6400 238297
2300 640720
9700 882280
1700 344338
7600 798183
6500 635740
4100 829555
300 963316
5600 66013
1100 853974
3100 402024
900 816176
400 891151
9900 899876
2500 168893
3900 593737
7400 338323
4600 115819
5400 165157
1400 886343
8600 291197
10000 611856
900 953879
7900 572461
1400 569123
4400 265400
9400 429447
2000 9152
6300 979674
2900 998984
3000 585322
6500 72646
8500 739191
5300 157605
1000 374453
5600 90243
9400 531854
9700 313075
3100 890974
2000 891837
9500 9845
5400 451673
600 387865
2400 160952
3100 915329
5300 646331
9200 648027
1300 193081
3800 765063
5800 847358
6600 147801
9500 818374
700 105051
6800 489478
900 311304
700 582308
9200 164499
5000 171706
9900 977822
9800 941015
8100 867267
8200 450237
1900 836111
2600 553444
8800 309826
4400 683702
8800 876944
5500 53521
8900 566946
3100 756616
4500 701654
3400 183522
5000 322683
4200 275226
4100 102486
100 869661
3200 876961
6800 381903
7600 314758
7200 205766
5900 453224
3600 713741
5400 989018
2500 655395
4900 565925
5600 417850
7800 632711
8300 48184
9000 552559
4500 108345
6800 912322
100 220555
7200 661785
7500 691312
6500 432321
2000 753696
1600 244857
4900 850948
700 444535
9100 356284
8200 351268
9800 483674
4100 270939
9300 263717
300 556334
6800 856471
6500 681121
8300 59103
6600 751149
3200 175776
8800 242238
6400 802736
7300 678070
2200 21274
3200 11560
5500 94748
8000 476061
8900 486954
2000 102034
3300 626345
9000 139640
1200 433717
3500 908211
3700 291483
4400 488668
7800 700256
4500 264127
9800 98808
2800 985758
6600 984591
7100 476076
500 504964
7900 668370
900 990441
2900 118125
2900 910661
4100 321166
7000 669394
1400 179513
100 962687
4800 936614
6500 234222
2200 975748
3400 648311
9700 382193
3800 403172
600 820803
1100 242547
3600 685442
4300 913431
2000 482923
4300 453239
1400 177903
100 512622
3500 345777
7500 373321
7700 291404
6100 832972
9300 188747
6200 728237
9800 764271
3600 20504
2000 45101
4300 635433
9700 711277
1000 238645
8700 613324
4600 653889
2400 425243
5800 117961
8900 783581
8900 314619
8800 286477
9900 284025
1300 626134
2000 233179
6500 468697
2700 251051
600 990763
10000 722471
6800 525652
6600 78850
5200 618000
1900 365411
5600 156626
1500 777764
8000 155517
5700 439764
7900 53801
2600 959990
6700 693604
7500 332416
4900 751406
9900 286557
5400 487355
9100 546539
500 483637
6800 928254
6600 199736
2800 654107
3200 285332
8600 312766
6800 238159
1800 949652
6800 551968
1000 139905
6500 961269
7500 978460
200 262638
1600 949806
200 432159
2200 714423
2600 205906
1900 638505
2100 207875
1500 859755
7400 39458
4600 881111
4900 54997
8800 710076
7800 402483
1100 607964
8500 609930
7700 785583
2800 677657
3500 896671
8500 288151
9500 491338
8100 709546
300 568836
100 608433
5900 811986
9300 177147
1900 922927
2800 855310
4700 869323
9400 446305
9800 939399
5400 751649
2000 830714
8800 431088
3500 210607
6400 816417
8500 166565
8100 335166
1600 335885
3100 240258
3700 56528
3700 441376
5400 667143
8000 146618
5600 562049
2200 222378
1300 293056
1600 256636
8800 987836
4900 114
2800 476254
4100 664767
6400 117638
6600 262669
7000 648646
4200 609399
6800 549925
3500 67151
7400 504350
6100 8473
600 874782
5200 368142
3500 667337
6000 348059
4900 398709
9500 794847
7400 502381
2600 42224
900 664943
2500 781527
1000 728495
9800 264655
6700 495698
9000 888778
9500 369908
1600 112300
3300 743650
1200 445582
5300 816097
8100 738620
2700 973925
5500 565240
7000 977050
7800 38133
3900 740319
3300 15388
9900 655558
2000 370122
6100 887766
2200 741456
100 618377
4400 528882
6600 988046
400 508009
4900 418696
2700 447585
5500 286413
5900 915963
3900 543591
7000 598860
3400 645911
7400 894876
4500 833677
1400 685545
4300 530609
7900 187937
4000 474782
5300 871531
9500 46817
9400 573471
6500 502590
8600 211593
400 672172
9300 158954
2100 458132
6000 325623
8200 604181
6400 43736
6500 362371
9400 244458
7500 841956
1000 464254
2900 276274
9500 297816
2600 593883
6400 506352
1500 419140
3500 480180
6200 327874
4500 148612
4500 728607
5400 607221
2000 565211
700 786703
1300 952552
6300 294351
9100 847725
7400 629542
4300 266181
4200 561719
3000 589629
5300 400157
300 503001
4000 348643
3800 446671
7300 360906
8900 872778
3100 916678
1900 478952
5600 930049
4700 11261
3400 780951
1800 108430
9100 443993
2300 964503
6300 582346
7200 62406
5400 330661
3100 740989
5100 878228
6300 51412
9900 189178
1900 372436
7200 510571
9500 455549
5400 393967
1500 260289
2500 366019
4100 552583
6900 740119
1500 810281
9300 317200
3500 910518
8100 796616
6500 639920
400 993545
8100 160783
9000 880214
8200 532285
4300 630307
6400 669976
3300 313047
9500 893812
7800 768593
1400 78422
