797 509536
6500 809466
3600 230026
5900 87181
8100 994182
4400 664179
8900 996994
3200 881794
2200 706333
1900 34246
4600 662062
1900 577147
7000 759291
9700 35862
1700 976643
1100 492925
7400 289973
6400 479498
7300 932407
4000 376908
200 779296
8900 904581
8000 430717
8800 69613
3100 198544
6400 177325
5200 811660
5000 799590
8400 102235
5600 114664
5200 338520
4300 489019
1200 100373
4800 232793
4300 817878
2200 587953
6000 863700
2600 430054
8400 276220
1400 762830
8200 442349
4700 177396
3400 720766
1500 569111
4300 318645
5600 486377
5300 253713
4300 400592
6700 825537
7400 996264
6200 411562
1800 283774
6800 528293
5700 883607
4500 262334
7300 878375
1000 79222
2300 988635
3700 405762
3000 75088
2300 607179
7400 685721
8700 364780
7300 887356
2000 788727
6900 700405
8600 847472
7900 824179
4900 111120
4100 803670
10000 613699
5700 747639
5100 95723
3300 437408
3800 992539
6500 254031
8500 116124
6000 621816
9400 207915
7200 163840
4500 443257
2100 924419
7900 954154
7700 285518
9900 619863
3500 479717
4800 356364
700 519039
2600 565706
9600 854597
10000 204614
6200 785239
5500 555688
3600 125894
3800 860749
2800 734299
4900 512070
1800 354959
2200 183127
7700 181905
8600 540152
8500 46659
7700 882263
1400 883261
8600 978837
8000 113737
5200 40004
5600 653413
4700 31344
4200 723972
2800 633107
8900 767885
9700 616286
400 685403
9800 378935
9700 88699
3500 712053
2500 824305
700 471526
8600 674803
5100 705035
8500 933548
10000 130518
4800 726651
1700 807410
2400 340977
5100 281787
2000 32535
6600 67266
7600 885861
9900 635082
3500 660428
8100 524110
5800 414126
9500 597689
2300 763104
4900 217772
5500 245871
8600 542331
2800 288344
3100 213296
9600 151054
1900 189895
2400 726007
5700 875376
4900 203312
5000 650769
9800 677445
2000 880449
6100 839737
4400 134798
200 702532
3600 626296
7900 528528
1300 717236
3800 640380
5900 918505
8500 951897
3600 364918
6100 495663
8900 675627
10000 517113
3800 649867
2300 210404
6400 308944
2400 198037
1000 108647
8900 444256
2100 218864
9200 525905
6600 237759
4500 670887
9600 60702
4700 428372
4700 605449
4300 249023
5900 116656
7100 762306
3100 24888
100 361579
2600 981498
1300 534911
7700 359747
200 81971
1500 833811
1800 359986
9900 5214
1700 628058
200 14030
5800 534334
1500 119038
5900 362661
7300 953024
1200 587337
8100 772121
2300 968730
5300 895104
5900 471161
7800 292194
9700 168573
1400 573793
1300 958961
9400 156112
7100 577172
8200 351289
6300 179031
1200 8855
6400 261091
9700 922396
8200 16913
10000 274284
8400 147439
5700 146656
9500 982850
2300 52805
3200 179390
5100 388826
5000 674576
7400 854485
4600 467157
7500 904223
9300 241696
8300 118099
3800 118968
7800 278723
4100 215319
4900 657651
6100 619500
7800 466652
3100 691930
9400 48299
1700 821751
5600 49791
3600 279694
6400 664558
7800 725533
7700 620096
6000 947864
5800 486323
9300 951780
8900 518517
5400 380956
2300 352877
4400 832080
7300 921907
9700 916097
3100 590548
2300 248423
8700 711375
1900 54507
2200 176794
4700 350189
9600 765405
5300 231487
7100 284853
4600 927591
1600 808051
10000 595553
9000 978523
800 573339
8500 563110
4800 700152
800 209664
2600 845902
1500 779594
7500 300264
7000 672537
7400 119364
400 545653
5500 114005
2900 930331
400 754434
6100 455484
700 884581
6300 627644
6900 154638
6600 242995
6400 830398
5100 908783
1900 898988
2900 925872
6100 12547
3500 523499
3000 647970
3400 344520
1000 358427
8900 521316
4300 733172
8300 602064
3100 134633
8400 698128
700 290536
7300 120476
200 92947
4300 293154
10000 58754
3600 443138
6000 102654
4200 312273
9100 473863
2100 673431
9400 420495
6200 408081
4300 525117
3400 233647
5600 179435
6700 307735
6300 409449
10000 836576
2500 93879
2800 659032
7100 715151
8000 448639
6000 488920
6900 420938
8500 331252
4200 846496
9100 628787
2800 931040
5300 791582
8300 972762
8300 112045
3200 18833
4000 848465
6500 156864
6100 290987
4300 512849
5600 500435
8900 79271
5000 638418
1000 55446
1700 959592
5900 587685
6200 811207
1500 202515
6400 412629
6500 376975
3100 167150
900 747135
3000 526880
700 648954
9800 499118
7500 330318
5300 719310
9900 411899
8800 81067
400 154549
2100 724515
5000 675430
3400 248521
5100 328617
5200 385892
2800 673040
3700 685743
8800 997472
8200 526359
4700 982160
7700 942016
9200 564174
8800 734145
6300 1081
1200 276387
6000 809383
7900 485029
9800 924897
7100 877307
2100 558627
2900 715531
5600 506397
1100 130606
8000 677172
4600 630901
1100 532097
9700 830562
4200 569553
6400 705194
8400 905763
8100 994042
4000 908013
2300 680175
9500 293976
4600 148124
3200 560063
6400 547464
3800 438516
1100 262957
5700 591099
800 73275
4100 589325
2600 702226
9000 52631
9700 856843
7400 224248
8800 921328
200 874950
7500 599296
1000 54282
100 623660
9600 313535
800 794333
4100 643223
2000 847851
2400 88758
9200 755047
9600 27381
2800 449682
7100 325792
5600 696932
1800 921529
700 854598
6900 645491
1300 98328
100 708023
8600 796716
4100 876386
6500 940553
6100 210181
7400 309545
300 441124
6000 209723
7700 732856
7600 569633
9300 15917
6700 187251
7400 87652
4000 304379
1000 720434
8400 955959
4700 189344
500 718683
4800 423721
9500 236236
2200 670206
1400 630757
9600 442053
1400 437430
8200 794710
4100 791488
2000 732477
3200 899450
1200 298939
9900 591055
4700 82117
5300 881886
3300 582595
7200 764345
5600 548690
4300 480166
7300 245571
3900 912289
7500 886362
8900 366488
2900 128591
3100 824238
1200 652496
7900 856120
7200 654525
200 998851
200 574187
5000 422220
2800 428898
8900 855302
5700 902815
1600 291352
4100 143635
2500 756124
1800 631841
1700 764130
7400 434084
8200 950058
2200 246567
5000 442030
400 117483
3900 159126
5000 160420
1300 227009
4500 890428
2700 952131
400 367823
5000 730849
9800 421806
10000 13783
7900 873244
8200 869074
6700 275284
1500 889783
2100 838593
4300 784218
2200 80515
7300 10120
1200 858481
900 182589
1100 475410
6200 210030
1900 932771
4900 757313
4000 666516
4400 438928
8500 333131
5300 856234
9800 521503
5300 114386
2200 427550
3700 530046
7700 714567
8400 220441
2600 623249
2600 545537
6600 985315
2300 98634
1200 591641
4600 692793
800 598918
2600 942025
3600 187948
2100 167466
6600 621701
8400 586749
6700 856766
7600 463705
5300 770935
3600 688201
7800 585540
1300 399692
4700 522351
8800 869332
3800 811891
9200 619975
900 728258
6900 464769
4100 130433
8200 628368
1500 977415
9200 514039
1400 890209
9700 407979
3000 529937
200 546073
5900 489802
7700 820830
1700 882294
6300 415821
8600 140080
9900 228589
4300 983178
5800 864377
4200 414281
4100 683294
1700 738468
6200 316416
6200 38984
5900 132725
8100 441495
4900 154120
2200 360740
1000 149304
3200 995384
8800 658678
6300 443857
4700 854891
9000 367454
6300 546095
2100 503236
3600 701267
1300 75036
8900 517720
7100 149042
2200 576566
7300 81288
500 382230
2900 414609
10000 240600
1200 507894
2900 745550
4100 33748
6900 494335
1100 976636
3800 289573
3400 216626
1300 629039
9400 233007
1300 739392
5400 794655
8600 239214
9000 18276
7800 479236
7000 597393
7600 446016
3800 991343
3600 979862
2000 126971
5600 488427
4800 787366
9400 108314
3900 118804
4700 178419
2000 808414
9400 621495
4200 691984
300 246749
3300 337451
4100 680401
6000 148580
3300 230447
9600 111139
3200 625804
9600 42117
7200 660718
1100 124763
1500 849103
3400 755689
4300 116830
3900 697192
8100 403325
4700 762756
1000 671044
6000 781982
8100 494589
3600 131851
300 883942
4000 865747
5700 657778
5000 463987
4900 422088
2400 248027
3800 628290
3000 172657
4400 381744
4800 994125
2900 776659
3300 381563
5400 929954
2100 590780
7000 823176
10000 645828
7800 628067
2600 785661
700 623687
100 537795
3600 530873
100 507751
5000 433973
3900 130605
1800 678185
9400 525
7400 10487
6900 703925
6300 351031
800 441669
5200 123890
200 231825
3500 297128
3200 983843
300 966091
6500 113527
5200 732802
2800 480382
8300 503975
1000 392155
8900 296073
4500 994729
1200 40683
5700 364722
7000 644995
6300 853177
5200 111292
6900 109426
2800 890548
6400 800325
1200 510015
2600 84430
6100 943906
8000 277216
2500 79321
1300 701309
9300 443345
6100 564831
8800 521838
7200 60403
2600 728711
1200 371993
100 399333
1000 166181
4700 32264
7700 84321
5800 492130
2500 125449
8000 449561
5400 424333
6100 238473
3000 469970
5900 944704
4300 731826
3600 111169
1100 118967
700 27266
5400 267108
7500 396077
300 420140
8000 777634
5500 546873
7000 751092
100 351270
5500 233960
2000 75461
5300 811577
3300 820251
8600 338326
200 471071
3100 74338
5500 828030
6500 80628
1300 686938
6700 303637
200 39494
8500 337220
8300 166284
6700 830005
7000 178471
6000 508557
6400 58569
2300 118952
6000 39702
4600 876436
5800 749927
8600 851091
3300 843273
4000 137693
7300 33531
9100 113371
6600 621108
4400 395117
6400 548250
3700 65894
7700 635659
2600 656586
4100 212056
9100 462551
9300 177605
2400 778425
1900 915659
1100 374612
800 705623
4100 460734
7900 215432
1700 593985
10000 749556
6400 185374
7400 394339
10000 77509
8400 840275
2200 917535
4400 489267
7900 614660
700 301224
1800 929221
9800 627466
9600 676963
4500 88552
7900 90837
6200 79808
8800 69639
3000 333576
5800 107413
500 182056
3200 890260
7300 880829
3400 371850
5900 765528
3300 783345
8200 613373
2600 379064
1000 32421
1600 938946
2600 256956
1900 799332
1400 60899
1700 284331
5400 761647
4800 56980
2900 84072
2600 131667
9900 875275
6400 290509
8000 925321
8800 523933
2700 640902
7500 417363
7100 428378
6400 710576
1300 148563
700 742891
4000 128306
8700 457775
300 165929
7200 263386
9100 524963
4500 224064
