522 914575
642600 979445
877200 690081
344700 190629
349700 47202
777500 894325
398200 804784
841700 302156
193200 735902
572800 78537
385700 330739
691800 329211
967900 238506
334000 686568
186800 660016
794000 296263
459300 601449
699100 890310
335500 177068
143100 8580
175700 449218
493400 594328
367600 829355
622100 899080
592200 531545
851100 34067
546700 338674
469100 206504
983500 262034
496500 959980
122100 45895
250100 948152
832500 147731
930200 248153
989600 119022
748900 208399
60700 766466
443200 831502
396800 628333
747500 233792
8400 987010
969400 27328
735400 624712
840900 216480
264300 928121
195100 723492
442000 328197
860700 497925
216700 560717
343800 89200
698600 216104
648300 823620
980600 790881
685800 345559
655300 488502
355400 422962
232500 697435
927900 120464
732700 482549
983200 386595
820000 778720
765800 890639
999200 849130
646700 298989
795800 602581
660000 347466
147300 811929
977500 412581
977000 999455
371800 504628
680700 419335
189800 91552
653000 715811
956900 414148
338400 656954
891300 880114
631500 703686
933400 550382
139200 278326
100800 333553
96200 214957
485000 248231
206100 621185
158800 664305
298000 357564
189000 670052
874700 390943
174000 347593
746900 977370
251600 20443
600700 469525
329900 430412
716300 6699
357100 958976
745500 482217
359000 179343
442700 883220
134200 104584
423900 454496
587500 122601
125800 571449
337700 480040
742800 138238
245500 273517
165300 34433
176800 911957
730700 576456
687800 452977
536800 601999
488200 473541
182600 973764
326900 851401
209800 58698
676300 801515
541300 981495
652300 514571
20600 758357
590400 53310
141000 335844
761100 497484
41000 193559
926200 401394
894900 41107
854600 832737
798700 404979
230600 994685
929100 905542
654200 799134
109400 852751
208900 10898
572900 710212
996400 238297
182300 640720
529700 882280
491700 344338
717600 798183
796500 635740
354100 829555
300 963316
825600 66013
761100 853974
493100 402024
960900 816176
30400 891151
419900 899876
882500 168893
393900 593737
437400 338323
684600 115819
115400 165157
81400 886343
188600 291197
310000 611856
170900 953879
547900 572461
301400 569123
974400 265400
709400 429447
902000 9152
396300 979674
782900 998984
993000 585322
666500 72646
938500 739191
135300 157605
711000 374453
335600 90243
769400 531854
229700 313075
983100 890974
872000 891837
69500 9845
715400 451673
530600 387865
552400 160952
123100 915329
235300 646331
569200 648027
341300 193081
843800 765063
985800 847358
26600 147801
609500 818374
480700 105051
486800 489478
980900 311304
700700 582308
299200 164499
965000 171706
839900 977822
369800 941015
638100 867267
228200 450237
711900 836111
992600 553444
978800 309826
994400 683702
188800 876944
565500 53521
448900 566946
113100 756616
244500 701654
443400 183522
485000 322683
254200 275226
74100 102486
610100 869661
853200 876961
356800 381903
27600 314758
977200 205766
325900 453224
583600 713741
205400 989018
632500 655395
694900 565925
505600 417850
637800 632711
908300 48184
979000 552559
594500 108345
26800 912322
750100 220555
877200 661785
667500 691312
866500 432321
492000 753696
251600 244857
714900 850948
380700 444535
159100 356284
308200 351268
89800 483674
84100 270939
959300 263717
600300 556334
276800 856471
96500 681121
108300 59103
236600 751149
573200 175776
748800 242238
306400 802736
677300 678070
212200 21274
663200 11560
745500 94748
188000 476061
588900 486954
532000 102034
673300 626345
109000 139640
821200 433717
313500 908211
703700 291483
214400 488668
177800 700256
434500 264127
639800 98808
932800 985758
456600 984591
637100 476076
580500 504964
927900 668370
330900 990441
832900 118125
342900 910661
524100 321166
487000 669394
431400 179513
90100 962687
674800 936614
996500 234222
112200 975748
223400 648311
299700 382193
983800 403172
700600 820803
371100 242547
913600 685442
834300 913431
742000 482923
584300 453239
631400 177903
890100 512622
853500 345777
827500 373321
217700 291404
626100 832972
409300 188747
156200 728237
169800 764271
483600 20504
942000 45101
474300 635433
389700 711277
811000 238645
948700 613324
24600 653889
552400 425243
425800 117961
838900 783581
78900 314619
468800 286477
389900 284025
991300 626134
192000 233179
106500 468697
472700 251051
770600 990763
250000 722471
106800 525652
326600 78850
5200 618000
631900 365411
445600 156626
311500 777764
138000 155517
375700 439764
67900 53801
852600 959990
296700 693604
47500 332416
24900 751406
219900 286557
895400 487355
199100 546539
650500 483637
526800 928254
106600 199736
42800 654107
693200 285332
678600 312766
286800 238159
541800 949652
976800 551968
971000 139905
696500 961269
47500 978460
680200 262638
451600 949806
300200 432159
622200 714423
932600 205906
641900 638505
472100 207875
361500 859755
567400 39458
824600 881111
614900 54997
778800 710076
137800 402483
321100 607964
248500 609930
857700 785583
622800 677657
513500 896671
268500 288151
519500 491338
758100 709546
990300 568836
780100 608433
235900 811986
719300 177147
811900 922927
152800 855310
974700 869323
829400 446305
779800 939399
365400 751649
502000 830714
868800 431088
773500 210607
446400 816417
68500 166565
578100 335166
421600 335885
813100 240258
243700 56528
233700 441376
645400 667143
958000 146618
25600 562049
32200 222378
841300 293056
101600 256636
778800 987836
214900 114
882800 476254
674100 664767
16400 117638
496600 262669
827000 648646
454200 609399
936800 549925
123500 67151
27400 504350
936100 8473
110600 874782
495200 368142
603500 667337
246000 348059
404900 398709
699500 794847
497400 502381
322600 42224
380900 664943
302500 781527
861000 728495
229800 264655
556700 495698
579000 888778
999500 369908
901600 112300
263300 743650
231200 445582
885300 816097
888100 738620
642700 973925
935500 565240
507000 977050
417800 38133
673900 740319
453300 15388
929900 655558
772000 370122
86100 887766
592200 741456
760100 618377
14400 528882
896600 988046
710400 508009
614900 418696
232700 447585
855500 286413
485900 915963
813900 543591
497000 598860
783400 645911
627400 894876
14500 833677
221400 685545
174300 530609
887900 187937
394000 474782
455300 871531
949500 46817
699400 573471
886500 502590
388600 211593
750400 672172
149300 158954
922100 458132
306000 325623
98200 604181
906400 43736
436500 362371
789400 244458
317500 841956
231000 464254
142900 276274
99500 297816
12600 593883
436400 506352
271500 419140
933500 480180
236200 327874
434500 148612
804500 728607
665400 607221
652000 565211
480700 786703
661300 952552
626300 294351
829100 847725
877400 629542
464300 266181
334200 561719
913000 589629
395300 400157
680300 503001
304000 348643
133800 446671
477300 360906
388900 872778
793100 916678
591900 478952
865600 930049
354700 11261
743400 780951
731800 108430
739100 443993
782300 964503
196300 582346
497200 62406
385400 330661
303100 740989
585100 878228
526300 51412
749900 189178
81900 372436
367200 510571
479500 455549
155400 393967
921500 260289
292500 366019
614100 552583
396900 740119
501500 810281
199300 317200
883500 910518
378100 796616
586500 639920
850400 993545
788100 160783
849000 880214
208200 532285
194300 630307
116400 669976
393300 313047
609500 893812
697800 768593
471400 78422
