565 61406
200700 948904
569400 496339
714000 935578
592100 961702
839800 431941
586400 903449
885400 896210
30100 57823
365100 207713
913700 850913
966000 443076
971800 459580
723300 120450
795700 367937
11500 976853
596200 885940
26400 358764
118700 37070
220000 878506
898000 563772
656200 238565
714100 599261
127200 848935
173000 316039
932600 301489
930600 592130
628700 85683
333000 826187
165600 959957
430300 107283
781900 396402
566300 172158
838200 219799
852900 962085
325700 174985
624800 660116
951600 823036
863600 199500
383000 200604
103200 82882
524700 360264
374100 241374
476700 933394
60600 411454
507600 849728
977800 263216
243300 25870
290200 593083
698500 104362
916000 156823
818400 229367
121300 193200
772300 731787
975500 204775
926600 926768
419200 334033
309300 278886
498500 667254
854000 955872
902000 537171
619800 797379
268700 901656
139500 895530
177400 241259
405800 120548
434500 522404
485200 553780
582700 47759
6300 704016
874000 700141
685900 831715
264800 602227
76800 884556
571100 918601
771900 351581
893900 59276
777300 355420
56400 958924
457900 908229
567100 53647
849600 406853
973100 786700
681300 351489
426700 1009
632800 956045
712700 502366
557000 244214
521800 483112
412900 244921
455700 88151
76700 836617
165900 125991
591200 13773
577900 283211
273600 652767
925000 435877
69900 445198
138200 700752
691500 591581
61100 22743
499800 924290
230600 85754
322200 251496
89300 777840
287100 729517
560500 639968
88400 1316
62000 722791
858600 569429
785100 466837
836200 470200
172500 110319
484400 122558
29000 748975
832700 655368
647700 933567
527400 818733
474300 835010
688600 813433
626600 809804
206600 375784
88600 615908
895000 475375
489500 451401
595200 232116
289300 810090
477000 516625
145000 115437
115300 346197
914400 249833
754400 320066
805700 292075
624300 363152
370100 253173
414900 923625
770300 681082
216200 663275
222400 255396
634100 561833
280300 666191
417200 177962
994300 133003
727100 907113
887300 731869
418800 163219
962300 587710
872600 402828
58100 886427
280100 84586
900400 156563
84800 796088
963800 984380
492000 494325
978000 526559
806600 409683
828000 638519
55600 466040
410700 797110
381700 56256
997600 479425
882900 569657
975900 912879
812900 255845
181100 422925
500 295100
156400 361437
647300 958951
306200 482642
198700 867782
28800 584853
727600 612395
996700 592644
798700 627485
781600 744173
300000 380822
186500 937560
715400 861701
643200 675578
916200 34893
166600 931715
67000 232708
856600 138193
183900 55413
967200 752826
792300 179230
445400 526023
158700 995571
671000 872435
971000 60377
12600 809904
530100 927532
626700 684066
975700 853369
578700 132130
420800 378437
456300 840700
940400 536836
69700 255793
104200 874402
204200 666934
480800 196926
541400 688307
925600 927850
887900 231814
574300 397421
291000 858429
292600 2817
911800 440607
188500 884565
443100 95716
555500 771915
618000 953336
999900 3899
659700 433596
809800 723631
718200 463685
573100 677221
198200 304923
760900 811472
271300 915579
717300 832663
211900 388374
840500 719829
549100 457424
117000 741655
343600 291202
227500 42849
731900 431544
843900 251497
284300 579251
236800 374363
177900 647591
971400 977619
166400 874047
660000 204454
534900 806421
33600 71129
226500 80250
436200 517480
124000 502452
639600 83969
758600 360442
758500 7238
559500 514234
307700 836879
293700 565972
620300 11302
471400 343133
624700 684809
17100 163933
66100 570411
356900 60113
11200 13299
34000 246505
948300 37243
639900 243659
788400 562962
11400 50830
361200 896891
912000 218112
703200 553516
126500 462945
961900 590672
753700 589030
553800 968069
17500 968631
164600 458655
687900 2737
295000 510499
360900 540068
781800 153997
191200 590805
806500 924042
498700 741886
74000 728446
608700 590090
963200 234368
257900 866201
964000 218009
313000 269250
851300 265609
537300 87500
930100 841090
860700 524339
766500 588779
19900 313386
589400 920222
724900 757843
356300 767978
225300 188168
688900 209425
905500 350166
323000 892427
207700 169597
287500 471170
635600 830449
485400 514260
8400 489116
626500 191445
484700 437146
649700 604618
468600 277307
843100 632302
790000 508932
746700 43185
269700 612462
327600 29236
568800 113894
510500 642574
510500 588747
263500 906570
484800 434804
371200 571431
125200 396775
442600 824534
822500 778211
179800 816320
7800 35863
200600 314110
685600 900904
659100 383967
108500 259951
295600 170661
568200 37241
772100 199496
894200 794117
845600 543345
660400 969418
548800 288768
930900 356270
420100 497159
323600 314192
782500 88973
484000 135615
98600 435405
538100 872064
112900 222196
49100 924428
476100 969190
521400 999247
989400 3641
603600 653227
925100 269112
57000 98675
950800 908513
457600 248880
728400 24360
279200 80415
235300 823602
940300 812401
205900 589275
93200 833354
90400 478576
952200 353923
190700 132150
378600 408041
400900 253409
509100 75323
341800 429341
796100 248047
476600 699401
237900 333549
222100 598199
402900 205587
869400 976942
405500 725487
132100 432360
246700 35336
778900 278740
157100 494806
316300 473365
728800 685317
211200 164289
273200 629879
639900 67234
953000 944063
593300 173753
505600 547110
141100 789366
938000 317673
155200 385793
823600 608569
454900 878837
854800 955642
106300 301727
631600 157060
921600 388163
948000 513637
346900 910424
748600 142238
627300 412615
924300 538465
604900 791535
823900 30298
919100 999524
422000 380835
531200 13740
753100 613837
422100 496129
123900 378718
59800 68177
227100 839950
379400 202305
592800 225161
505600 586662
100100 168304
404900 161610
676600 386647
218700 384301
506200 593865
119200 492865
432500 990591
728500 426797
981000 128877
160300 374220
833000 594166
930600 66987
956300 651826
468900 896782
612200 373615
903100 21675
463800 242669
340500 444269
621000 350753
201000 586610
834300 335603
573400 775950
564700 568512
659100 500742
862800 664856
763900 262102
987100 179393
299500 980460
176100 423026
127800 305450
407700 513497
616400 424808
711600 519574
794300 877679
420000 680637
436600 902591
40100 365720
649700 832970
399500 249187
694200 828983
105400 189966
23100 373664
275700 298815
33800 224276
843100 539789
117600 706261
417700 535622
199000 962779
225900 298026
166300 732560
398200 650157
90300 223250
650000 230009
858500 759733
823200 57578
733100 689150
614500 146064
789300 166760
882800 521584
197400 240419
55100 269124
227100 49232
927100 972342
207700 53894
710700 483881
249900 820113
234200 20464
309400 937965
854500 899605
449500 100175
735000 999700
273300 415901
324600 494877
494400 58481
869300 599509
663900 105306
597600 572245
757100 517338
361400 882346
313000 924265
662000 654355
949300 950576
201500 121927
661800 640911
384700 995180
673800 790041
61400 23265
743600 369875
376400 218101
901600 491064
166200 445933
463700 175351
950700 459778
850100 79539
482200 858784
409100 627778
767900 423977
842000 205807
29800 231536
654700 10873
523800 446911
374600 861009
699800 441297
862400 411360
77200 230424
361400 705471
924100 626424
297700 785724
682300 54602
171500 950812
159900 140634
371400 834003
317900 997674
780800 951822
435700 703277
979300 814762
126200 408588
323200 452154
40800 391205
223400 823940
921200 433607
499300 819524
674100 564599
133800 870697
417900 697645
464000 951315
413800 754392
481500 210651
824000 109206
450500 201995
816200 198973
358900 210593
811100 756437
303500 978193
714800 288732
456900 95104
881400 365120
643300 173578
725100 992232
442400 244348
431400 522156
692100 165402
354200 169560
689600 848987
142300 712173
894400 496424
232000 619680
598100 159201
501800 378714
939500 256407
364800 770486
996500 117651
680900 740805
545400 411022
425800 878093
897200 213431
866500 178886
132700 199920
392300 508124
794300 381905
