797 509536
356500 809466
693600 230026
535900 87181
58100 994182
314400 664179
958900 996994
23200 881794
632200 706333
471900 34246
264600 662062
1900 577147
77000 759291
839700 35862
861700 976643
761100 492925
427400 289973
406400 479498
887300 932407
64000 376908
630200 779296
78900 904581
498000 430717
138800 69613
53100 198544
186400 177325
495200 811660
555000 799590
318400 102235
5600 114664
435200 338520
344300 489019
411200 100373
444800 232793
444300 817878
682200 587953
296000 863700
692600 430054
288400 276220
861400 762830
398200 442349
244700 177396
183400 720766
121500 569111
274300 318645
985600 486377
535300 253713
534300 400592
496700 825537
137400 996264
486200 411562
1800 283774
26800 528293
355700 883607
64500 262334
517300 878375
21000 79222
192300 988635
863700 405762
743000 75088
842300 607179
557400 685721
438700 364780
667300 887356
692000 788727
856900 700405
438600 847472
497900 824179
764900 111120
884100 803670
580000 613699
245700 747639
275100 95723
893300 437408
513800 992539
6500 254031
878500 116124
836000 621816
169400 207915
967200 163840
854500 443257
312100 924419
187900 954154
37700 285518
159900 619863
263500 479717
834800 356364
70700 519039
552600 565706
339600 854597
660000 204614
256200 785239
875500 555688
573600 125894
93800 860749
622800 734299
814900 512070
811800 354959
382200 183127
867700 181905
48600 540152
978500 46659
257700 882263
11400 883261
128600 978837
568000 113737
35200 40004
365600 653413
524700 31344
874200 723972
472800 633107
958900 767885
969700 616286
210400 685403
499800 378935
459700 88699
253500 712053
72500 824305
680700 471526
768600 674803
315100 705035
178500 933548
260000 130518
254800 726651
291700 807410
622400 340977
335100 281787
262000 32535
616600 67266
837600 885861
519900 635082
423500 660428
728100 524110
295800 414126
609500 597689
262300 763104
284900 217772
865500 245871
398600 542331
182800 288344
973100 213296
149600 151054
371900 189895
322400 726007
675700 875376
454900 203312
825000 650769
899800 677445
162000 880449
346100 839737
314400 134798
270200 702532
543600 626296
417900 528528
201300 717236
13800 640380
925900 918505
508500 951897
413600 364918
916100 495663
258900 675627
880000 517113
443800 649867
602300 210404
566400 308944
322400 198037
701000 108647
308900 444256
192100 218864
389200 525905
666600 237759
464500 670887
199600 60702
564700 428372
74700 605449
854300 249023
575900 116656
327100 762306
933100 24888
230100 361579
112600 981498
431300 534911
327700 359747
700200 81971
201500 833811
321800 359986
59900 5214
171700 628058
490200 14030
615800 534334
761500 119038
565900 362661
887300 953024
161200 587337
968100 772121
962300 968730
725300 895104
635900 471161
997800 292194
389700 168573
861400 573793
561300 958961
349400 156112
137100 577172
788200 351289
476300 179031
461200 8855
436400 261091
39700 922396
758200 16913
120000 274284
378400 147439
335700 146656
99500 982850
82300 52805
73200 179390
815100 388826
295000 674576
717400 854485
504600 467157
437500 904223
669300 241696
108300 118099
993800 118968
277800 278723
414100 215319
764900 657651
566100 619500
207800 466652
233100 691930
429400 48299
11700 821751
745600 49791
103600 279694
946400 664558
307800 725533
47700 620096
846000 947864
945800 486323
929300 951780
188900 518517
455400 380956
152300 352877
954400 832080
727300 921907
9700 916097
423100 590548
432300 248423
958700 711375
751900 54507
292200 176794
714700 350189
879600 765405
995300 231487
657100 284853
924600 927591
361600 808051
250000 595553
279000 978523
240800 573339
788500 563110
574800 700152
400800 209664
552600 845902
601500 779594
257500 300264
307000 672537
917400 119364
200400 545653
315500 114005
462900 930331
720400 754434
676100 455484
770700 884581
236300 627644
106900 154638
386600 242995
416400 830398
825100 908783
191900 898988
982900 925872
406100 12547
83500 523499
463000 647970
973400 344520
581000 358427
68900 521316
814300 733172
548300 602064
3100 134633
198400 698128
800700 290536
147300 120476
240200 92947
574300 293154
870000 58754
243600 443138
436000 102654
844200 312273
449100 473863
272100 673431
249400 420495
246200 408081
294300 525117
173400 233647
665600 179435
896700 307735
106300 409449
600000 836576
52500 93879
782800 659032
507100 715151
78000 448639
896000 488920
676900 420938
8500 331252
274200 846496
119100 628787
282800 931040
205300 791582
628300 972762
558300 112045
603200 18833
294000 848465
906500 156864
26100 290987
124300 512849
485600 500435
258900 79271
135000 638418
481000 55446
971700 959592
385900 587685
646200 811207
31500 202515
806400 412629
906500 376975
393100 167150
900 747135
543000 526880
650700 648954
349800 499118
227500 330318
765300 719310
219900 411899
288800 81067
360400 154549
252100 724515
865000 675430
243400 248521
665100 328617
555200 385892
932800 673040
923700 685743
838800 997472
778200 526359
184700 982160
247700 942016
289200 564174
248800 734145
356300 1081
911200 276387
496000 809383
497900 485029
869800 924897
157100 877307
662100 558627
342900 715531
345600 506397
201100 130606
728000 677172
314600 630901
721100 532097
119700 830562
754200 569553
766400 705194
978400 905763
898100 994042
894000 908013
392300 680175
979500 293976
734600 148124
923200 560063
566400 547464
453800 438516
411100 262957
935700 591099
350800 73275
484100 589325
122600 702226
869000 52631
639700 856843
377400 224248
668800 921328
700200 874950
757500 599296
591000 54282
630100 623660
99600 313535
60800 794333
254100 643223
192000 847851
812400 88758
389200 755047
809600 27381
382800 449682
67100 325792
145600 696932
351800 921529
920700 854598
736900 645491
171300 98328
200100 708023
768600 796716
404100 876386
136500 940553
436100 210181
897400 309545
740300 441124
196000 209723
177700 732856
207600 569633
209300 15917
936700 187251
997400 87652
734000 304379
1000 720434
958400 955959
184700 189344
60500 718683
124800 423721
329500 236236
702200 670206
231400 630757
999600 442053
931400 437430
148200 794710
304100 791488
502000 732477
933200 899450
631200 298939
159900 591055
274700 82117
245300 881886
173300 582595
747200 764345
765600 548690
174300 480166
497300 245571
193900 912289
697500 886362
628900 366488
842900 128591
173100 824238
201200 652496
747900 856120
237200 654525
790200 998851
670200 574187
875000 422220
442800 428898
988900 855302
65700 902815
651600 291352
794100 143635
722500 756124
801800 631841
211700 764130
767400 434084
848200 950058
702200 246567
275000 442030
410400 117483
893900 159126
925000 160420
161300 227009
444500 890428
812700 952131
420400 367823
35000 730849
179800 421806
510000 13783
307900 873244
438200 869074
516700 275284
201500 889783
952100 838593
244300 784218
162200 80515
357300 10120
991200 858481
700900 182589
151100 475410
436200 210030
51900 932771
74900 757313
624000 666516
44400 438928
508500 333131
545300 856234
399800 521503
175300 114386
682200 427550
463700 530046
287700 714567
948400 220441
852600 623249
322600 545537
186600 985315
32300 98634
21200 591641
54600 692793
150800 598918
202600 942025
963600 187948
472100 167466
896600 621701
718400 586749
866700 856766
827600 463705
625300 770935
793600 688201
107800 585540
191300 399692
544700 522351
288800 869332
633800 811891
129200 619975
140900 728258
406900 464769
414100 130433
348200 628368
261500 977415
469200 514039
651400 890209
889700 407979
863000 529937
160200 546073
615900 489802
167700 820830
791700 882294
196300 415821
998600 140080
389900 228589
754300 983178
575800 864377
554200 414281
764100 683294
81700 738468
306200 316416
76200 38984
945900 132725
588100 441495
844900 154120
292200 360740
111000 149304
753200 995384
98800 658678
456300 443857
924700 854891
239000 367454
896300 546095
952100 503236
103600 701267
901300 75036
78900 517720
997100 149042
532200 576566
317300 81288
220500 382230
582900 414609
730000 240600
181200 507894
352900 745550
114100 33748
416900 494335
131100 976636
563800 289573
113400 216626
781300 629039
259400 233007
611300 739392
585400 794655
448600 239214
849000 18276
307800 479236
957000 597393
877600 446016
163800 991343
643600 979862
852000 126971
765600 488427
244800 787366
669400 108314
853900 118804
54700 178419
212000 808414
399400 621495
324200 691984
410300 246749
383300 337451
814100 680401
416000 148580
763300 230447
449600 111139
473200 625804
199600 42117
17200 660718
41100 124763
651500 849103
343400 755689
794300 116830
243900 697192
688100 403325
824700 762756
971000 671044
176000 781982
928100 494589
193600 131851
590300 883942
674000 865747
65700 657778
405000 463987
694900 422088
222400 248027
903800 628290
593000 172657
574400 381744
564800 994125
702900 776659
573300 381563
735400 929954
32100 590780
637000 823176
800000 645828
57800 628067
662600 785661
550700 623687
940100 537795
923600 530873
590100 507751
855000 433973
653900 130605
191800 678185
339400 525
557400 10487
606900 703925
356300 351031
290800 441669
675200 123890
120200 231825
183500 297128
543200 983843
200300 966091
86500 113527
215200 732802
662800 480382
748300 503975
491000 392155
628900 296073
844500 994729
101200 40683
155700 364722
957000 644995
526300 853177
105200 111292
46900 109426
552800 890548
826400 800325
971200 510015
762600 84430
856100 943906
418000 277216
292500 79321
11300 701309
39300 443345
216100 564831
548800 521838
247200 60403
12600 728711
961200 371993
490100 399333
841000 166181
554700 32264
537700 84321
285800 492130
952500 125449
888000 449561
225400 424333
206100 238473
783000 469970
715900 944704
654300 731826
253600 111169
841100 118967
780700 27266
835400 267108
47500 396077
190300 420140
98000 777634
115500 546873
517000 751092
160100 351270
475500 233960
992000 75461
255300 811577
193300 820251
138600 338326
570200 471071
683100 74338
425500 828030
376500 80628
811300 686938
316700 303637
10200 39494
838500 337220
118300 166284
896700 830005
387000 178471
366000 508557
396400 58569
72300 118952
306000 39702
854600 876436
715800 749927
318600 851091
53300 843273
64000 137693
567300 33531
859100 113371
116600 621108
944400 395117
776400 548250
533700 65894
687700 635659
602600 656586
864100 212056
769100 462551
529300 177605
302400 778425
391900 915659
381100 374612
90800 705623
864100 460734
357900 215432
431700 593985
20000 749556
356400 185374
667400 394339
60000 77509
788400 840275
302200 917535
14400 489267
167900 614660
520700 301224
401800 929221
489800 627466
969600 676963
464500 88552
147900 90837
546200 79808
208800 69639
213000 333576
5800 107413
530500 182056
693200 890260
177300 880829
413400 371850
315900 765528
83300 783345
48200 613373
682600 379064
531000 32421
791600 938946
92600 256956
361900 799332
671400 60899
961700 284331
65400 761647
554800 56980
352900 84072
892600 131667
39900 875275
976400 290509
188000 925321
708800 523933
12700 640902
637500 417363
877100 428378
456400 710576
71300 148563
870700 742891
244000 128306
408700 457775
620300 165929
837200 263386
869100 524963
184500 224064
