12
96408960242550953259810537006513176607194226976787193152625143764053666310644842239403611472013130533274744128703042535467232514334190414564654927214825468330634594495335983896611321001629889613741762587958021601305199937547102112366751870767482785933192160838861885462320991303266072205241925271284901576214959421974105426561336857907644337470215428988866168838083062236937133549143221596707231155006420091735515081672092155997422462954977835587416147608243988876956799720871380748902524898217980402851008015995166538128933819028149415563023171389957918363570077033013321688190963877853245383975180739064855421485262051973544976662141332792524686345186938138275585575314679710973022693133139155094170182433563264545516168221322390977683042800652096644217914001809962564174752887635902418780461646113739161805753424051794938884309008206041361491141523620564848070018695208477087 368 328
870467125579906179659646629988870847781282194734767622080056391785875866207608279649681214669414786851761651191979911843294109638179621079756680888425128014487279174181368824005469606736828365699694357518727643583584800931195900277061202868333170269433509323804061709300409291368826886857901633279017071655677660870754911 350 371
17909818971257645614435527966292128947392122568072812732458795908901373154736389905984410951293047928726941931877009429354443981462277160775767906604990657221502093732226901202039002220545539505220093029889004369139941188410723077197521784174403834056089180807 336 269
415060096535087024265783514182151798971800113706794931304089346576224965122755158863133400064816290773098682129203036692963670653730635293866292108084511478826405629530271704173416985132375477757218065198715447898340413598331419871308882128548665714233425570735213941747257030740775187945191535831353338955776030845087099690031145239731956570303491195602904795458438977157833794256883135383206426650524940194788176 247 57
95841239753457988220138424869539253081732707545293402801252882698400386151100378868023212985715993940625535834069584510760856065624675336195654052103153814959915371722958956082110852519848283899793421439394828291237601663357090399591651154934216682344819346338115403549043554407001555667343566218551704099581411784379261128353290158696539234329064438731488214023233353182265864312410794691480775861554082655576504193110711874469429770400833162 238 371
46538936206158963164813318055713511222576519552514343178367737377693097446759953163870537654538295118749642213293240617796434969408218403013710253129597156397483104152015168169631114553484093108125539094602746407015308350107134962943659236502200292965774159945842374717801082741416388460033941470480111280915972096947280734370937304056347385509553626397338978683465595878360090680286584654027768379746851938958202727737896637328298852035307772838760803483631844078950889076258529266365717340383797525970066166319315431689389324355588411057965167368013114391358928252324755285259023694797627883445578517315377480638435696169210603037260895944213010025375993774950794076321913320884000423106184332547813568025332551630403968768339323779228 29 284
839889514418094037548551940071108 214 337
53547808261308657538747993194258754333794929924061545110315829798242817624888877401006808294436034845442891292851525205840457787885663010242242385712570312511030216439792498513076480296657913222008209155114891977096906065651126118073433918475945434576626445084441069193491163101617397185980794315044124324116642559001538274401151126480144717722089099472158402978579179551679 175 102
7070044922607283741489171304040175164245101532723184829949931172205049723100082449872550350947524151156306216674373505215666579591838697738803151061379281713047983633480060324967205407841696797613233595743756055421154883497646582820307002369386123475124670638714911566136063305235711177553774603063598403630661170194322667610969067941491677865264387964413231361525218541280184209586355954508437244662641314589306212791358733782602607998998720896729579070076073742753885415904456108198381567344785082033908908776626497080928409395560171749108197688710040219082295166656230762604321345323957158065473756485644000916940740325883252846828447083549584126466908132121177577814856581236775664113251102023692792330173478899188488933337638737688431 190 104
21111429844634623243095882866604524954611429912678494538032502655377712579624917723755799462688666379773918282121940479212635970572107419540005323223901831173608703311954432400537541225382661498288483387863066092956231501324049057477750173670000865644668675658596073384261335932028621817443781720891461017838191681056409471458816218555013592021322707863112731088315858159616251009425421385838161043324110513 63 14
394074195855111355968998408459974965586651914385883389475882215171607895437987940405857360353952412673218725545445938239310777322275583314994882462166555666079708471538826086416299195167393828615858058547322723322152724714640007465695509265417949207628741198610868475735662705027026330523050708937217260494639023029277234609908149664301583686174677061463413399240576665999595418942570123004628391839942981317963112936996596273282032658648596414274676122056588839375349403684163002658754302776 150 390
9334302880797694927076232027192495423973118877801681258432933881141883362818508450266086096408462056421327922371412082702572117892987735662567622311750798495291495047756027480212759097914820459397227588023237635794440338457606493319387254134554270412690771525038727074259058524194190233018843792135896303125571496435329349990766831023677634656563124001701689016953367607931513242835994543232792223810492667523196949018742305026093167887391052102354643120010707112325706989546863465908536750761591676394437379293342272926787596013207527153900139152891173128589390992608956787367252001895353837762515087008277529154771583826420913533074614563520844131949843747462495444861246911561195873431723503998485739859600939374266874524282696842829604685998313284485734142208057685544837873319325503748146642627462354425042661045442658916380530670312483 94 178
