9
15585203662044800710680411164452517391497431083951563286162937051418331473138356713414043795779285311492271071527864438098581369461410539819162362546991613420940130420809576987083804871658602248700148192874177639199889799061236063778411146688993953306712123850757553276292516150675848389267861019229689612200368295212339377642252928087458223661967746830756534871191066496585929214820689512527132818195386157909441125475979993786449398228222234297256090063141559439218791514485488827071126241093305527693853118599269740736176273614521866932847010142452683412985251768854197360427725153818188066041202559697830857422636210104897115139132256329931897367079111249775184454092469973405044924172723366426246196189359893070520178506590462557927843527677579190203463789155354006438126017307562564160871121362296000903324872651890620828583278511982772248340173364461875031136548717002579281860117488766793534394807380952750672357811052118114675712428108743094012634549632531215267351279563833699 50 188
43778286140212496843512979708834413026252527557060438258263642004736767395861200638283410262947977801312700027787668868522360371548763910253082995869714990675277843940513408755289339427799760187141786862367109685582064567127081949709228246331145553755126430223002647123893288098359740139703226429926888488248157206869887006966754475337669415019465129964750732085414548412473472418724862256154538624998501063079149882431988284682870544048433396705201465490971087528026079965923884697813720670364336161658955218866073560499213810736666917174443841642346449118638455358030248490032316808931501423246609631152105002404691609778085716230406869475977456048819385481013013146875103626216729529999545997517135987559543992483739449074815557739719790560336061425834232621565310917410279865047637911102899118661221752757617872637132959625442633919436462704592922895643767760417652807051474163890458444940708782058699 130 171
255906307963196373387016847345308861178243667598268469456492153770669168330731371156264870956590113974600516139444489038551299272333631069765583990661275459459695989730507648633642272907833743624624459865173765899195621490197282965532064017180988103611069853279015227813799675163828977454965788066266990285032053468030701056128842769163665160389454881739657621900713083449401693660881264566 48 180
3793901412174133428584199284295470668454947705149794084181807124535715649004643801841165416543208976507634041683616537948531514750897632310818408240703307980499971983675829886762720756656961934929116911833341674907226990166772176427540010617677960107192751929777706801629910021625410889810694593826699067798996073883753769115021641605790895646810245329777855533217132125402518889011744671525995364505124906891495822840790962875132036837584616264127989795237994204002727010869016706587436426752503535069710257690098474243187051889679448582239521035654858912514130524773336785945027556032211405645430103906337042485541600185710071326827968705157963256949867753329014377579519469641873820107094008663164177446799284252807784637629087159315934506116622223335219585135855150763242410461506177685546163987695289660954004679035938156488781430537255279654960014426906328843326948670521694027436901997266741058022595959197593695410395588654907151174244929 171 310
133582393253361773737157256470678443915476632378495729413561146258094165240903183818057822499031142102656432862510921952685342489208504257161799815868023837144532569450037457877673408937805690487383902345605666195645231984673862910010219494598056339154852274961036368842779369585157431510151301889718237459624639490407534963974645226158265604575827882492499800252359690470927799127256852680353247879397458363623195595354800869894369525681524741925534985109463981903380399805132892590867603733651405797749838187917394802455314975890213822301494198999165145594100898867403 175 319
260062223368797749029856347489945070775343200085769272917022380718744442877387840993353865793892920923456278412283109084072910977285916076145845518878693531001050760373576362263427897128653233426793058862096379475351247989362981418412331020882041345891262503960723374864256767518826073337972425262798251087393317406556627580513723009813078209825406923027509372019077012777797156100072519182699162563851681393043086651574837499775139068340471377501965982078635614054389003733398932689810693953711218492431007621619679730696185976570637467362918764185341603454820516130131341006027579344484670275238034481798334024741901220272913556616822279402863472996641880365108072436489620637531234572804826149635418773680763143105754814004266524613177468620116086699406456957096 86 289
2981413872382873330440114778334389697700829385453398987329138089218127556842355631296775775070971954264704835144591432259921891723587871562314990662248663688060179564461842687298097553702380745158522446060400736783501423633174744815948294151260965383406564865353556901008526832585522955403293489528093232957107977027430932737164015044930524088543681235306774608849325941478317829025917800835040754109582665381153060016478023752671815419528708002758461325810624513311457436827452688113155430904314201334511057854681427438458539928406260701086048594956788747144007624069669867451124882521962143874398593449058207732703437529298745208552935915797113034675541876516680062337464375140639228091625491433955014993075388416689287580114019051006200181511310880384301945604555779670020780474666905080933395048740922415671327356382609933176796271806882084109439297135863863624989493081391152354040698142970026359922672132574258 199 28
65802370360484574125459 330 95
91754178322018716134196475980780781775423027066957797267196137376105017954676555902306426777755909759012472282127922320209970891521531648220912408498150441026071043469710187075494395167676222156973151353944225656723272789852038379089979165971639373670998510518628780899 181 90
