385
1 156
2 206
3 382
4 117
5 100
6 329
7 259
8 14
9 245
10 80
11 235
12 375
13 297
14 271
15 137
16 147
17 271
18 213
19 187
20 209
21 239
22 172
23 341
24 228
25 72
26 305
27 89
28 130
29 2
30 371
31 231
32 11
33 271
34 189
35 112
36 322
37 336
38 138
39 86
40 338
41 196
42 162
43 353
44 94
45 23
46 107
47 194
48 228
49 202
50 268
51 113
52 93
53 379
54 228
55 158
56 332
57 377
58 222
59 146
60 62
61 328
62 327
63 276
64 17
65 80
66 306
67 85
68 159
69 97
70 223
71 9
72 375
73 87
74 308
75 169
76 77
77 30
78 222
79 208
80 344
81 14
82 159
83 114
84 78
85 28
86 94
87 329
88 128
89 255
90 211
91 149
92 78
93 296
94 257
95 338
96 265
97 239
98 113
99 255
100 378
101 83
102 199
103 352
104 175
105 1
106 264
107 265
108 170
109 66
110 25
111 352
112 261
113 311
114 224
115 299
117 29
118 101
119 327
120 32
121 166
122 130
123 244
124 47
125 326
126 304
127 228
128 127
129 177
130 40
131 303
132 192
133 178
134 106
135 221
136 150
137 246
138 245
139 99
140 256
141 384
142 351
143 185
144 245
145 121
146 341
147 137
148 149
149 11
150 231
151 381
152 271
153 286
154 162
155 41
156 91
157 333
158 187
159 199
160 334
161 45
162 353
163 136
164 251
165 99
166 199
167 327
168 372
169 30
170 255
171 283
172 368
173 245
174 98
175 120
176 15
177 194
178 11
179 305
180 78
181 202
182 76
183 175
184 213
185 318
186 37
187 220
188 156
189 1
190 318
191 209
192 303
193 163
194 100
195 103
196 224
197 87
198 27
199 205
200 302
201 58
202 211
203 285
204 19
205 50
206 378
207 153
208 294
209 239
210 384
211 224
212 304
213 237
214 248
215 123
216 345
217 19
218 261
219 74
220 311
221 214
222 372
223 62
224 106
225 115
226 175
227 381
228 220
229 306
230 176
231 328
232 380
233 1
234 98
235 327
236 4
237 316
238 14
239 364
240 115
241 40
242 329
243 257
244 274
245 159
246 328
247 198
248 116
249 32
250 38
251 73
252 180
253 239
254 11
255 122
256 32
257 131
258 173
259 106
260 1
261 11
262 172
263 376
264 87
265 331
266 43
267 250
268 48
269 19
270 271
271 355
272 110
273 199
274 384
275 134
276 220
277 354
278 178
279 71
280 17
281 186
282 245
283 204
284 286
285 167
286 29
287 176
288 183
289 344
290 223
291 348
292 323
293 14
294 99
295 250
296 297
297 367
298 62
299 253
300 367
301 325
302 353
303 54
304 130
305 167
306 294
307 89
308 37
309 294
310 357
311 47
312 7
313 122
314 373
315 152
316 301
317 165
318 290
319 137
320 136
321 234
322 333
323 235
324 5
325 177
326 59
327 344
328 162
329 65
330 314
331 368
332 38
333 290
334 171
335 4
336 214
337 324
338 105
339 313
340 254
341 379
342 109
343 14
344 301
345 213
346 291
347 125
348 341
349 264
350 241
351 234
352 74
353 203
354 323
355 370
356 140
357 185
358 288
359 16
360 160
361 17
362 50
363 6
364 282
365 318
366 7
367 274
368 58
369 382
370 101
371 23
372 62
373 348
374 74
375 266
376 114
377 96
378 30
379 248
380 334
381 175
382 352
383 80
384 235
385 201
