467
1 242
2 429
3 46
4 235
5 71
6 224
7 85
8 463
9 77
10 23
11 20
12 187
13 42
14 111
15 239
16 253
17 50
18 278
19 130
20 299
21 464
22 369
23 151
24 246
25 375
26 91
27 158
28 463
29 259
30 250
31 464
32 195
33 273
34 341
35 374
36 331
37 355
38 436
39 149
40 18
41 366
42 277
43 344
44 130
45 366
46 381
47 345
48 135
49 187
50 91
51 370
52 378
53 442
54 51
55 213
56 371
57 193
58 308
59 118
60 370
61 259
62 430
63 68
64 29
65 100
66 272
67 53
68 101
69 99
70 35
71 264
72 341
73 28
74 345
75 97
76 377
77 180
78 63
79 82
80 20
81 65
82 443
83 104
84 433
85 388
86 19
87 438
88 295
89 329
90 86
91 88
92 250
93 407
94 328
95 111
96 396
97 57
98 402
99 276
100 71
101 99
102 350
103 285
104 240
105 303
106 331
107 225
108 458
109 276
110 81
111 125
112 459
113 443
114 190
115 287
116 226
117 365
118 448
119 137
120 271
121 336
122 51
123 218
124 60
125 403
126 261
127 387
128 165
129 296
130 71
131 217
132 418
133 84
134 110
135 214
136 297
137 393
138 350
139 345
140 66
141 454
142 29
143 276
144 118
145 197
146 235
147 244
148 319
149 272
150 358
151 4
152 5
153 303
154 136
155 117
156 165
157 241
158 314
159 41
160 430
161 188
162 344
163 76
164 248
165 192
166 409
167 445
168 125
169 370
170 161
171 213
172 431
173 28
174 426
175 138
176 370
177 242
178 102
179 278
180 287
181 459
182 252
183 288
184 341
185 462
186 27
187 308
188 65
189 33
190 10
191 341
192 399
193 417
194 282
195 404
196 43
197 152
198 330
199 419
200 99
201 226
202 310
203 115
204 427
205 426
206 263
207 450
208 293
209 46
210 5
211 321
212 455
213 386
214 154
215 335
216 87
217 311
218 198
219 61
220 399
221 33
222 414
223 365
224 206
225 168
226 169
227 394
228 434
229 305
230 16
231 3
232 411
233 93
234 459
235 101
236 232
237 4
238 365
239 149
240 358
241 291
242 219
243 206
244 433
245 351
246 378
247 78
248 109
249 150
250 423
251 89
252 359
253 61
254 230
255 98
256 267
257 431
258 29
259 76
260 137
261 103
262 110
263 244
264 259
265 272
266 295
267 182
268 207
269 450
270 140
271 34
272 37
273 135
274 464
275 429
276 280
277 416
278 414
279 454
280 306
281 7
282 107
283 378
284 306
285 355
286 107
287 463
288 100
289 207
290 111
291 332
292 65
293 450
294 430
295 444
296 307
297 112
298 301
299 261
300 359
302 21
303 235
304 27
305 265
306 118
307 47
308 223
309 410
310 351
311 404
312 335
313 370
314 290
315 331
316 56
317 174
318 331
319 154
320 398
321 184
322 44
323 321
324 112
325 315
326 129
327 249
328 211
329 103
330 214
331 214
332 149
333 125
334 393
335 278
336 159
337 432
338 385
339 296
340 178
341 314
342 265
343 127
344 443
345 443
346 112
347 411
348 254
349 53
350 285
351 222
352 154
353 227
354 22
355 409
356 341
357 167
358 233
359 215
360 118
361 145
362 419
363 107
364 216
365 66
366 272
367 324
368 29
369 86
370 184
371 344
372 32
373 311
374 108
375 312
376 81
377 74
378 39
379 299
380 103
381 89
382 106
383 219
384 39
385 412
386 37
387 342
388 344
389 264
390 145
391 453
392 422
393 278
394 127
395 389
396 23
397 184
398 246
399 391
400 271
401 411
402 331
403 248
404 29
405 425
406 103
407 452
408 49
409 284
410 177
411 309
412 181
413 268
414 169
415 39
416 242
417 303
418 30
419 454
420 278
421 276
422 139
423 254
424 322
425 242
426 20
427 108
428 211
429 1
430 16
431 366
432 344
433 144
434 422
435 405
436 7
437 359
438 290
439 325
440 115
441 202
442 113
443 301
444 239
445 112
446 331
447 10
448 258
449 186
450 460
451 70
452 195
453 19
454 68
455 296
456 14
457 459
458 85
459 101
460 70
461 224
462 177
463 274
464 371
465 171
466 270
467 18
