974
1 90
2 214
3 718
4 677
5 956
6 636
7 376
8 509
9 494
10 123
11 132
12 324
13 162
14 324
15 433
16 210
17 50
18 184
19 727
20 35
21 887
22 608
23 909
24 890
25 768
26 524
27 756
28 373
29 942
30 931
31 359
32 764
33 611
34 285
35 729
36 276
37 760
38 907
39 75
40 21
41 395
42 872
43 952
44 360
45 780
46 316
47 420
48 500
49 596
50 7
51 649
52 81
53 758
54 519
55 139
56 49
57 381
58 620
59 347
60 873
61 777
62 829
63 618
64 629
65 255
66 928
67 940
68 368
69 762
70 803
71 147
72 235
73 639
74 921
75 374
76 816
77 480
78 747
79 298
80 543
81 878
82 202
83 627
84 133
85 875
86 881
87 648
88 892
89 965
90 476
91 603
92 395
93 489
94 749
95 839
96 166
97 525
98 532
99 749
100 930
101 104
102 597
103 602
104 305
105 117
106 582
107 659
108 824
109 271
110 295
111 65
112 157
113 372
114 644
115 899
116 496
117 929
118 860
119 627
120 444
121 851
122 352
123 708
124 34
125 644
126 482
127 134
128 877
129 556
130 444
131 415
132 562
133 711
134 81
135 935
136 679
137 861
138 59
139 520
140 308
141 389
142 705
143 706
144 632
145 240
146 677
147 890
148 34
149 575
150 910
151 352
152 659
153 186
154 322
155 777
156 234
157 744
158 10
159 364
160 433
161 922
162 795
163 765
164 721
165 218
166 82
167 780
168 69
169 537
170 738
171 885
172 261
173 258
174 797
175 393
176 771
177 785
178 638
179 419
180 960
181 671
182 248
183 595
184 923
185 669
186 716
187 963
188 271
189 524
190 731
191 813
192 79
193 102
194 111
195 499
196 412
197 347
198 582
199 207
200 223
201 916
202 798
203 373
204 649
205 586
206 790
207 786
208 318
209 628
210 33
211 929
212 231
213 195
214 551
215 267
216 150
217 25
218 715
219 884
220 87
221 774
222 717
223 872
224 455
225 266
226 379
227 35
228 261
229 378
230 519
231 374
232 321
233 252
234 235
235 668
236 267
237 419
238 385
239 283
240 247
241 566
242 821
243 266
244 600
245 746
246 881
247 672
248 166
249 592
250 778
251 745
252 680
253 305
254 28
255 616
256 112
257 113
258 197
259 393
260 963
261 858
262 882
263 763
264 877
265 333
266 362
267 1
268 675
269 244
270 430
271 873
272 785
273 911
274 958
275 609
276 911
277 634
278 359
279 569
280 840
281 263
282 448
283 840
284 830
285 29
286 334
287 783
288 592
289 510
290 634
291 929
292 132
293 436
294 68
295 265
296 20
297 881
298 877
299 875
300 63
301 249
302 21
303 943
304 234
305 545
306 588
307 345
308 768
309 902
310 778
311 673
312 738
313 596
314 724
315 944
316 76
317 802
318 215
319 881
320 324
321 204
322 898
323 424
324 472
325 88
326 962
327 646
328 271
329 817
330 732
331 259
332 457
333 877
334 3
335 949
336 649
337 653
338 378
339 782
340 529
341 873
342 698
343 282
344 532
345 157
346 265
347 11
348 245
349 664
350 262
351 715
352 684
353 72
354 695
355 362
356 572
357 174
358 205
359 265
360 45
361 74
362 483
363 509
364 215
365 969
366 928
367 92
368 906
369 30
370 95
371 519
372 643
373 756
374 216
375 399
376 762
377 541
378 541
379 403
380 65
381 395
382 241
383 297
384 465
385 669
386 672
387 806
388 515
389 718
390 619
391 587
392 4
393 79
394 854
395 670
396 857
397 737
398 742
399 627
400 31
401 346
402 762
403 59
404 737
405 670
406 322
407 460
408 191
409 395
410 840
411 527
412 946
413 749
414 818
415 817
416 857
417 952
418 622
419 159
420 395
421 207
422 649
423 323
424 453
425 744
426 832
427 967
428 103
429 585
430 730
431 873
432 875
433 66
434 729
435 69
436 613
437 346
438 374
439 424
440 952
441 877
442 152
443 97
444 175
445 105
446 230
447 831
448 251
449 646
450 357
451 867
452 485
453 541
454 66
455 296
456 292
457 816
458 653
459 906
460 815
461 24
462 397
463 68
464 476
465 179
466 314
467 712
468 383
469 49
470 333
471 720
472 203
473 553
474 729
475 510
476 91
477 140
478 411
479 320
480 815
481 376
482 216
483 553
484 942
485 127
486 913
487 870
488 227
489 514
490 175
491 204
492 542
493 384
494 726
495 774
496 552
497 216
498 578
499 828
500 1
501 215
502 38
503 817
504 964
505 675
506 313
507 214
508 306
509 900
510 97
511 748
512 12
513 590
514 245
515 471
516 620
517 582
518 285
519 592
520 130
521 795
522 269
523 453
524 760
525 396
526 896
527 955
528 746
529 290
530 501
531 942
532 967
533 540
534 628
535 42
536 780
537 768
538 558
539 813
540 671
541 638
542 723
543 397
544 834
545 652
546 641
547 520
548 919
549 181
550 323
551 963
552 401
553 873
554 374
555 399
556 500
557 638
558 796
559 14
560 872
561 305
562 862
563 109
564 942
565 294
566 877
567 90
568 309
569 390
570 258
571 902
572 582
573 882
574 834
575 654
576 200
577 245
578 724
579 289
580 374
581 830
582 828
583 360
584 534
585 546
586 211
587 783
588 671
589 169
590 946
591 674
592 823
593 405
594 206
595 319
596 907
597 598
598 456
599 878
600 451
601 452
602 611
604 874
605 960
606 781
607 57
608 286
609 569
610 741
611 670
612 303
613 873
614 265
615 50
616 480
617 832
618 503
619 736
620 850
621 701
622 862
623 291
624 61
625 971
626 379
627 532
628 179
629 276
630 372
631 706
632 760
633 944
634 473
635 259
636 234
637 786
638 356
639 236
640 472
641 320
642 433
643 546
644 632
645 314
646 458
647 281
648 455
649 338
650 277
651 357
652 205
653 611
654 1
655 381
656 645
657 946
658 569
659 797
660 575
661 887
662 99
663 92
664 492
665 7
666 107
667 393
668 825
669 742
670 331
671 322
672 32
673 811
674 379
675 551
676 838
677 347
678 624
679 887
680 418
681 524
682 2
683 112
684 961
685 658
686 921
687 491
688 678
689 388
690 552
691 512
692 744
693 105
694 845
695 119
696 78
697 285
698 166
699 738
700 728
701 103
702 964
703 923
704 6
705 942
706 180
707 636
708 322
709 670
710 723
711 359
712 48
713 173
714 688
715 521
716 345
717 60
718 375
719 659
720 923
721 834
722 754
723 258
724 779
725 294
726 32
727 432
728 74
729 492
730 831
731 588
732 897
733 798
734 172
735 56
736 395
737 93
738 801
739 79
740 270
741 418
742 91
743 962
744 7
745 357
746 570
747 466
748 798
749 88
750 54
751 320
752 86
753 483
754 295
755 458
756 428
757 971
758 186
759 241
760 465
761 50
762 611
763 743
764 147
765 914
766 134
767 291
768 858
769 729
770 589
771 729
772 830
773 332
774 105
775 458
776 597
777 930
778 651
779 368
780 69
781 205
782 352
783 242
784 167
785 22
786 910
787 259
788 368
789 915
790 799
791 545
792 674
793 664
794 186
795 418
796 847
797 441
798 792
799 693
800 913
801 713
802 486
803 768
804 304
805 844
806 367
807 852
808 364
809 812
810 493
811 455
812 262
813 566
814 923
815 399
816 516
817 797
818 815
819 232
820 807
821 114
822 325
823 501
824 92
825 569
826 781
827 20
828 393
829 299
830 298
831 828
832 42
833 902
834 222
835 181
836 900
837 279
838 928
839 516
840 802
841 803
842 169
843 103
844 692
845 856
846 132
847 261
848 838
849 770
850 133
851 716
852 350
853 665
854 711
855 484
856 518
857 717
858 367
859 791
860 69
861 529
862 215
863 136
864 42
865 272
866 480
867 801
868 407
869 188
870 673
871 486
872 637
873 208
874 694
875 634
876 29
877 13
878 35
879 23
880 326
881 44
882 104
883 21
884 494
885 20
886 40
887 677
888 669
889 398
890 548
891 174
892 943
893 329
894 257
895 814
896 507
897 245
898 100
899 429
900 385
901 266
902 447
903 2
904 461
905 690
906 473
907 687
908 88
909 872
910 476
911 723
912 768
913 899
914 848
915 560
916 90
917 373
918 486
919 4
920 383
921 395
922 13
923 742
924 39
925 371
926 799
927 874
928 298
929 520
930 11
931 916
932 521
933 415
934 72
935 246
936 915
937 849
938 961
939 463
940 896
941 219
942 529
943 837
944 70
945 557
946 854
947 9
948 84
949 604
950 247
951 612
952 36
953 592
954 313
955 372
956 952
957 709
958 369
959 691
960 711
961 723
962 341
963 345
964 304
965 306
966 322
967 484
968 732
969 787
970 328
971 922
972 84
973 390
974 549
