669
1 242
2 616
3 379
4 619
5 379
6 303
7 215
8 102
9 138
10 51
11 567
12 28
13 76
14 45
15 648
16 653
17 609
18 636
19 152
20 85
21 446
22 228
23 488
24 453
25 261
26 307
27 599
28 346
29 523
30 100
31 100
32 47
33 261
34 638
35 361
36 372
37 115
38 592
39 163
40 3
41 364
42 370
43 561
44 320
45 499
46 1
47 378
48 198
49 244
50 148
51 76
52 110
53 194
54 242
55 544
56 112
57 425
58 383
59 595
60 327
61 269
62 584
63 579
64 130
65 501
66 26
67 492
68 280
69 53
70 330
71 56
72 564
73 502
74 348
75 623
76 156
77 99
78 222
79 252
80 270
81 192
82 566
83 622
84 607
85 394
86 418
87 9
88 20
89 207
90 473
91 481
92 137
93 160
94 356
95 247
96 553
97 68
98 134
99 211
100 385
101 537
102 521
103 334
104 269
105 653
106 402
107 71
108 403
109 280
110 97
111 535
112 611
113 330
114 249
115 290
116 469
117 147
118 635
119 297
120 509
121 218
122 444
123 564
124 440
125 182
126 17
127 3
128 25
129 585
130 197
131 297
132 142
133 308
134 104
135 558
136 648
137 268
138 164
139 637
140 200
141 512
142 93
143 14
144 54
145 152
146 575
147 527
148 177
149 307
150 274
151 402
152 154
153 51
154 181
155 48
156 266
157 93
158 277
159 667
160 8
161 332
162 7
163 361
164 103
165 50
166 179
167 530
168 110
169 420
170 590
171 39
172 125
173 662
174 655
175 443
176 654
177 625
178 163
179 247
180 662
181 196
182 194
183 539
184 443
185 51
186 337
187 92
188 310
189 488
190 553
191 1
192 17
193 83
194 503
195 570
196 194
197 516
198 57
199 284
200 207
201 536
202 452
203 405
204 620
205 90
206 420
207 580
208 488
209 38
210 136
211 75
212 537
213 53
214 212
215 242
216 388
217 274
218 205
219 21
220 227
221 346
222 60
223 174
224 467
225 137
226 427
227 115
228 102
229 182
230 350
231 452
232 119
233 241
234 614
235 386
236 371
237 494
238 256
239 163
240 329
241 406
242 572
243 317
244 294
245 637
246 239
247 86
248 471
249 205
250 600
251 2
252 241
253 545
254 549
255 85
256 143
257 451
258 39
259 613
260 280
261 446
262 24
263 588
264 663
265 366
266 479
267 50
268 364
269 163
270 590
271 19
272 393
273 541
274 420
275 591
276 100
277 649
278 127
279 300
280 619
281 530
282 514
283 212
284 537
285 647
286 31
287 55
288 553
289 157
290 494
291 501
292 423
293 62
294 477
295 335
296 129
297 624
298 644
299 458
300 120
301 267
302 54
303 442
304 593
305 164
306 297
307 495
308 443
309 435
310 403
311 156
312 662
313 452
314 7
315 250
316 368
317 586
318 333
319 448
320 573
321 38
322 517
323 439
324 595
325 630
326 289
327 171
328 416
329 204
330 618
331 368
332 566
333 478
334 634
335 209
336 120
337 528
338 441
339 254
340 76
341 54
342 231
343 329
344 139
345 124
346 634
347 217
348 604
349 381
350 205
351 548
352 247
353 392
354 183
355 322
356 61
357 47
358 535
359 656
360 219
362 580
363 370
364 130
365 629
366 308
367 431
368 385
369 57
370 462
371 585
372 199
373 197
374 23
375 559
376 300
377 277
378 477
379 459
380 256
381 372
382 280
383 343
384 320
385 272
386 593
387 390
388 14
389 86
390 184
391 424
392 188
393 165
394 658
395 475
396 427
397 586
398 535
399 231
400 396
401 67
402 265
403 186
404 568
405 219
406 281
407 283
408 468
409 422
410 540
411 44
412 264
413 10
414 409
415 245
416 566
417 273
418 283
419 248
420 213
421 406
422 351
423 141
424 337
425 328
426 114
427 450
428 553
429 563
430 174
431 136
432 138
433 231
434 179
435 227
436 359
437 428
438 426
439 123
440 632
441 653
442 287
443 483
444 126
445 145
446 88
447 585
448 639
449 461
450 154
451 17
452 19
453 73
454 506
455 351
456 396
457 372
458 657
459 552
460 381
461 220
462 479
463 393
464 171
465 193
466 458
467 133
468 130
469 447
470 53
471 242
472 40
473 25
474 461
475 308
476 44
477 219
478 38
479 559
480 344
481 623
482 434
483 209
484 502
485 592
486 177
487 360
488 495
489 207
490 668
491 79
492 473
493 572
494 353
495 396
496 360
497 284
498 372
499 393
500 110
501 214
502 239
503 581
504 230
505 563
506 634
507 583
508 123
509 428
510 7
511 255
512 601
513 514
514 333
515 72
516 252
517 186
518 656
519 140
520 26
521 137
522 291
523 518
524 512
525 355
526 218
527 445
528 557
529 537
530 217
531 234
532 19
533 330
534 242
535 98
536 440
537 241
538 624
539 530
540 148
541 143
542 25
543 112
544 184
545 473
546 205
547 31
548 361
549 443
550 169
551 373
552 348
553 90
554 426
555 212
556 474
557 427
558 64
559 143
560 129
561 599
562 605
563 222
564 580
565 39
566 291
567 459
568 174
569 281
570 595
571 643
572 308
573 296
574 133
575 221
576 181
577 573
578 252
579 498
580 604
581 638
582 126
583 423
584 366
585 430
586 79
587 667
588 581
589 230
590 250
591 531
592 281
593 376
594 68
595 419
596 421
597 581
598 407
599 451
600 582
601 173
602 472
603 667
604 502
605 411
606 332
607 214
608 35
609 640
610 265
611 108
612 298
613 87
614 247
615 8
616 192
617 524
618 112
619 147
620 93
621 118
622 172
623 254
624 640
625 144
626 422
627 250
628 16
629 18
630 393
631 361
632 252
633 259
634 312
635 208
636 166
637 112
638 39
639 98
640 566
641 639
642 599
643 396
644 375
645 424
646 354
647 495
648 138
649 468
650 108
651 416
652 57
653 39
654 338
655 403
656 542
657 247
658 475
659 611
660 475
661 653
662 578
663 152
664 452
665 65
666 555
667 15
668 246
669 246
