226
1 162
2 136
4 151
5 190
6 23
7 127
8 37
9 101
10 147
11 28
12 69
13 226
14 20
15 203
16 132
17 65
18 197
19 87
20 50
21 169
22 125
23 101
24 83
25 220
26 11
27 186
28 163
29 136
30 86
31 113
32 201
33 139
34 30
35 29
36 119
37 156
38 118
39 101
40 25
41 120
42 129
43 99
44 192
45 49
46 134
47 202
48 199
49 196
50 91
51 176
52 191
53 127
54 57
55 174
56 49
57 206
58 127
59 182
60 12
61 126
62 64
63 119
64 129
65 48
66 4
67 161
68 129
69 113
70 50
71 218
72 182
73 101
74 30
75 11
76 41
77 32
78 67
79 121
80 48
81 194
82 194
83 182
84 27
85 142
86 92
87 151
88 133
89 72
90 184
91 66
92 105
93 199
94 42
95 161
96 55
97 2
98 172
99 87
100 174
101 176
102 23
103 169
104 51
105 184
106 213
107 106
108 2
109 155
110 201
111 170
112 202
113 150
114 210
115 103
116 129
117 70
118 170
119 104
120 166
121 183
122 49
123 31
124 160
125 218
126 66
127 220
128 189
129 213
130 213
131 209
132 138
133 147
134 98
135 126
136 135
137 26
138 221
139 148
140 17
141 52
142 5
143 29
144 25
145 182
146 220
147 92
148 24
149 58
150 3
151 106
152 190
153 72
154 130
155 33
156 7
157 214
158 116
159 155
160 142
161 136
162 211
163 93
164 24
165 1
166 197
167 30
168 151
169 125
170 104
171 24
172 120
173 194
174 83
175 161
176 182
177 129
178 158
179 163
180 190
181 124
182 52
183 113
184 150
185 213
186 70
187 34
188 161
189 157
190 126
191 11
192 133
193 66
194 112
195 183
196 157
197 80
198 172
199 13
200 121
201 69
202 2
203 208
204 162
205 43
206 107
207 10
208 33
209 114
210 46
211 53
212 186
213 52
214 150
215 106
216 93
217 14
218 159
219 125
220 83
221 187
222 44
223 67
224 20
225 199
226 105
