522
1 399
2 407
3 270
4 23
5 325
6 411
7 292
8 326
9 70
10 253
11 192
12 323
13 310
14 453
15 336
16 348
17 393
18 447
19 22
20 383
21 162
22 181
23 517
24 322
25 368
26 35
27 486
28 243
29 122
30 102
31 81
32 81
33 362
34 203
35 31
36 30
37 196
38 76
39 318
40 115
41 48
42 122
43 370
44 58
45 133
46 221
47 120
48 272
49 72
50 314
51 26
52 505
53 306
54 388
55 76
56 469
57 441
58 414
59 248
60 392
61 38
62 179
63 160
64 53
65 353
66 51
67 197
68 261
69 482
70 402
71 207
72 36
73 67
74 203
75 252
76 263
77 49
78 48
79 144
80 260
81 21
82 479
83 497
84 191
85 58
86 29
87 99
88 279
89 220
90 168
91 477
92 321
93 305
94 59
95 235
96 33
97 368
98 90
99 29
100 200
101 428
102 331
103 301
104 430
105 109
106 56
107 86
108 442
109 393
110 231
111 45
112 293
113 81
114 278
115 411
116 198
117 29
118 522
119 518
120 459
121 163
122 406
123 262
124 133
125 339
126 292
127 343
128 191
129 14
130 390
131 65
132 276
133 58
134 145
135 104
136 28
137 442
138 316
139 382
140 49
141 295
142 74
143 39
144 343
145 254
146 252
147 46
148 328
149 76
150 271
151 508
152 1
153 443
154 22
155 322
156 506
157 375
158 28
159 267
160 364
161 431
162 305
163 181
164 202
165 443
166 169
167 43
168 516
169 90
170 421
171 329
172 278
173 390
174 507
175 17
176 415
177 79
178 48
179 31
180 413
181 487
182 260
183 407
184 407
185 141
186 221
187 239
188 171
189 321
190 355
191 143
192 266
193 132
194 65
195 426
196 138
197 163
199 155
200 510
201 227
202 155
203 443
204 65
205 522
206 213
207 90
208 96
209 46
210 221
211 229
212 97
213 478
214 486
215 462
216 458
217 435
218 151
219 54
220 522
221 85
222 197
223 471
224 388
225 77
226 378
227 260
228 369
229 87
230 222
231 379
232 28
233 467
234 163
235 238
236 9
237 476
238 432
239 166
240 387
241 234
242 18
243 68
244 508
245 89
246 241
247 327
248 179
249 231
250 4
251 48
252 53
253 92
254 92
255 504
256 457
257 295
258 316
259 2
260 284
261 78
262 234
263 499
264 270
265 346
266 395
267 24
268 405
269 296
270 481
271 78
272 129
273 488
274 83
275 179
276 441
277 207
278 133
279 345
280 132
281 57
282 18
283 290
284 281
285 25
286 96
287 324
288 249
289 490
290 410
291 52
292 31
293 257
294 128
295 160
296 47
297 106
298 370
299 475
300 445
301 493
302 344
303 333
304 459
305 512
306 135
307 92
308 437
309 171
310 198
311 519
312 360
313 115
314 476
315 233
316 240
317 339
318 238
319 144
320 78
321 20
322 29
323 279
324 76
325 483
326 53
327 468
328 167
329 359
330 50
331 284
332 248
333 406
334 403
335 132
336 377
337 449
338 16
339 20
340 270
341 394
342 132
343 175
344 192
345 331
346 359
347 515
348 353
349 177
350 87
351 333
352 65
353 477
354 246
355 130
356 453
357 243
358 20
359 371
360 404
361 3
362 477
363 35
364 331
365 125
366 503
367 57
368 337
369 89
370 65
371 72
372 290
373 502
374 331
375 478
376 184
377 173
378 311
379 49
380 86
381 318
382 58
383 261
384 284
385 14
386 294
387 496
388 383
389 412
390 248
391 19
392 329
393 35
394 385
395 6
396 155
397 84
398 220
399 116
400 333
401 16
402 150
403 109
404 57
405 45
406 321
407 435
408 423
409 297
410 249
411 419
412 293
413 314
414 302
415 37
416 128
417 101
418 199
419 406
420 196
421 321
422 396
423 334
424 475
425 102
426 206
427 330
428 391
429 57
430 6
431 411
432 383
433 383
434 429
435 478
436 173
437 213
438 499
439 482
440 10
441 135
442 334
443 209
444 449
445 163
446 516
447 115
448 303
449 340
450 32
451 354
452 451
453 198
454 447
455 312
456 352
457 192
458 409
459 505
460 207
461 348
462 303
463 89
464 507
465 16
466 290
467 410
468 15
469 65
470 63
471 160
472 112
473 141
474 203
475 24
476 291
477 429
478 99
479 484
480 225
481 404
482 392
483 273
484 162
485 439
486 404
487 65
488 445
489 171
490 493
491 254
492 180
493 270
494 109
495 153
496 218
497 322
498 264
499 89
500 227
501 28
502 49
503 78
504 207
505 363
506 360
507 16
508 395
509 353
510 487
511 395
512 213
513 381
514 495
515 360
516 478
517 301
518 192
519 461
520 64
521 195
522 8
