20 51
4053 8 17
40 8280
32 483
8 3713
16 9237
19 3496
23 687
11 2144
46 3884
5 6458
9 8458
34 4740
48 4985
6 6639
44 1177
47 733
50 1036
10 2296
534 16 4
29 7111
1 7369
7 7870
39 6010
8555 14 6
10 7706
13 3946
47 1319
2 1386
23 9375
8 5385
4242 10 12
6 1036
44 525
40 5609
16 2102
41 2510
15 1937
34 4550
9 2932
20 7711
4 4324
1 1454
39 661
8436 2 13
33 5719
10 2223
6 7630
11 6289
7 7638
37 1721
34 6638
4 4224
47 6586
22 5605
1 1986
48 3480
38 1008
4165 20 8
4 7989
32 4599
18 5100
12 8988
40 1895
29 4151
43 8585
16 1796
634 12 4
40 3028
26 3289
50 3231
23 4842
8514 19 2
3 5984
1 5852
2175 10 4
32 9580
29 8360
50 8520
22 3067
286 2 14
36 4796
40 2315
2 9361
1 8279
50 8239
9 3477
48 8315
24 6175
19 3765
46 4097
11 51
7 8483
43 9253
14 4874
1657 9 7
50 398
38 4645
10 3591
23 2240
29 9686
37 4794
25 4848
7235 9 19
40 8635
16 8241
48 6081
8 6698
6 7504
15 9724
13 471
41 5521
9 6296
27 3330
33 18
23 8010
32 5808
21 4203
43 3384
39 2541
22 6659
45 6795
25 3235
6843 9 17
48 9644
9 4128
29 925
11 4530
10 9634
14 5656
4 7609
37 2456
28 7870
24 2409
40 8373
50 8233
30 4723
35 5686
47 3003
39 6845
32 8003
9953 19 13
12 931
30 1971
49 5195
11 2338
43 3590
32 3641
40 8808
48 4803
29 4216
22 8977
31 3418
27 3112
15 2906
5999 5 15
46 1732
39 9019
38 6009
47 8460
4 6176
14 2662
1 7491
12 491
26 3551
18 6387
31 3604
28 9544
36 9318
7 904
17 1743
4013 7 13
25 2963
8 4839
30 4848
12 643
9 1337
36 4414
3 5384
14 7435
33 7547
48 450
24 7011
16 5679
49 2487
3723 1 9
17 6824
38 3300
45 9008
46 2934
26 2892
3 5
40 6419
44 7727
43 4450
7779 12 14
32 6529
45 4412
13 1734
14 4682
1 1373
39 8689
33 6941
35 3662
34 5515
46 1789
30 8432
3 1367
16 5201
44 6080
6177 1 17
23 5214
24 9048
35 8469
27 5875
43 6266
47 4688
17 3778
26 8352
19 9
41 6828
34 1934
4 9168
30 9938
13 4265
33 8066
48 4820
9 4713
2336 2 0
4809 8 3
30 7744
24 9482
48 7835
1381 7 15
16 1137
37 7423
38 1646
9 5561
32 3944
8 7193
4 6371
1 6110
49 6472
24 5471
18 8899
13 6661
20 9669
23 2556
25 341
9627 10 2
34 2701
23 2878
9896 11 19
14 3818
23 6651
42 600
1 2268
28 9931
12 8263
18 7538
38 6308
20 7278
2 1406
37 852
11 2261
31 7038
13 5356
50 5262
49 7543
7 5280
30 8972
27 8753
8116 7 3
49 6576
22 2727
9 8812
7564 20 13
31 35
24 8871
29 6157
7 8536
12 3576
38 9715
19 8724
15 7730
30 9568
48 3956
10 4651
27 4769
4 925
5751 15 7
2 4734
28 4248
46 2301
22 8260
17 3266
50 5519
3 4381
4128 9 6
14 7636
17 6622
25 1461
16 2135
24 6529
20 3591
781 4 17
34 6924
44 2480
39 3160
24 8543
17 2959
30 979
2 7281
47 5590
14 1970
6 6214
28 3532
32 3143
29 9285
40 9483
25 854
1 3181
18 1167
9693 2 6
22 2170
17 1848
40 7668
34 5291
47 9990
12 1169
3646 20 7
7 6066
28 2991
37 5624
8 9105
47 828
4 5677
13 4830
5632 19 7
7 9155
32 929
6 4074
45 9702
37 6651
24 275
36 95
839 3 0
1266 2 6
12 1124
11 8022
34 522
25 6072
47 3881
23 518
9386 8 19
14 4805
15 1285
39 3405
47 4978
1 4483
28 5106
33 4624
49 3351
4 8685
25 4389
42 3928
20 8549
34 8675
41 9053
5 4108
45 7832
21 4082
3 5533
11 783
2148 3 19
12 6284
6 8566
17 1697
32 5997
39 7913
43 7833
38 9500
25 3421
13 329
27 7474
45 1778
40 3890
37 8357
35 7592
19 179
1 2204
47 2496
22 7791
11 2218
4613 15 3
17 5815
9 1780
27 5953
7531 7 3
8 3416
24 4432
3 7604
2405 16 7
23 9449
11 5015
19 8323
27 8372
5 3500
7 1114
26 9555
2782 9 7
38 4854
17 8529
11 3688
27 2364
12 2735
34 1922
21 6396
3948 16 14
49 8692
35 7021
31 8965
3 8047
47 4306
43 1125
32 5984
2 8308
8 8445
27 4649
37 5373
21 2272
7 8521
19 2247
4607 20 19
45 7751
37 7525
46 3857
50 8586
48 9521
30 1737
36 1089
16 5268
20 4319
22 1235
12 2444
19 498
33 3374
29 143
49 7038
4 6464
14 7211
1 6582
5 8828
8628 19 3
24 7615
49 5540
47 4680
5558 18 10
41 1269
13 1100
44 9039
46 1275
40 1319
30 809
48 1014
23 1790
42 6374
19 1721
9259 20 2
32 9969
22 6723
2418 16 5
17 6919
5 7853
14 6746
46 3007
2 8723
5710 17 17
18 7846
8 5748
26 8501
38 1451
50 1198
22 8680
6 8695
3 1677
35 7418
31 3885
9 6584
32 4445
45 8256
34 3023
43 166
30 3340
10 6522
2608 3 3
36 4009
28 6579
18 7362
7126 7 12
34 7942
5 6450
10 7261
7 7727
23 8483
19 9877
17 2744
27 9369
49 6001
37 9441
12 2858
40 386
657 5 14
37 3822
29 775
43 907
9 9588
23 6700
11 8000
18 2626
6 484
38 9111
33 6414
39 2101
48 8625
32 9956
3 5855
855 17 10
37 4761
5 5971
41 988
14 7057
18 4599
34 3306
1 2582
35 5973
24 4777
4 2764
