56 92
9225 34 26
58 4889
85 36
71 2505
81 4683
30 2545
43 3666
79 9023
21 6511
42 6577
25 5614
69 1294
12 1101
56 5406
11 4335
91 9837
38 9274
77 796
51 3437
37 7562
2 5849
9 3903
24 6359
88 2623
19 6539
62 4206
1 4843
2440 18 19
8 1821
1 7173
64 1984
37 2459
70 2636
31 1099
33 8800
53 2173
34 1970
63 7418
28 3641
41 5560
76 2508
73 4413
39 1305
87 6570
82 7983
11 7054
51 6132
9317 55 16
1 356
76 9565
58 9140
14 9031
59 6323
46 2941
2 9009
18 2795
19 1797
71 8032
47 8904
62 6114
67 6967
37 8198
8 6677
35 6329
3929 15 33
53 1093
44 9350
17 4362
35 7238
11 6104
23 1498
5 3333
91 2691
51 5736
74 8082
56 3679
75 5311
83 154
60 5571
18 2541
81 5326
59 581
66 836
54 83
61 2726
52 2652
87 7194
33 992
45 2205
3 661
67 1924
68 9556
25 3802
10 2412
84 1475
28 9100
1 6543
14 9948
8751 27 50
78 7663
65 7136
17 2305
45 7992
62 5773
77 9349
68 1231
27 3195
52 4462
86 5862
50 425
34 4118
39 8444
55 2099
24 15
82 2353
59 6209
91 1622
6 8414
57 1326
89 5204
87 8500
40 5975
79 4272
72 1953
42 412
10 1336
28 191
70 3708
37 537
26 8852
5 8103
3 9195
53 4609
43 4126
30 3926
14 6743
90 2625
2 4637
16 5728
15 8322
64 6849
58 8550
63 1080
61 3458
54 8395
60 5057
83 7127
76 1607
18 7470
4349 9 31
47 1256
51 5962
75 5615
37 5319
86 7753
14 6730
31 5203
76 2275
53 1929
79 6755
32 2180
34 6506
29 6464
41 2015
49 6411
46 9823
78 7218
74 3454
10 6758
12 7144
90 5044
82 8396
69 6920
72 780
58 3788
25 2046
20 2081
1 126
61 733
83 2234
67 8902
8276 50 21
72 1732
70 2704
47 4964
64 1667
57 8226
49 6415
23 8529
10 7217
71 1752
48 4137
18 3921
4 7597
5 1564
41 2788
6 7657
83 7084
60 6642
31 3151
22 5594
26 8223
73 3761
8110 38 52
12 3226
56 100
87 485
9 5794
74 2516
36 5431
18 9025
5 6974
34 9958
8 2534
35 1769
23 5512
51 8547
85 3150
72 3129
84 2436
44 7681
2 4762
38 5221
46 3211
61 7951
25 6403
14 1461
52 7602
40 5441
28 1189
86 8161
70 2740
55 886
73 615
50 9166
49 8468
78 6267
29 3221
39 3433
4 1498
47 5771
89 2018
65 5647
45 2736
77 119
81 7024
54 9720
7 8319
75 5431
67 6513
90 2662
26 9527
6 8524
62 1258
3 9354
64 2201
3910 38 41
34 9742
61 5817
64 5000
67 1583
90 9522
2 2491
49 7389
41 3673
16 6399
6 9752
63 3650
62 6844
79 3683
28 8668
4 9204
14 7087
9 6437
32 6047
40 7169
81 2335
7 6994
55 5952
68 8150
77 9082
83 6046
46 7671
51 491
18 5010
82 1942
20 250
24 3811
8 6643
60 7894
10 1100
29 3048
69 506
48 5825
11 8459
5 4686
88 184
43 4421
214 47 36
8 5489
80 2726
36 2345
62 9283
38 3805
59 8360
19 495
83 6287
76 7718
32 5065
61 6028
60 124
69 6943
31 4112
37 6548
26 8337
57 8224
42 7232
67 1375
71 856
34 5951
13 5131
40 8009
18 1298
22 5655
1 3964
78 1248
28 207
73 210
11 4258
72 9718
86 5857
64 4612
55 9617
30 354
6 1578
4477 40 48
78 3701
85 8498
41 1696
76 4987
57 7477
74 3306
54 2171
31 9134
16 2477
60 8433
45 9908
36 2628
13 6506
20 8041
40 8651
11 3873
61 3598
30 2253
9 2303
2 5363
34 5850
64 9433
84 7221
77 1921
49 9730
10 8921
62 7772
38 8706
68 7862
42 7965
63 7443
81 6600
90 8605
15 6429
39 6299
27 8645
3 1341
72 5137
88 318
37 5811
59 3124
53 5757
71 4741
67 479
26 616
66 7750
51 2350
52 7942
9127 4 4
14 7367
51 2673
7 722
90 2527
1840 22 19
60 1286
1 1534
62 9384
50 2295
12 3273
81 2917
15 1747
17 2123
68 4053
40 7403
66 8139
9 9389
75 7303
83 3024
26 9568
28 4541
24 2080
32 1910
54 8877
386 18 21
19 1217
38 4390
23 6948
43 3987
37 6411
35 6830
33 3656
83 3541
10 3122
39 7
5 99
62 6809
64 4699
22 2500
52 6660
70 7930
9 1394
85 6828
14 180
86 9968
32 4629
4084 49 45
59 329
64 6201
21 387
66 5311
90 6587
82 6770
50 2893
71 5824
51 7904
43 1335
16 6675
15 6237
47 1127
1 1639
52 2594
58 1799
53 2110
34 4384
88 4125
7 7449
76 4681
33 3728
70 1302
6 1932
46 1270
74 9130
84 1845
2 5933
80 9213
79 8865
83 8642
73 1795
55 8174
9 1730
86 1467
24 5609
8 2904
75 7603
18 2755
10 4464
17 3973
81 3338
67 7772
3 756
22 3302
7971 33 53
86 1054
53 3382
43 2232
31 146
91 6952
28 5075
46 7704
42 6220
55 5143
63 5992
57 7592
13 9035
87 73
18 4206
36 321
24 1125
35 3671
40 124
65 7282
37 1640
8 2429
10 1338
48 8183
7 1487
54 855
41 6300
66 4907
52 7717
12 883
61 2455
45 1155
82 8974
1 981
9 8799
25 6069
50 4174
22 4513
67 6352
62 5358
17 5700
3 5540
76 9943
84 3046
56 6921
19 2996
58 2981
64 9947
88 1670
73 3191
47 4759
15 3304
26 5463
49 8037
8212 28 18
44 3221
27 400
55 9657
57 1205
7 6497
77 231
41 1875
36 4516
25 5511
3 2641
6 5532
35 2693
70 3123
62 2908
68 147
76 1588
82 1044
47 8835
2529 4 42
13 4728
83 5034
49 3969
35 7529
80 8213
12 7219
55 7584
67 1710
30 5204
54 8165
63 1060
11 2358
87 6729
33 6181
91 4273
28 1127
66 2875
23 872
34 9724
57 3033
26 1262
72 8170
41 6987
37 7510
90 952
50 9233
44 8051
43 9241
40 2953
69 1529
78 949
5 698
1 7625
61 1874
62 4407
7 3574
15 4704
17 2224
38 15
73 230
48 9746
10 3338
7524 12 5
21 6864
87 1095
22 9709
2 8679
67 1476
5546 51 52
58 8758
59 4146
66 59
16 3091
25 9890
23 1689
77 4966
69 3065
37 9446
15 4877
65 8024
33 5235
60 5697
31 5436
91 3565
1 4862
26 3165
5 2815
49 296
70 550
13 2713
34 2919
45 1584
52 7819
4 619
50 2240
11 6613
7 1609
12 3602
32 4616
51 8476
22 4443
19 1692
9 2258
61 1006
73 3238
53 4648
40 1545
80 3228
90 5943
62 243
86 6871
29 72
72 3153
42 2197
71 3731
82 5333
21 8775
87 4835
88 4071
3 2794
83 5437
2798 50 31
23 4594
6 2898
81 3659
24 9843
36 2857
32 9590
55 7314
20 4200
3 285
14 198
46 6656
15 9194
40 5982
83 8593
31 1011
16 4382
48 8300
21 3541
5 8950
22 8763
56 5302
7 447
61 9710
10 2455
9 7339
69 547
25 9808
38 1198
84 5918
74 7165
87 7301
818 31 31
20 5838
24 4533
12 750
87 957
78 4043
91 8864
58 8146
57 9560
22 9090
68 4205
5 225
59 8286
40 3272
36 6511
61 8914
65 69
42 1393
86 5644
15 3577
3 4658
81 9839
88 5710
11 6630
71 3715
75 8980
1 1540
17 4165
14 5323
60 1304
19 6698
51 5440
5292 42 12
42 7421
67 9131
41 555
10 7801
12 3570
49 4615
2 4628
52 1937
24 6488
38 6399
74 2878
54 8861
6044 45 44
4 7852
43 658
23 3996
32 4929
56 3908
16 9817
47 9760
14 4039
55 4661
51 4898
85 6902
75 2083
61 5269
34 9911
72 3599
27 9403
70 7886
62 1008
22 4347
50 7938
3 9226
73 5454
49 8367
24 9279
38 9567
6 9253
83 9731
87 3525
53 2554
79 6757
59 1167
80 7351
1 7459
89 7636
18 3636
67 1024
68 514
31 8173
84 9072
57 2533
8 6594
81 5542
39 3083
64 432
8984 48 37
29 5401
33 6016
79 407
14 4079
46 9887
13 2035
55 3092
72 761
37 2669
30 4561
73 4404
43 8097
61 7158
86 2046
35 1569
51 7598
3 2764
19 7066
58 6228
12 3691
76 5012
11 6823
20 2656
90 813
67 5923
34 4757
84 5114
22 26
62 8041
70 5844
15 7290
5 5036
42 6402
80 156
54 5524
63 3763
39 2947
7318 45 47
89 2703
65 6137
5 9505
70 5905
54 3444
85 2831
68 6802
78 9914
76 6436
13 2260
60 2740
33 887
45 4581
24 9135
35 132
34 2293
82 1926
86 2634
26 5825
46 4814
74 1501
12 2533
59 9745
32 9248
52 5657
19 8673
42 9544
4 3485
49 2773
75 7820
37 6290
18 5263
57 5220
40 8973
56 1847
3 8705
62 2181
1 9342
14 5950
87 4556
28 9175
25 4435
73 4868
48 6493
6 808
69 4818
27 2547
9002 46 54
32 9922
28 4421
88 9189
62 6238
31 7882
73 6283
66 7242
15 8624
19 2419
18 8979
27 4118
57 4545
12 3882
22 1530
16 3478
86 5584
7 9146
8 4076
78 535
53 7753
49 8194
30 9606
67 6745
23 7135
52 7623
69 3791
11 4909
29 1915
63 336
71 4237
13 326
65 8747
90 3714
21 7695
83 8053
70 4309
77 1658
37 289
34 8679
87 2534
91 4651
4 279
51 7746
40 1779
76 4690
84 9876
14 4192
74 7979
25 3559
72 9796
41 8871
9 3787
47 6384
46 6764
5634 7 5
26 6685
91 480
56 3756
10 2856
27 9288
533 19 50
91 9931
40 7346
49 3386
19 7787
71 4626
85 378
34 6473
32 4748
73 2662
3 4437
52 7239
53 9772
69 1580
2 9178
67 9961
21 655
57 6728
10 5709
9 6517
1 4971
55 4544
60 1619
22 9668
62 9961
74 9744
45 6796
59 1824
82 3003
70 9768
77 7544
54 2407
56 732
78 6748
29 9848
81 1799
38 4560
25 5041
35 9566
16 4381
63 6720
27 4451
44 8504
43 4719
84 6544
6 5985
64 5088
12 5693
48 9764
83 3288
30 6454
1092 7 13
53 7180
7 5120
81 9866
36 8889
25 7438
89 2227
85 9626
69 729
76 2518
30 818
38 7824
37 8127
27 6228
5595 29 34
13 6406
51 7046
71 2383
59 169
70 5710
78 604
48 8043
33 9009
84 7396
81 6600
29 3920
63 1702
3 7802
54 4628
16 9781
72 8990
10 4581
37 2351
65 1696
6 1328
89 4514
30 3770
18 7702
32 5374
68 9509
15 7372
7 6822
9 1341
14 2046
47 6317
91 4419
36 5350
88 2895
4 5665
3133 26 43
17 9202
11 405
15 8471
54 4756
38 1148
64 6890
85 6133
88 1525
37 8888
87 4432
47 2113
31 9821
3 9526
9 6237
75 1668
68 2428
51 3837
36 4513
14 9955
18 214
65 9880
35 8838
70 6156
25 5371
28 3765
1 7710
91 9566
43 1880
84 6393
62 308
48 6033
16 5452
46 7276
33 4423
86 3183
21 1656
27 3334
69 5616
32 7088
57 676
60 4857
26 6526
42 8902
5263 3 9
53 1913
32 3625
4 4384
57 6466
51 2163
64 5438
76 9396
27 3575
1 728
6069 53 4
11 7253
69 2820
13 3334
59 6117
5192 29 23
52 9040
63 3424
53 6434
19 8431
35 2414
7 3069
32 7379
13 1525
76 800
10 365
54 6040
20 1843
24 3926
37 8958
78 1029
11 6580
34 3189
51 257
81 3772
90 2461
28 5157
55 8064
41 9407
5379 5 24
19 7770
11 2757
63 4221
85 6963
74 9574
37 4976
52 67
65 2886
69 4249
47 3615
33 8781
70 6222
9 2329
76 2086
8 5981
46 7809
22 3964
54 5163
24 4947
83 4965
16 752
78 361
42 1242
64 7102
3003 46 32
16 4352
86 6153
29 3388
32 8066
33 7241
60 9136
56 6116
30 4890
80 1567
78 9628
28 2351
10 3607
19 8526
46 2826
34 5557
12 5508
84 6764
70 6771
6 3746
47 2094
64 4985
90 5958
85 2234
1 4313
26 5729
20 672
71 7116
39 370
69 3151
89 615
40 6646
54 6606
5575 44 17
48 2716
83 8317
46 256
36 6823
67 1118
2 5284
32 7590
85 7100
5 4825
11 4238
10 4287
6 4600
79 999
63 8271
65 8446
78 3953
86 193
1807 17 50
73 4244
28 6683
79 3681
43 1705
55 9710
22 6855
36 3641
29 2280
32 2880
53 2559
88 981
19 5594
38 8520
24 9706
2 9204
81 6553
40 2821
45 7026
63 1467
86 9304
84 3491
54 3800
33 9543
72 5104
1 9880
64 7333
39 8641
59 8713
83 6846
76 3368
75 7345
58 2411
66 4464
14 6378
90 785
30 1966
65 2929
6 7422
61 9180
60 9368
10 8419
9 1543
42 7325
82 3872
21 6182
12 6444
20 781
16 4132
35 8463
11 1871
7528 22 38
14 6920
87 7301
23 53
62 6364
88 8262
67 1177
81 7977
13 7876
44 9541
76 6889
52 8034
79 9095
24 1336
61 6898
10 4180
11 1534
73 7697
77 4105
53 5553
63 1906
36 9124
72 1059
5 6977
60 6461
51 5048
43 3489
27 7063
55 9606
19 4848
17 4542
35 3616
15 2084
12 9104
3 9200
50 6932
78 3769
26 8554
45 3851
8389 38 11
45 4411
4 8913
66 9968
18 8783
58 9455
77 2181
46 8264
41 374
68 7207
90 9662
76 7656
4071 4 12
87 7699
2 8674
16 9918
45 210
52 7255
17 3885
13 478
15 1517
50 2692
63 722
54 2494
70 6186
7127 11 12
27 2858
59 1160
33 9781
26 5990
43 3980
46 3956
56 7556
63 4099
11 7064
20 5255
58 3624
37 121
314 29 5
56 2808
60 2918
34 4288
20 1977
88 4152
3445 7 34
87 7987
27 3399
37 3207
75 6897
91 5437
79 9317
36 963
12 8603
74 8220
29 8107
22 2898
19 9168
61 9933
55 4099
2 3211
20 6521
51 3117
82 6370
52 4362
41 6657
33 8645
80 6678
13 9065
86 6258
57 3121
62 3256
50 9758
34 3714
44 8433
90 6090
40 6166
14 6196
45 766
7 5925
1647 1 35
51 571
78 2539
91 6726
43 3521
24 103
67 7193
83 4169
63 7624
56 6492
68 9847
64 1395
84 5005
86 4349
77 1543
18 3121
19 4193
71 9494
90 299
82 6020
47 9328
44 6642
25 2640
16 224
35 3218
45 2702
85 9896
13 3193
15 91
23 7113
12 5493
30 8879
79 5235
88 1230
2 9983
46 7664
9678 35 38
15 2626
38 8693
50 2220
35 9852
74 2841
61 9688
56 7904
62 9426
17 9264
34 2142
75 1272
67 8183
64 7855
42 4299
45 540
87 4013
1 8219
23 7300
3 5582
46 3739
59 730
44 1567
10 998
41 4260
77 8735
18 2510
89 2767
24 709
27 3532
7 9796
70 2618
82 3283
48 5996
54 3630
88 8269
60 4278
11 6434
55 442
2603 33 53
14 7867
37 240
40 574
81 6096
66 5025
4 2584
27 4690
13 7401
46 2053
78 3554
19 8627
41 9302
70 905
69 3899
75 3510
84 1196
15 272
21 1681
76 4374
20 2449
61 2125
11 7589
54 2407
28 2256
3 1085
56 9589
90 3973
89 5313
34 2226
58 8397
51 3648
17 3071
87 3872
55 7050
18 2291
35 9466
26 7749
36 7573
31 35
80 5762
74 5865
62 621
32 9199
2 500
68 4828
44 4335
60 6174
48 5436
5 2548
43 783
33 6267
91 4955
25 527
5057 22 7
71 7321
12 2271
8 4260
3 3808
15 2419
4 6638
31 62
7120 16 4
73 5937
82 2274
10 7384
50 7307
1423 15 52
31 6891
79 3399
8 6218
70 6321
39 8248
9 9578
71 2433
14 8818
17 8858
33 2334
36 6761
7 3373
59 6332
38 5665
60 5530
61 7576
37 1523
68 5937
54 8269
10 3094
46 5898
45 3098
40 7899
43 8882
23 7578
18 2853
34 5790
50 5048
20 4226
21 4562
66 5891
47 2333
30 1644
22 3626
49 7781
90 8966
76 2543
3 2830
67 7941
81 7611
41 5465
87 7368
75 3339
29 4583
91 7013
5 3830
13 4809
86 2066
63 5449
53 832
4 4709
19 2904
8393 5 48
58 4115
72 86
21 3020
40 9127
23 7138
51 8669
41 3753
57 7339
53 4047
50 8949
28 9284
62 6152
43 6852
36 3577
34 205
10 3240
33 4581
37 8594
35 6278
27 4420
77 4538
48 5813
20 6468
9 500
6 7155
5 5959
56 3450
60 2339
2 2362
76 204
14 5003
32 6203
63 3954
80 9244
52 6468
49 8728
65 6334
61 4740
67 6545
54 623
86 978
17 7863
66 6973
39 199
3 8490
29 9365
47 4411
7 3584
8081 51 28
34 2720
80 6205
75 5647
42 1261
50 6931
5 6951
28 2378
66 9232
81 67
29 3987
67 2209
35 9788
73 7086
91 671
22 5515
69 6949
24 6609
3 3486
36 4714
90 9763
40 6933
76 9370
37 1614
77 7347
18 3778
89 7855
23 1978
79 1497
469 2 55
91 9065
31 5086
56 1947
55 4471
12 819
64 3958
58 9567
35 3060
8 3491
13 4399
10 8715
38 2652
69 4576
19 4377
14 5200
26 8727
66 7610
40 6874
45 2957
85 2223
41 8284
53 6416
5 1135
80 8062
44 3691
71 7088
11 6892
37 4920
48 8946
4 1534
57 7454
1 2172
23 6451
88 3165
50 4484
28 3989
72 5033
90 9713
3 6630
2 5886
82 3476
34 566
42 6485
43 978
33 7989
61 6991
81 6063
16 7088
79 2903
54 2667
25 2489
65 3565
86 9272
84 6337
76 734
5734 9 49
72 6911
82 1688
59 7736
85 9912
63 1706
52 5660
89 8647
29 3025
80 7783
7 4342
15 7802
14 3028
55 1520
56 3717
74 2110
53 6074
81 4223
36 6341
75 2609
22 5727
21 660
49 6179
67 3039
31 6209
45 3367
19 2427
20 7145
18 8135
30 6333
37 1397
83 4544
17 5113
6 7965
91 5814
71 5468
8 8860
23 3434
16 4041
60 3997
86 2310
27 9005
47 4142
39 2081
42 6709
70 6862
61 3376
25 417
51 2025
26 3979
1674 36 44
65 8526
25 9347
19 1538
52 685
2 5678
57 1320
21 4319
12 4218
36 358
61 1709
72 2759
74 5648
53 59
43 6197
33 3815
42 4717
64 1698
87 4061
5 9449
77 5732
3 3015
11 3101
56 6381
68 2583
39 5886
80 3444
40 718
35 723
91 6549
51 7067
59 7642
82 1410
83 8830
4 1278
47 5607
58 9523
10 7089
29 7881
54 2686
24 1857
37 928
86 5218
63 8174
69 7770
7 39 33
17 3742
32 6036
27 7621
77 6761
47 7129
68 3313
79 1466
78 1256
88 8100
70 5969
58 4957
56 8010
91 9213
3 6665
51 6045
82 7141
90 4501
81 4121
11 7647
67 1417
28 4078
31 7526
83 1760
21 2574
84 7496
80 7925
64 864
76 722
63 2060
7 2717
40 4807
75 7524
46 237
2602 27 17
58 845
79 2867
85 2727
38 531
64 4275
30 2039
61 611
14 1386
59 8492
7 5420
2 2021
25 9198
47 4777
77 6585
12 2634
21 2175
8 7399
1342 18 33
34 9501
23 3125
29 6261
2 8712
71 2626
81 1240
60 786
79 5710
25 7899
40 3593
8 5022
59 2688
36 3651
21 3422
48 6203
85 6174
11 6841
37 1341
64 2212
35 1069
67 7112
54 3796
6 1653
55 5002
22 3519
33 1714
66 4431
84 960
39 1366
7 4165
41 7538
42 2725
9 4325
6999 15 49
43 5903
62 1930
16 8756
77 8642
73 3000
76 7094
68 6866
71 3544
6 8590
34 2428
14 3529
67 1894
80 8780
78 184
53 1828
72 9056
9 4511
24 7757
22 751
1 1435
79 4618
45 4491
15 4267
29 6322
12 5984
57 4017
66 2785
26 4933
51 208
28 3056
23 2351
89 5753
27 1285
84 4110
49 190
32 9703
54 525
46 9247
11 3220
83 4658
36 2892
82 9401
64 2009
81 5421
19 2276
17 6539
18 2974
60 2639
20 5629
6683 17 11
39 5163
82 6104
55 7985
9 1203
73 9294
31 8736
40 949
22 2494
37 7025
44 8416
25 4813
1656 4 45
61 6709
32 5417
20 6248
87 5333
71 6155
37 8676
62 4411
9 9648
57 1258
58 7698
53 2103
51 473
12 9396
6 1407
22 5569
68 6411
41 2215
67 593
26 5462
81 7979
11 7016
18 1474
19 9012
79 8687
38 8321
30 2408
78 493
33 2278
47 6201
80 4786
29 5988
70 3619
49 4863
72 9113
31 5573
48 6824
84 1806
65 960
14 4518
7 5582
82 148
34 9301
85 3693
66 325
25 6946
1346 29 35
27 8751
13 6657
49 7114
7 3836
50 1959
70 9002
53 3980
83 8380
24 1430
44 2840
19 3172
54 9240
23 3786
71 2400
4 4029
8 9476
60 2405
58 4669
67 7878
35 9959
87 8644
31 8471
62 6019
17 8025
10 4512
1 2241
43 1608
68 8771
42 7141
15 4297
46 5475
22 3944
66 4560
20 5433
74 3902
1736 40 18
63 9739
46 2119
7 2108
40 3087
15 7948
60 837
89 1325
88 4454
43 856
8 8932
54 5736
24 9909
2 4788
5 8942
29 3847
47 4824
78 1667
86 513
1979 1 12
10 7304
54 3160
19 5981
67 4610
42 1308
65 5454
48 3995
20 4220
82 2722
30 9510
31 5612
50 3626
3975 32 30
68 892
73 3688
46 6888
72 2869
8 6729
30 5093
22 1762
54 8341
60 7366
2 9027
37 5585
55 6420
7 7242
61 4981
23 5564
25 2811
26 2068
34 3477
42 3717
38 5122
66 4404
21 3949
5 3623
87 2410
12 5976
81 4657
19 5184
64 8668
18 2919
89 5854
752 48 25
90 6129
65 2567
42 516
26 8310
2 6493
55 1394
63 8165
86 2211
39 2605
11 4252
85 4274
88 5505
64 9057
68 7372
60 733
74 6233
78 5773
49 4265
59 1787
66 8920
12 6433
10 8812
57 1883
34 6789
7 614
7364 36 49
50 6693
63 6998
88 4040
77 2776
54 9934
76 4587
64 1708
27 4537
42 7133
46 1776
28 1028
80 7759
81 4026
11 999
37 4041
71 4751
34 4001
24 5391
32 5926
51 8709
18 9903
2 7606
8 2477
16 6399
49 160
6 9264
60 3187
41 5861
31 6175
62 1006
13 5440
3 7338
48 6664
56 2919
35 3465
45 8562
14 7354
7 2113
86 470
91 1311
75 9624
61 3754
20 7946
57 5450
79 9903
72 7151
12 7658
22 6540
69 6622
7355 35 12
84 9717
28 3831
88 9467
68 6425
11 696
16 8799
34 9243
91 7155
70 4313
29 7635
32 6441
21 7697
1079 52 55
59 3137
19 5676
86 5821
81 675
71 1681
17 6549
40 6938
74 2225
69 9895
30 1880
29 4670
14 8084
28 2575
25 8846
75 9344
2 6518
16 3193
20 3022
46 9159
23 1773
13 6811
9 1117
32 1705
67 8333
78 1194
58 3231
15 1083
43 4195
89 6477
38 3151
79 9618
54 6672
47 4489
4 186
50 198
27 8506
85 703
65 4375
66 8421
5 1118
84 881
73 6994
10 575
51 3089
39 8492
57 6421
45 4587
8 3609
22 7008
80 258
3 7226
1 6668
61 1137
31 1536
52 5134
5023 16 18
66 3234
4 6311
33 3079
57 9701
76 6042
52 6804
16 7183
14 2514
77 7932
2 4559
15 364
50 8224
68 2717
34 9501
19 9683
53 9394
69 3555
8 5586
9083 48 53
48 8430
19 5478
34 5245
15 7486
58 5573
67 3782
49 5945
72 3017
23 2078
26 9016
70 2254
8 4821
54 5499
41 9640
79 4842
59 2093
53 6146
47 9246
27 5877
73 5320
37 5083
90 7947
30 1166
36 7595
66 2908
51 5506
21 3624
62 3883
60 3642
46 7210
18 8302
52 3960
22 6677
71 4431
42 6134
61 4473
84 8966
17 1727
28 2250
65 864
10 3834
78 706
74 9624
63 3977
77 9150
16 9483
86 616
55 5195
89 1265
35 6189
20 5852
3 3992
87 9882
4486 28 5
88 210
53 9732
14 6139
60 6295
31 5027
8852 9 52
60 8025
54 4678
48 8892
30 7281
2 530
46 5199
75 4375
78 1636
52 4888
59 3193
42 9177
87 9947
64 2497
18 4089
72 7161
71 6169
51 1745
40 6931
10 8971
83 9204
32 4190
14 877
55 5764
73 8706
8 2076
84 8252
38 7639
62 3537
47 5861
3 7816
58 6218
4 9515
21 9884
79 4779
67 1585
82 6791
22 2593
11 9575
1 8119
35 7367
57 4631
15 1746
61 8122
65 3543
37 2431
43 739
33 9436
74 5298
7 3539
91 8869
20 8620
56 5446
9485 25 39
2 7041
91 3217
31 8812
78 3210
69 9781
45 5444
71 553
72 1143
64 8006
18 9450
19 1889
8 1276
47 9073
6 9321
34 603
11 8770
84 8351
60 5718
75 7668
22 8886
81 8008
48 5726
63 2100
77 9512
82 5988
46 9545
33 6068
23 4742
59 1675
49 9756
7 8794
30 226
27 6419
56 1361
26 1224
12 3204
61 5244
5 8547
43 3097
1352 56 34
84 2853
16 6335
89 1997
79 5044
86 6751
56 6450
62 1871
67 7752
68 8900
57 2310
9 2587
78 4579
31 1058
2 5095
85 8670
25 6930
37 2391
45 6029
17 346
41 5205
20 5691
75 2275
22 4613
14 2817
43 4844
48 3836
47 7435
61 830
40 5196
29 9753
3 8358
69 2832
55 7847
21 6146
6443 5 36
9 9153
47 2871
62 1321
91 5885
88 5066
55 9950
4 2525
35 8733
14 1664
26 7570
66 8532
54 1496
87 4656
50 2592
34 2619
17 5725
40 965
84 5223
41 1935
7 2600
52 6766
72 9708
83 9884
44 7219
76 4152
57 4276
75 1521
2 6658
24 557
29 8791
11 495
15 2818
51 5300
21 2855
33 5898
20 9275
2947 20 17
23 881
89 8961
69 490
72 3843
26 6466
62 7566
35 8433
28 4418
33 9394
68 6821
70 1940
88 8626
42 5356
31 2341
39 8017
75 3892
63 234
1290 32 12
79 8411
7 807
13 6338
25 5084
37 4415
75 9489
35 7129
67 7388
17 6292
23 7166
72 2577
11 2206
6133 8 21
40 5944
18 7465
13 5665
35 3004
36 6171
74 8336
21 426
71 321
15 9457
79 1229
91 92
26 9880
61 5256
29 6010
24 9222
14 7471
52 8988
4 9690
42 6243
6 1002
85 1518
5231 25 23
84 3115
1 6714
64 897
62 2990
3 3535
25 6724
41 2693
30 6725
72 520
42 8097
69 1168
48 8762
65 201
71 9079
26 7126
21 8306
56 4153
33 4571
8 4492
9 1933
2 920
88 1712
89 7316
9256 26 5
10 9281
47 5598
91 3377
6 4631
27 3000
761 12 55
30 8235
58 2334
33 2247
83 602
54 9083
5 8421
62 5385
87 9400
82 261
32 5798
46 9530
48 8256
4 725
52 7534
6 4920
81 7709
39 2649
3 3692
53 7280
71 7628
60 3258
17 8863
79 3694
13 509
78 4037
72 3923
45 89
15 1277
1 494
84 84
14 6636
19 1459
20 5398
7 8034
75 1969
21 2906
28 5304
34 6227
11 870
2 66
42 3501
24 2085
86 3349
26 7818
25 3843
63 5322
9 5276
77 207
16 9990
8 6846
50 2914
29 2870
49 2132
57 4476
68 292
904 9 4
40 4154
2 7622
81 2839
37 8903
8261 35 19
4 2187
47 2559
46 3254
3 1766
43 3871
66 2426
48 2562
68 4835
79 8208
23 1930
29 2446
45 415
19 1636
63 3352
26 940
90 5992
7 2205
80 7993
36 5260
3721 43 16
91 329
38 294
35 1906
2 1779
64 5614
63 934
59 462
33 1970
17 6637
53 7698
26 2017
32 5349
45 2921
86 8111
46 6935
19 5966
6529 8 16
72 9050
10 9386
30 2302
82 312
63 5461
38 6415
86 9068
43 6925
40 8820
37 1552
46 1877
5 3087
80 4520
88 6630
22 2087
69 5645
4613 56 4
41 5073
56 25
63 7762
8 6837
9645 6 51
24 3918
60 6095
53 1390
47 8380
21 2608
68 9238
29 3786
49 7824
67 6263
16 1918
34 7590
71 5336
45 4856
54 7907
6 355
3 936
14 3314
44 6575
76 7027
46 9564
74 200
33 838
56 8528
2 9945
18 4594
36 7621
51 3572
27 341
30 2453
70 844
66 8103
82 4662
35 6421
23 3091
89 915
80 3141
5 7099
31 8609
40 4379
91 3848
75 1752
77 4954
48 1328
7 7236
81 8506
41 6895
43 3630
42 5552
32 6395
52 1447
1 2833
4188 4 18
75 4719
82 678
48 4676
43 2121
5 9186
80 1473
29 9167
52 9057
32 3770
76 2368
36 450
35 7000
46 4620
73 2232
6 9897
3 2042
72 5383
25 4962
386 21 54
34 659
9 6282
29 7657
74 7513
32 5889
12 5133
79 8476
69 3870
66 2974
27 6541
82 112
61 2203
25 5583
37 816
48 6410
54 5029
70 8890
14 8910
24 3073
89 8269
19 4288
46 3655
36 8062
73 6953
16 539
2 4546
4 5955
88 2599
44 7198
7 834
91 3647
30 7777
77 920
35 9029
45 4756
40 4839
64 1038
20 3264
59 9160
85 8107
49 3062
21 4364
76 6706
11 3712
52 2667
23 7669
68 8045
72 6858
75 4843
50 4930
17 305
3 9994
33 262
18 4524
9491 14 1
52 1624
