19 29
3288 8 3
2 8614
21 5318
20 1201
2513 6 15
22 6872
3 3230
7 3307
19 4631
27 138
6 6098
23 408
24 2762
2 9162
21 3592
5 7480
18 4394
25 8950
20 4311
9 9639
4348 12 4
20 8082
14 9838
16 5837
4 3638
2394 15 8
3 6621
4 9821
13 7804
28 3198
25 882
24 3134
18 7681
23 7174
2059 3 1
1 6892
5664 18 13
24 8227
4 5199
8 4130
7 5431
2 8689
22 2535
11 813
25 2660
14 9946
6 991
26 2735
1 6931
21 8066
2268 9 1
20 8843
4107 7 16
28 3733
4 510
26 3708
7 7478
23 5183
14 6151
11 249
5 9937
12 941
15 5778
19 7571
24 1664
6 1670
17 9046
16 2225
10 5883
7420 3 10
28 4194
6 6575
16 9457
20 8987
2 5940
4 9183
23 6228
5 5941
1 1019
17 3364
1551 10 8
6 3365
4 7280
18 3650
20 8670
15 3466
17 4402
23 3752
26 4175
3001 14 12
3 2568
4 9172
27 5501
16 305
24 8097
9 9437
14 7137
15 4158
17 5183
25 7832
11 2925
18 6835
2840 4 12
2 9891
23 6377
13 526
28 4954
24 254
15 7
7 7080
10 6790
14 589
18 395
22 5997
3 1632
4715 11 2
21 1392
7 4801
3169 6 0
7046 10 8
26 6121
2 7643
13 8712
28 5050
7 3668
24 7110
23 435
8 1392
5046 7 6
19 9861
12 3401
10 2853
2 8927
1 6602
3 4769
413 10 13
3 7306
18 32
9 3586
23 8305
21 4266
20 48
19 6923
27 5167
4 7152
13 1653
14 5019
8 8721
17 626
2700 18 4
8 8061
14 249
15 9785
10 8183
5318 2 7
3 3759
24 8715
21 7965
26 8718
27 9783
7 1575
16 9566
8653 13 0
5450 11 12
22 3738
25 7046
8 4525
21 58
20 2186
9 3154
10 9308
23 4801
7 5214
1 1201
15 1507
3 7716
7792 18 4
26 160
7 2484
9 9423
19 3869
8718 15 17
24 5817
28 1346
9 6380
12 6486
15 2422
22 6612
27 8140
2 5114
11 232
8 4328
7 6004
17 8575
20 7709
4 1791
6 5754
19 5633
14 7585
8052 8 3
28 5723
24 4145
3 3079
3962 15 15
28 633
5 8483
3 7311
20 5499
8 5782
14 8944
13 6398
17 931
27 3248
19 1603
10 7351
22 3711
15 8016
12 6698
16 9568
5783 10 16
24 9425
3 4422
2 8886
21 1939
4 9241
15 5217
25 920
16 2889
6 9012
11 8350
26 546
12 592
8 9339
18 4340
13 9600
20 5760
656 18 17
13 2995
17 8469
24 9952
6 4508
11 3601
18 4497
19 8772
7 291
10 9267
27 5083
4 5945
25 8256
28 1170
1 8012
20 9162
3 8117
23 3852
5891 4 14
8 8317
14 297
7 2168
26 5845
24 4221
4 1988
20 5343
25 4479
16 3835
9 6863
11 9509
12 1282
3 1522
6 3527
9932 16 0
