12 17
2165 6 6
5 935
1 5680
2 9594
3 2595
15 1847
4 4475
8956 4 9
9 5045
13 5881
5 168
7 1309
1 9712
3 140
12 7583
10 9778
4 1644
5396 4 1
1 1685
1327 5 0
9101 10 4
1 4848
3 8706
5 1540
6 6731
7634 2 7
8 5240
6 5764
1 9577
5 6404
12 2607
7 8003
11 1387
3085 12 8
12 849
15 3165
4 2592
9 8139
10 690
3 4381
1 220
5 7273
9828 3 11
9 2291
2 4392
1 9124
3 5438
7 7588
4 6440
6 8183
10 1360
11 6276
5 3526
15 8087
5829 1 10
14 3729
6 7218
2 5935
5 2172
12 8731
3 5153
11 9989
9 4443
1 689
4 1271
1830 1 2
8 2356
14 3885
8275 5 10
8 7762
16 1075
2 8568
5 8413
4 7283
11 1903
6 6332
10 4521
9 6352
7 1715
8696 10 7
2 458
11 8290
1 5601
3 3990
5 4644
16 8186
10 9168
6070 3 4
3 3470
11 1859
2 1685
16 6848
996 10 10
1 6564
3 5259
9 9728
7 5152
10 4653
15 6268
16 9516
5 2428
2 6055
12 1074
9100 12 0
2326 9 1
1 8515
3726 11 3
1 5242
16 1558
14 9534
