7 22
6426 3 5
21 3447
18 3497
16 7775
7 3982
3 8417
2156 6 0
5728 4 2
3 6918
1 9679
8506 5 3
16 16
11 6263
14 1449
6991 4 0
7068 1 1
19 9218
4934 2 0
9355 6 0
5922 6 0
4067 6 2
9 6504
19 2034
4965 5 4
11 2501
18 8325
13 9302
14 9896
9022 3 0
607 1 2
2 3968
6 7475
3792 3 3
1 7328
14 8409
12 2643
8121 3 5
3 8197
15 7925
7 717
21 9200
14 6104
6483 2 1
2 6858
5559 2 6
2 2962
16 7435
19 464
9 2549
17 6595
6 8720
7658 6 6
13 6467
17 7958
2 6600
1 1473
11 2581
10 9455
3718 5 5
18 1898
11 6530
1 9569
20 3384
4 8913
114 7 2
3 382
7 8326
1008 1 2
7 4850
19 2061
1185 6 4
5 7564
14 52
18 943
13 7593
