10 10
4629 2 8
7 630
2 743
3 4012
8 3494
4 620
6 1533
5 189
9 2084
1964 10 8
6 1215
5 1510
10 1204
7 179
8 1792
3 1459
1 799
4 1668
702 2 5
2 88
10 347
4 693
9 79
6 208
2771 10 7
1 239
3 1821
10 2524
7 2640
9 2553
6 1392
8 2733
3701 5 8
9 2766
8 2725
2 1301
1 460
3 1871
6 1961
4 3030
7 1992
7522 5 8
10 1202
5 2626
3 1567
9 3104
4 4510
2 4676
7 1209
1 3255
5156 1 6
3 2564
6 537
4 705
2 3518
9 903
1 1457
8767 10 6
6 461
9 8396
5 5883
2 899
4 3810
7 4658
1654 1 9
8 1506
7 1193
2 196
1 1111
10 863
6 1622
5 1520
4 1552
3 352
8979 3 8
5 8527
2 7051
1 3585
4 384
7 3661
3 956
6 8080
8 8663