66 89
3178 20 12
70 4281
9 3294
41 8468
6 6416
26 8984
51 2725
17 1495
73 4120
42 740
56 7532
24 988
38 4563
3857 25 46
78 7454
35 6095
65 3236
84 1267
29 5036
88 9971
82 5322
6 3173
8 2205
30 5829
52 600
86 3529
38 1141
4 4169
31 1311
85 1134
74 7813
15 2594
57 9392
23 4486
62 8490
60 3078
36 9570
64 6016
55 6436
56 6971
32 8427
72 7366
70 8314
19 8804
11 2120
46 3994
50 1984
71 6749
9 7451
53 401
24 8580
12 5804
59 9103
34 5689
41 3325
47 2756
45 1936
83 5903
3 657
26 4050
3987 55 17
80 8027
6 8290
10 2657
72 1744
32 4125
5 6659
77 1563
34 9954
73 780
74 3176
56 5828
26 8067
2 5661
83 3687
9 7795
12 873
21 7751
8550 33 44
37 1918
65 3394
77 5574
7 6069
45 3563
47 2908
61 6752
10 1202
1 1835
80 5432
83 2003
59 865
32 2802
60 382
43 3975
62 2155
73 6073
9 1012
35 1557
66 9570
27 5263
44 1292
5 9426
88 548
53 9712
71 7626
22 8561
4 7216
41 113
81 2161
31 5488
38 2472
46 8711
36 1993
29 8410
56 5377
26 2130
85 5449
64 9561
54 4333
21 8473
70 9970
79 4704
23 1826
2536 53 52
7 7807
50 8354
12 475
29 1903
76 980
10 1155
49 5170
33 1270
35 3960
56 5461
73 1577
83 1386
54 5702
55 6831
58 4255
86 3765
42 3167
37 102
25 7220
79 6284
53 3870
71 3660
36 8569
3 8952
4 9702
74 6436
6 9927
18 1091
24 7693
65 3531
63 3371
14 1108
60 5117
52 8250
62 6877
19 6026
2 8641
32 7691
23 5293
61 3024
1 3919
59 3811
68 5623
17 734
67 5432
72 9556
46 6674
64 7509
51 1679
80 4018
8 6963
21 8552
1479 45 13
80 2088
87 2130
16 58
69 5305
84 260
86 1850
31 5528
33 3345
26 3373
66 9064
14 2421
68 8946
4 3619
9332 48 0
9617 55 45
47 5548
76 3529
40 8926
51 399
3 9764
69 1880
17 7088
77 127
46 6375
43 8771
74 4564
80 713
11 2891
48 8306
23 7775
42 8691
27 1845
32 6275
39 8962
29 4460
20 8418
10 3220
2 6603
81 7645
22 9065
64 6175
33 7970
50 9015
30 3354
49 7677
72 3080
45 2620
78 8019
83 4929
37 809
79 4860
25 8034
12 4964
7 8224
5 1874
84 3563
61 1496
16 7858
63 8397
86 5690
3455 50 52
33 3005
52 3049
80 3792
71 4054
34 3100
19 9400
8 793
65 404
53 9379
24 2016
32 8573
49 9318
13 9513
41 6917
81 666
42 7146
29 6490
68 8770
46 5196
59 4872
44 9031
45 4783
37 4817
87 1319
14 8354
54 1056
82 4072
36 6904
55 8964
58 9850
4 647
62 946
74 6918
2 9542
60 1343
7 2531
30 3653
25 6934
38 9093
10 1940
56 4428
35 5204
75 2724
3 7409
64 2883
66 482
47 1608
51 8577
78 7831
79 154
21 1105
27 1194
6050 35 16
57 8660
82 3581
78 6545
83 2397
25 4426
86 9151
48 6615
20 2308
61 5891
40 6416
38 3212
49 4444
84 8948
60 3076
34 3921
42 177
3538 59 14
72 9201
78 2562
18 5266
67 9050
85 4187
32 5018
68 6136
23 9574
58 6823
26 9655
43 1483
27 4169
50 3009
69 6462
3887 26 55
39 904
43 7923
88 3768
66 297
56 7623
13 3532
71 6861
48 5967
52 2762
59 6141
82 6346
9 7993
1 1947
40 1771
11 9811
51 887
18 1566
36 7966
50 7434
31 3913
64 5472
73 4795
28 9251
61 8878
70 842
55 2258
75 9199
54 7127
63 951
78 7889
77 8989
33 6789
68 4
87 8052
8 7630
4 7446
44 6495
86 946
10 2780
76 3531
67 7516
49 4090
27 1515
58 9562
42 5752
62 215
6 7444
65 7366
23 865
7 6528
3 9830
72 9015
81 5213
47 3326
37 9462
6796 15 18
70 8588
39 6897
50 5192
65 6597
71 9135
54 8440
76 4548
66 1393
53 6848
17 6981
84 3686
63 9353
74 6647
46 2454
47 8886
81 490
27 5851
3 5016
6377 8 51
75 7878
38 3908
55 4390
1 2906
73 1200
64 9328
42 3805
86 9914
61 5820
2 5668
25 7356
35 3948
66 1951
8 8235
27 1717
37 5552
46 9044
72 2176
6 9333
58 7529
26 2155
77 1607
48 4475
31 9466
17 6991
36 6376
13 6320
11 8568
59 2411
82 4307
74 9984
20 4863
44 9732
88 1810
28 7786
4 7896
81 75
23 6788
9 8464
65 855
29 1406
71 8904
62 6339
70 8398
32 3449
54 6210
49 913
76 9718
68 7233
53 5962
84 264
8764 63 55
88 8506
4 3772
74 8565
85 9261
47 1730
31 9326
41 9306
50 6287
51 3330
43 1656
69 4303
11 7819
10 5663
22 8382
55 8529
57 4985
68 9516
52 8636
76 1032
39 264
45 1374
15 3394
78 1454
44 9728
2 3216
33 5870
46 3083
65 4362
72 6823
21 3200
42 6768
32 4033
37 8886
17 7254
80 9020
87 1656
19 5530
86 1259
58 548
49 2404
36 5827
71 4016
13 6859
23 8601
79 1581
35 9276
29 5420
12 8924
3 8229
48 6853
83 6700
5 1489
18 4214
9 4921
77 8151
767 57 26
63 5912
45 5779
43 2736
39 9250
37 699
22 1382
48 6915
29 611
79 4998
42 2306
2 3222
16 893
55 9517
69 9968
4 1316
71 8586
85 7851
82 200
21 319
52 2558
50 8975
87 5368
18 8733
6 3433
44 2066
40 886
5908 32 56
7 1401
56 2116
29 90
66 6625
34 5437
65 6197
80 9833
16 66
57 2075
3 3152
53 3173
21 3625
47 1082
26 3275
40 5396
77 1833
63 4172
19 7271
1 8873
45 4188
35 9623
46 8726
20 581
27 2801
42 9004
83 848
78 4380
8 4325
4 6559
50 9683
32 8519
24 4107
62 3817
72 9976
49 8829
39 2879
41 5845
59 2925
5 5100
44 1437
17 8951
70 2642
38 288
61 7276
15 2644
11 7485
64 4173
88 822
18 1701
85 1666
14 2708
86 8193
30 6023
6 2435
60 6267
43 2130
4208 57 26
28 9404
36 697
65 1042
58 2042
70 4808
54 8307
64 7850
47 1814
23 7421
6 8429
78 2817
46 607
85 4565
15 5716
35 1915
44 3336
63 3899
69 3596
2 3631
75 7221
22 4923
57 1472
9 5579
77 2663
71 8374
61 9829
5491 2 7
87 3436
42 2275
9 7319
80 8439
43 9251
88 4363
67 7591
9714 41 53
55 6600
54 5349
5 336
65 2265
42 4362
56 1240
68 6396
25 7586
82 7585
6 5595
34 3077
87 2937
20 6203
30 4714
85 6247
9 171
61 661
35 3569
80 3299
76 6505
83 7243
39 3659
74 114
62 3612
11 9120
8 7032
4 1265
49 9619
81 9030
18 8069
31 8631
14 8655
71 2737
67 3609
52 7818
21 1912
66 4987
22 740
86 6087
24 4368
59 6201
1 3130
50 8513
33 5373
77 1090
47 4339
41 8779
15 3386
43 3563
2 2253
57 9055
60 449
12 9116
6265 1 20
42 6497
2 4686
27 8431
86 7900
28 7467
81 2697
6 3276
20 5688
78 5105
49 8747
19 6570
40 4804
56 1431
23 4426
38 8225
83 1798
8 78
15 2006
64 904
79 1085
9951 50 18
42 7241
17 9496
46 4117
24 3345
44 9418
16 9309
9 7159
68 4192
29 4840
71 986
61 5381
88 1129
60 491
4 4761
54 5214
23 9894
1 6036
59 9251
9112 44 0
9508 13 33
56 7284
64 2792
47 2353
42 9403
57 2059
27 932
10 904
88 9522
75 1907
22 3786
17 4009
41 5091
2 9341
81 8047
86 9401
51 3549
53 8199
13 5587
46 6942
63 5487
73 2360
35 5336
85 8740
14 3163
61 7288
69 2112
28 9879
7 7234
18 4063
77 3753
62 1411
80 5793
4 8569
4549 15 19
42 1063
71 6316
44 9216
75 9480
5 3469
56 7486
86 6273
63 9243
41 6049
7 8239
82 9191
12 4220
43 5312
68 7531
29 4221
9 1239
70 598
31 9950
2 2305
5928 39 55
46 1001
80 4049
82 6766
7 2187
45 5062
33 1192
65 4325
15 7285
37 9810
19 4220
74 4166
26 6987
27 1826
62 6122
43 4638
5 3405
13 6210
1 2010
42 8343
51 5734
38 5647
56 6591
54 8628
88 7639
30 9871
9 2995
36 1761
66 1278
21 3497
52 4808
44 9574
71 7679
78 2591
41 5720
2 3995
67 6942
79 1054
47 3664
55 338
68 8431
69 4177
6 1990
3 2259
84 9
77 8232
70 6145
64 7893
8 8828
31 9124
24 9271
22 7107
73 2499
16 3094
81 9605
87 175
7350 12 58
69 3246
5 4944
41 8693
53 6639
74 5976
13 7571
50 3614
66 3130
57 6620
11 9493
80 2015
39 6618
7 3847
68 6738
9 614
52 9875
84 8101
48 1064
6 5933
45 5351
27 9778
61 9539
54 8784
75 7778
31 3977
72 6547
46 6911
18 1009
14 1297
8 1360
76 424
86 5471
73 6424
4 6823
34 1715
44 1599
2 3714
10 7808
22 4357
37 9793
82 1262
42 3940
36 3607
65 9524
47 1338
3 7645
24 1315
64 4815
30 4505
51 8162
1 8111
35 8193
12 8732
25 3578
43 2232
32 4348
60 6921
56 6896
8987 31 44
72 6424
24 9680
69 9201
18 8714
3 6407
80 486
37 7651
9 805
54 1022
42 8093
84 3431
65 8886
47 9920
67 8124
71 1905
46 7712
36 5460
32 6055
19 5783
86 5801
56 9837
70 115
30 6205
22 1686
34 1234
21 324
73 9266
43 7555
41 2387
63 5127
23 8112
33 3391
29 8123
28 6378
50 7197
13 2863
51 209
4 7827
49 5618
10 84
27 6608
68 340
17 4519
59 9290
5618 36 18
82 3762
58 7434
7 7461
32 4233
23 1554
64 8693
31 613
88 8790
43 3055
39 179
54 7361
75 4283
21 9004
77 4574
61 4838
26 4283
79 1994
78 6943
5234 15 25
34 8824
80 5689
9 9102
42 4611
30 2286
50 9107
59 5494
12 6482
27 6824
60 8298
58 1512
33 9467
79 33
37 7913
25 6480
47 6603
55 4071
8 6926
15 6220
49 8545
40 8439
20 8423
24 4943
16 5190
46 3877
3407 10 30
28 8285
63 4345
29 7735
60 8717
30 8112
52 5016
36 5071
64 7064
37 5261
54 4411
47 7934
9 8807
20 3153
6 4771
78 9158
49 594
88 2370
48 7549
11 5402
12 5310
55 6364
27 8151
85 2232
1 8951
25 8945
81 9722
2 4147
62 1248
15 3309
40 1743
6641 60 51
51 10000
39 2643
77 6166
58 3108
66 3313
74 3313
79 2520
23 4586
67 2609
88 6857
8 2656
25 47
83 5898
7 5121
16 7555
22 5860
29 9133
82 6339
71 3708
31 1886
4 4441
15 9622
48 8864
3 5532
42 8763
46 306
6 3207
55 5851
72 1633
13 98
12 2672
18 9873
73 4032
35 6538
45 1370
28 43
10 416
61 5028
78 827
49 5702
59 9326
14 4947
34 2246
43 8732
54 7306
76 9397
41 7923
85 7148
44 5560
60 153
30 1787
6390 7 21
5 9834
52 4972
47 3757
64 540
88 2831
63 8968
28 4166
38 4963
34 1288
80 6801
46 9874
78 1004
9 6506
27 782
41 6640
16 587
81 2608
69 6419
15 1809
74 5123
30 1639
7323 18 44
12 8510
13 2077
11 4404
42 4588
67 5913
36 3040
46 5932
58 1602
28 2449
41 8334
6 6704
17 2247
72 8963
31 8108
77 4651
48 8765
30 7805
55 9246
51 3754
32 2840
34 3090
52 3217
29 4246
87 1644
69 3365
5 7318
54 3926
24 2729
26 178
88 3134
78 5164
23 3173
53 4257
63 3052
49 8418
57 2876
21 1630
56 5574
18 9453
68 7285
44 5118
50 4535
47 3449
19 8485
2820 9 6
30 1515
85 8116
3 2805
84 4498
58 9923
71 4731
7143 10 32
85 7190
41 1975
18 3565
20 3720
46 5401
34 8313
4 3757
56 1417
32 1151
44 3927
33 786
84 1632
52 6347
80 9711
19 1499
23 8175
36 1540
35 4666
3 2706
51 9888
5 354
64 6753
55 7168
42 1959
21 4515
67 2442
83 1063
40 589
37 6080
86 2108
76 9097
57 3645
1836 14 13
64 1153
85 5231
43 478
25 5774
61 9158
47 9243
79 2449
76 5653
10 7774
78 2338
5 9655
63 9792
73 2230
9866 57 8
57 6069
49 7215
76 8286
73 7377
12 3755
78 2138
20 3240
44 6193
532 59 40
7 8341
78 9834
82 9062
49 4895
27 1442
67 4064
32 2840
68 2901
18 9370
30 3227
8 5182
50 8962
75 3792
2 1424
56 6670
29 6905
19 94
13 972
28 3668
73 8674
54 4062
46 5521
14 6811
36 7315
31 767
24 4821
64 4625
58 5977
38 2128
84 4720
52 6713
72 4991
16 6019
3 2458
86 9639
41 6122
87 3000
51 5540
57 4660
88 7463
441 64 34
12 7942
67 1987
62 328
82 2993
13 2052
51 1285
16 4862
78 3967
41 7779
40 6468
28 6031
14 9867
60 8919
37 531
63 945
21 6315
45 1111
57 5881
68 1720
32 4196
55 263
39 2906
34 8490
35 4808
44 5974
54 8683
9 6196
69 6155
58 1026
59 7617
53 610
56 1192
74 1544
88 2136
7427 42 59
13 4162
82 4109
30 4642
76 7956
86 9238
28 8558
46 6440
35 4829
32 2516
23 7629
66 2582
40 2600
7 6025
38 8401
84 898
20 860
62 3278
87 431
6 3084
15 1717
24 7560
27 7511
78 7774
80 5113
45 123
10 7830
71 8240
52 1092
41 236
60 4477
64 3593
2 882
37 7619
73 5834
14 3391
56 3105
25 5451
3 6981
77 3762
33 6607
65 915
47 2386
59 1497
9 8813
83 5663
42 4987
79 2019
21 8914
68 5294
5 3797
29 7175
85 7184
36 9275
50 8907
63 5931
26 9923
75 5218
72 182
51 9069
1501 16 12
15 274
83 6753
42 1123
16 7564
36 9317
49 1249
79 6409
11 7592
54 1356
9 1991
85 7846
13 7186
2302 5 55
56 5098
28 5998
70 5679
86 5668
18 9989
23 5258
17 3272
43 4152
9 3865
5 4215
7 9997
10 9192
76 8003
3 8480
83 6839
37 7219
54 3497
46 6928
15 2574
75 546
11 5639
55 3415
14 938
63 4590
24 5183
21 797
72 6063
78 9576
25 5314
30 4814
20 4735
59 9525
31 2964
74 5836
52 1590
33 3441
61 749
66 6260
82 8615
77 2069
44 7055
80 4681
69 6843
57 6570
8 3159
48 751
79 5551
88 2303
53 4828
22 6287
39 5578
2 2489
29 2264
16 1719
84 7101
4934 33 62
88 8435
11 5085
44 4921
48 6489
40 2959
26 2464
19 2349
43 6243
57 1377
25 2314
4 1021
24 9106
49 2134
62 1930
31 1623
14 3157
36 782
75 3911
15 5104
39 5967
66 2810
21 2199
12 1760
37 3397
74 6760
80 4849
9 5964
41 1980
29 8031
1 3475
10 472
61 3923
32 966
70 8269
20 2440
85 5421
33 6897
52 7743
69 8961
58 8481
72 2520
7 7029
22 1433
34 6095
38 8694
78 8127
82 2907
35 3270
76 1987
18 3750
73 7836
71 2015
2 7673
54 3051
86 5602
60 7476
68 2487
63 8464
8 4301
47 8735
3 7603
27 5949
4160 43 33
62 6004
20 5953
15 5859
29 7002
10 7810
61 3839
8 5914
71 9653
59 5318
82 5724
40 5785
16 2726
17 7902
9 1602
66 655
48 216
72 75
87 8629
14 3790
39 4646
56 2994
60 9677
76 9637
37 7989
12 7194
24 7662
32 4834
77 6851
55 9201
13 5715
50 1955
79 4084
69 7839
321 5 44
16 5999
63 36
85 1959
32 6968
1 7530
76 7129
56 1386
15 7507
38 9852
7 8638
5 5545
9 4804
18 3893
59 5099
62 7589
33 3569
80 4418
52 8582
34 3335
55 49
67 3540
69 3883
78 9308
41 6577
31 6340
86 3063
17 9650
39 6679
53 7013
2 2387
46 2296
23 5454
20 6655
58 1670
44 1885
12 1011
42 3475
74 793
77 3896
11 6737
70 6462
82 263
29 9410
84 5617
4880 17 15
57 3789
1 3335
72 9635
31 4871
32 869
58 9630
63 1913
3 8639
22 3321
76 5518
35 5190
53 1666
16 3440
2 4719
4 4613
474 65 37
64 671
18 2730
69 1707
55 5715
14 8858
11 2439
6 6638
41 2303
32 1533
72 126
62 2401
42 5204
27 7639
45 6620
33 8785
40 9885
36 6248
15 4030
58 136
78 1889
3 7001
44 6726
12 6674
79 8596
87 7923
23 688
26 3683
57 1797
20 61
84 3006
53 717
50 6232
73 3817
31 2959
82 3149
61 5375
1 8742
5419 23 3
64 6385
15 5944
28 9206
4234 5 26
85 8986
36 1346
2 6249
54 6993
17 94
41 3917
69 1381
1 8875
43 7211
29 1988
52 5651
9 8979
79 755
84 9562
55 315
66 6813
68 5892
74 8024
20 9822
78 1218
81 5794
34 4041
67 4714
42 7457
16 9513
25 7687
1482 1 44
52 3004
6 6651
8 5422
59 7422
71 9924
62 3222
45 2468
24 4692
46 379
54 446
57 6168
16 3534
47 2192
19 5521
65 9864
88 5400
22 498
74 1723
33 4076
60 612
32 9283
26 6372
20 5096
55 5728
87 5325
40 7349
67 7040
7 5006
3 3842
2 4847
44 6045
25 112
14 631
10 8157
84 5617
4 9625
72 1772
34 6325
29 8360
53 211
68 7741
85 2309
41 3080
58 5398
3847 40 26
16 3851
15 4184
77 9711
67 5839
84 2012
33 3666
87 2797
19 5143
5 9425
75 1078
41 1821
14 3855
40 9180
70 3945
12 5908
6 3167
48 9120
68 4810
52 1139
63 650
64 2600
36 4421
11 4492
9 4034
45 5651
3 974
5078 62 60
27 7702
24 7702
13 7107
71 219
46 2650
74 2980
26 6764
39 1147
32 7932
49 6852
83 7754
19 6546
69 6778
18 6018
78 786
14 1943
88 5567
35 3670
25 1856
82 3257
52 4026
81 237
48 5666
63 1235
87 8534
73 6850
21 3168
67 2247
41 2292
56 6613
11 8870
65 2940
7 8762
29 4041
17 7729
85 4370
42 9753
38 6673
44 1974
16 1138
51 1563
72 7633
28 4243
37 1381
43 1576
68 6597
75 4122
36 7085
3 2319
2 2421
84 5726
55 2086
86 1352
12 7970
57 6700
10 6693
1 2939
53 8221
61 1419
54 9633
7056 5 13
20 4544
75 5839
80 349
74 3970
76 464
41 9267
12 5526
70 9400
39 6640
81 7645
26 5122
72 635
4 7326
7940 42 31
56 5070
4 5618
63 9307
15 5635
64 3944
48 7679
55 2233
9 2163
67 7883
59 1393
2 5898
73 9026
57 6050
1 2621
75 764
37 272
40 6806
24 2205
46 5013
34 8209
22 1280
68 1526
25 9195
27 6116
35 8069
87 8779
42 9091
54 5132
86 7053
7 8025
70 1441
7970 62 25
11 8876
64 2833
26 3417
24 3194
85 7056
82 8272
30 1629
28 4170
20 1473
37 1410
18 3645
3 9908
46 3787
38 8818
75 5893
2 7234
31 332
17 6926
53 2
63 7507
8 8644
51 5239
41 8278
84 7941
60 5725
4853 15 45
87 3857
7 9214
35 2372
49 1150
61 4826
21 2446
88 7528
37 7129
41 1476
25 5762
34 9928
62 3547
75 4723
22 1878
55 8466
72 1456
76 349
33 1932
85 4541
45 3287
13 7375
58 7593
23 7333
36 1450
63 6520
84 9299
68 121
65 716
47 8407
77 2783
20 1971
38 9151
27 279
18 8488
60 9606
64 1134
16 392
86 8793
12 767
44 1664
82 9789
26 7618
48 3397
14 3052
8 9143
8455 6 11
12 476
84 7989
61 925
56 8565
53 6990
9 2315
19 5480
8 4058
4 55
83 1496
15 7565
5795 16 2
45 902
8 3893
368 43 17
28 8147
87 3465
11 327
69 2835
31 5712
44 3607
62 9559
38 1194
52 5080
9 6720
74 6581
46 3541
18 1073
35 9112
45 3506
43 3477
14 6440
2101 41 38
55 7136
2 5558
60 2043
66 9889
57 3784
54 1293
28 2207
86 2008
22 2218
72 1510
87 8013
21 5244
81 6087
84 3878
39 3300
78 2716
37 6391
23 8225
70 3889
85 7237
75 9382
4 3294
27 4578
30 2637
63 6736
59 2375
26 7677
25 1118
50 7282
15 5052
29 3720
31 8771
42 7811
32 7823
65 4688
43 8507
10 5862
36 5631
1297 49 54
57 2593
11 4706
67 9674
35 368
53 436
42 2592
2 4989
24 3258
15 6835
81 9904
79 7702
16 2824
48 3877
49 9855
30 5219
58 6956
84 472
32 574
83 5866
43 2969
78 2822
68 7971
45 5533
28 8378
76 453
13 8007
20 3812
19 5779
54 7877
77 6658
26 6504
88 5934
55 7894
56 1155
47 1878
80 3879
29 4940
60 513
14 266
85 8067
38 6293
18 5386
75 5722
37 8656
74 3142
66 5825
17 3658
10 8882
63 4895
7 2262
23 990
87 9952
6 725
34 9834
2332 43 5
36 423
65 7348
76 9796
68 1083
18 9940
1296 43 57
57 5864
10 4917
36 5070
82 4588
78 3664
74 4398
33 2223
75 5247
60 8075
45 1173
38 6823
67 8250
79 195
14 3546
6 433
24 3410
18 1991
49 3979
50 5775
80 9214
61 4953
4 4773
70 2413
20 9646
32 2401
41 8921
27 1394
87 3703
51 9163
15 5654
23 1953
7 9031
76 6634
21 7188
25 1618
42 9130
85 3197
83 61
65 2577
88 8859
47 1494
26 8361
73 6153
29 7068
56 648
86 6829
63 4442
16 5873
19 7571
46 3178
68 4397
13 9259
9 7989
2 2603
17 5604
55 3661
58 4036
1565 1 35
11 6984
38 6042
13 9013
2 7754
67 6789
77 5630
82 7246
15 1637
42 1258
58 915
24 70
29 7567
28 116
51 5398
44 2329
25 774
8 815
84 5852
68 8135
71 2369
10 6416
45 780
46 1604
63 6693
40 1368
22 2680
87 4501
50 9639
43 832
20 359
55 989
1 8283
36 8897
76 8282
47 5040
5617 57 31
82 6099
19 8041
67 1295
46 507
22 5512
7 768
61 5889
2 5610
78 1658
11 1730
3 9133
43 227
62 7384
42 5212
18 7796
30 1694
36 6806
70 9263
77 7895
88 4551
33 7594
81 1301
69 5017
10 6403
68 1079
60 6454
41 1119
17 184
12 5540
38 4605
28 9024
4760 42 10
62 6823
19 9707
41 9423
88 6630
23 3957
85 5479
57 4995
47 7729
37 8985
38 5516
6938 51 26
61 5179
41 6660
9 2759
82 611
85 2637
86 7807
67 8928
72 9205
57 2678
24 2484
88 3338
17 3907
22 8475
20 7496
5 9482
84 6625
49 3456
40 1103
70 6630
29 9895
56 3546
65 6288
58 2753
25 4919
39 5652
77 3196
5905 35 58
76 8643
21 4158
50 555
78 5933
3 6892
17 2838
65 1795
9 4077
15 3766
67 6742
64 6315
52 7124
73 4765
34 6879
75 8382
5 74
36 2170
40 1035
72 9009
41 1663
71 2344
10 420
49 3959
63 5285
85 1639
87 5409
84 9691
32 1515
19 2605
54 9054
22 6667
86 6101
46 3213
69 5972
59 1437
68 435
30 2701
28 4928
20 4181
55 3068
16 5903
7 3561
47 1497
18 570
43 8756
74 9869
4 5799
26 2443
51 7184
81 2114
11 4922
58 5237
44 7886
88 2369
39 6458
42 3193
82 4499
2 8384
8987 29 32
43 60
72 738
32 3018
23 8895
87 7174
53 5905
38 9317
9 8873
4 625
3 6075
55 5080
68 3902
31 7867
30 9069
17 4496
88 3836
65 971
28 3351
19 6575
33 1680
79 8301
21 9184
54 4907
45 3231
77 880
26 9351
60 3255
1 9444
75 5515
41 6497
27 6390
71 1754
1282 4 55
79 5432
87 8906
53 2891
43 3141
13 8617
16 4412
69 571
24 7578
10 8439
7 3059
12 9438
44 4817
67 8544
27 7615
21 6997
31 4780
39 3128
46 2950
30 9338
59 36
11 2701
3 9109
32 3400
62 9559
14 3445
49 7512
28 7424
41 8432
8 1102
19 7687
51 7678
86 872
6 7947
75 6267
52 4507
72 8273
38 6310
42 9836
57 9556
18 8410
4 2712
50 2910
77 4568
80 796
56 8756
71 3704
76 5530
63 8754
68 2295
20 5681
74 8755
17 5482
66 3204
82 38
26 7564
4157 47 42
86 8295
17 9306
47 6434
41 9113
56 2693
9 2743
70 9536
31 8346
74 292
87 6030
16 838
79 7682
49 4753
10 9020
73 6897
46 2801
80 2557
52 1912
58 6392
39 7969
84 2550
11 6187
3 4082
51 8282
72 5966
81 6568
14 648
33 4052
22 1959
27 1664
44 9942
19 6070
4 2860
5 5313
76 3445
55 143
12 9750
38 3757
59 8267
42 581
8 260
54 3153
7083 53 39
66 6577
25 9874
50 5917
64 9198
17 1641
63 6372
6 6757
30 7563
65 2808
1 4026
14 4045
78 4905
70 4577
46 9659
40 5971
3 9516
5 2615
49 615
22 245
9 7808
83 519
27 8893
87 8346
33 1957
42 8930
67 9390
88 4810
35 2684
41 5174
76 690
21 2274
38 2044
68 8769
44 8661
12 2657
29 935
24 5574
15 4576
58 8528
9879 11 58
86 107
15 5658
26 3060
17 1983
53 8909
35 3757
52 7155
36 1867
41 7130
79 6582
50 9304
4 2688
65 5817
68 2922
16 9501
56 324
40 5514
58 2172
44 3687
25 5497
73 9308
66 5817
1 5642
62 2944
28 738
81 1747
33 3691
22 7502
3 9232
11 9875
39 8955
45 2760
59 6454
63 5816
12 7973
48 2120
24 4134
43 5294
75 1197
42 9518
88 6066
61 2374
46 960
83 2307
32 5105
87 80
8 540
20 1871
10 2811
69 5155
31 4937
7 803
6 2263
27 8488
19 2544
54 9538
9 8103
82 3809
2077 6 55
50 3644
88 2557
2 5139
60 1810
74 9776
25 2653
58 8335
70 3231
66 3290
34 7623
77 123
67 7346
46 8533
11 9027
19 4241
14 5558
27 6751
87 8879
35 1754
39 312
8 921
49 8080
5 8596
54 4393
38 10000
21 2352
37 7173
85 1392
80 510
42 2457
26 7386
78 2067
30 6479
79 420
40 105
20 9378
17 8339
63 483
45 9767
56 3280
9 7103
76 2021
81 701
86 5284
31 5547
57 5221
18 8501
82 6791
10 8461
7 6662
71 7409
53 863
75 6340
24 177
61 1646
6132 13 64
54 259
74 5925
20 3225
55 2439
78 3198
6 6740
87 3006
57 7973
8 230
63 9291
80 5722
12 8601
85 8084
11 7815
52 6105
7 5302
19 6000
36 8567
23 6871
71 6449
46 1293
33 255
62 1657
15 5248
84 2946
45 6678
30 6004
10 545
60 5918
68 8124
50 3105
9 6229
58 4779
27 1272
40 810
83 1570
42 1545
64 7231
77 1137
29 1725
24 6665
38 2455
70 711
22 2305
53 9309
59 4942
49 1961
76 8252
41 4715
56 9864
66 9522
37 5721
65 9867
34 919
79 8795
1 4909
13 9855
43 5879
26 8434
32 7751
28 9498
5 4374
18 7599
81 4999
8593 27 46
66 3461
50 1794
29 4678
64 169
15 6115
54 1430
24 6478
8 1510
7 1614
13 6458
68 9949
49 7510
85 5529
53 818
5 6023
37 3321
52 1346
77 2297
2 9647
48 3317
26 8690
22 245
12 1213
76 3352
80 9337
10 7342
40 5489
62 4334
84 5605
72 1697
36 2665
69 778
43 5123
19 1550
81 7832
63 3087
17 8292
20 4007
31 118
30 3715
35 841
44 901
16 6498
14 5327
45 1452
73 568
2642 6 34
68 5606
6 7320
69 4700
80 5498
26 638
83 9429
29 9112
39 9493
50 980
72 4421
33 2923
36 6507
17 96
77 4802
23 8959
61 2312
1 2470
55 356
10 5454
31 333
47 9497
37 8007
2 4988
48 8939
20 7800
7 301
16 5214
49 7034
18 7036
38 3268
71 4180
8 7402
58 2841
53 2375
6222 17 32
52 6468
44 4741
51 4030
24 2057
41 4467
59 4932
19 9343
81 2266
70 993
68 4998
14 828
47 7526
56 4346
60 474
7 772
48 2232
66 8203
74 6123
12 7795
79 5903
15 459
6 6411
88 7752
11 5607
34 1912
78 9773
30 6920
28 4147
25 6976
27 4386
22 6173
26 1531
2917 19 43
48 6545
38 4616
35 2993
17 6749
21 8551
80 7100
37 1610
39 6139
44 2516
66 9534
45 2261
62 3727
77 8384
28 9349
87 2982
47 5177
51 9682
15 8998
79 7240
12 7040
57 9874
24 930
86 6485
81 4455
5 6701
40 8033
58 6061
32 4311
53 3330
49 9878
25 7126
14 7465
50 6337
73 9727
2 8986
68 1971
72 3096
18 9861
82 3561
76 8227
67 7730
84 7815
1 8584
9392 57 61
11 3126
46 4249
5 7360
9 9948
12 6205
3 4969
64 9759
13 9323
38 4890
78 1713
86 7001
74 8286
85 9626
87 7819
84 909
70 5172
63 7016
55 5782
72 9143
83 2688
48 8914
82 9544
60 759
76 9540
21 2606
7 4563
18 7666
80 9327
43 8374
54 8032
81 3871
34 3177
75 1446
77 4654
61 9072
15 6754
66 7721
42 6064
24 511
27 5785
25 1216
56 8315
45 8251
67 8592
50 2048
47 5668
14 7134
73 8377
23 2303
26 2977
1 1708
52 2622
62 6768
19 5664
57 4500
65 9418
36 1206
44 2421
4 3228
68 1252
41 4770
5707 19 55
21 898
84 4679
63 7431
16 9741
82 1521
44 4405
59 8271
15 4727
65 7234
7 8435
74 668
23 9715
51 978
20 7240
5 169
73 2033
76 5563
83 9971
86 8218
67 6025
45 6264
25 4700
27 2759
52 3972
32 6600
68 5982
78 1530
12 125
64 4491
35 2282
29 6587
9 5323
13 8483
40 344
62 6326
4 5626
88 8522
34 346
41 7476
24 8896
53 1308
3 2215
37 8195
70 5761
79 3357
36 1896
55 8967
61 4079
26 4146
81 4137
30 3510
85 350
31 4299
11 8777
6 3535
2611 43 32
79 2738
80 7061
30 7266
54 5314
67 612
46 1397
81 6029
37 9948
57 2982
29 1674
69 5626
66 5478
26 4976
83 2008
76 8267
70 9385
59 9741
18 6835
73 2653
8 6801
43 1224
17 1179
63 8785
48 9024
19 8890
33 269
55 1968
42 9193
2 9617
12 825
31 2273
61 2814
4887 34 14
56 9980
86 7318
35 1617
23 8248
57 8822
79 8656
15 8851
85 7103
58 3406
40 286
74 4232
62 8558
22 4400
52 8877
7620 32 0
8972 49 49
8 306
22 7479
19 7847
82 2425
64 4601
84 7142
74 5002
50 2315
63 795
69 5870
75 2170
11 3510
42 3753
26 7764
41 4903
76 9950
65 2456
6 7597
72 2748
56 3488
38 3672
46 9643
28 3777
53 6798
39 4827
36 6709
81 1215
62 6570
54 9876
15 4878
61 1377
2 6513
85 235
52 2346
88 663
40 1035
10 7714
79 9412
80 2085
83 6683
24 5049
51 9702
23 4006
49 8345
45 7400
87 594
25 2462
67 6951
32 6408
7379 1 6
73 2160
18 7251
62 32
74 3835
25 9412
3 1863
4557 36 46
87 8644
11 2469
31 3273
54 6192
55 1870
6 5290
80 3513
71 8359
78 634
59 6403
69 3689
60 4933
79 1659
18 9721
7 8803
84 2878
67 4182
24 2850
2 9109
82 6409
37 2189
13 8484
43 1774
56 9972
29 9615
64 3404
33 3376
85 5076
17 8181
86 228
49 6886
58 5629
76 1155
73 9249
16 1128
4 4167
28 4621
21 4599
44 3824
45 8034
5 9893
48 7125
52 5717
77 156
20 1056
63 8395
8876 1 57
40 790
35 7195
61 1958
12 5549
11 5423
66 8952
79 5381
3 3393
20 8980
17 1390
87 7856
68 1359
73 1996
45 904
8 9990
6 9746
9 9536
65 613
82 3645
70 987
86 5231
62 3627
39 4489
57 5665
55 9828
24 610
32 3927
36 1576
37 9176
48 7278
63 2464
78 5912
25 7032
52 6244
56 8279
44 3052
75 543
60 9295
84 350
51 5203
43 5087
81 8331
42 7394
16 5557
50 4300
26 713
27 1382
29 9757
2 7137
74 2618
18 6139
71 6279
34 5123
41 2990
77 7221
80 2006
85 5748
