27 67
966 1 14
54 7246
51 1095
11 7421
19 7628
45 7148
8 1139
36 4155
25 2661
58 5612
60 5341
16 5430
55 9410
5 9350
53 4769
9762 13 10
14 4230
53 4348
52 7461
60 5280
66 7865
12 9739
27 9235
30 69
41 5139
57 4619
6070 8 26
58 678
64 4447
34 963
59 7474
16 5239
24 1016
27 8515
38 9407
62 7286
18 902
3 1601
8 8161
12 6873
50 2093
9 5490
39 1815
45 9529
4 298
13 5981
57 9713
41 7663
48 7017
53 6361
42 481
29 3348
55 5271
7744 12 18
44 1482
56 6715
53 338
25 5726
33 830
63 1217
10 5432
1 3467
3 1033
11 3198
13 7980
65 9029
22 2468
40 5114
21 8163
12 474
29 3278
35 4965
3920 10 18
7 9655
24 5422
19 8877
37 4502
55 878
13 2815
6 6454
28 7866
30 1113
57 9928
49 4176
1 5332
56 3709
62 338
65 2023
26 8090
59 750
8 1956
5576 15 8
17 8140
59 9445
16 8767
30 9462
2 3516
8 8005
42 8577
38 8777
8797 1 9
23 6305
28 2001
53 3191
34 1073
10 5101
11 8986
30 9474
58 4439
41 6541
5078 23 19
54 6186
62 5979
21 1805
24 3330
25 2371
43 3133
57 895
16 227
44 3800
22 2165
4 3717
42 2143
32 1883
26 7473
28 3587
3 4270
8 4747
40 1578
50 6626
4258 27 12
27 7106
39 8848
21 4004
32 4126
41 8213
34 4067
36 1849
20 1256
44 5155
37 4863
10 797
22 8251
5443 6 9
41 4957
5 321
36 5472
39 9202
24 8981
47 9652
52 5929
50 3231
51 6525
9356 4 9
39 8219
13 2804
63 5230
9 7016
26 1588
44 4122
7 6936
65 9678
14 1201
6177 21 11
28 6846
7 79
16 6783
18 3186
59 361
23 1579
27 4965
58 6254
8 6366
21 9664
14 6838
3730 20 22
17 4612
24 143
57 6416
3 2982
61 2642
40 7066
63 4413
33 3047
21 1541
44 1948
12 4204
1 8896
41 4907
25 3971
62 3742
60 4261
51 8271
55 5483
52 6049
46 377
45 1659
26 7505
7928 21 20
40 7706
33 204
49 2637
51 7722
38 3932
16 993
57 2551
50 42
25 7858
41 3141
35 5283
2 5054
3 2709
59 3782
61 4315
45 5095
43 6350
11 886
30 1935
6 6753
5687 5 10
61 8116
63 8489
48 6238
62 4965
10 1048
4 2753
8 7975
9 9132
53 3477
47 4266
7807 24 4
61 5479
57 8384
46 2834
47 516
5218 15 19
6 3417
25 6924
35 6845
60 8050
38 3666
31 7431
37 6450
58 1535
41 1801
44 2159
24 1015
39 7331
36 6802
8 2280
47 6113
54 8850
4 5570
26 9941
65 4957
1779 27 8
12 7635
18 9687
24 5869
11 6438
32 7179
51 7464
1 5401
29 3832
5647 27 21
28 5565
61 142
42 1515
35 3063
63 9843
64 1437
27 6902
23 8310
16 113
31 3522
60 9085
43 7063
33 9363
1 8209
22 8711
14 8285
20 5157
26 7366
57 6355
59 2783
4 8895
9634 15 19
33 3431
26 8483
49 441
31 1599
30 5847
19 403
41 7709
27 9912
10 3483
14 939
5 8386
11 4196
62 4594
28 3693
23 9943
35 3312
43 2049
37 7738
16 6368
4527 15 12
48 2161
51 1668
25 9572
5 320
50 7037
21 2025
43 4762
59 8821
56 9396
53 6386
47 4390
57 1460
5923 12 23
38 2278
31 9729
12 2114
53 6024
52 56
61 7593
39 2574
33 3284
48 3774
45 5326
20 4549
47 7261
18 5237
17 4669
58 579
13 5693
54 9193
6 7139
25 8693
40 9844
55 6153
15 7309
37 6192
3325 24 7
3 344
50 2363
4 853
21 3948
35 1121
42 5768
64 2763
8180 12 9
5 4810
14 2244
65 5653
60 2213
18 7882
9 8142
43 2705
61 8080
17 6566
9044 5 3
6 9651
21 1014
9 3483
6593 20 4
47 7561
39 7420
4 5336
3 4001
4704 24 5
14 771
2 4816
15 4085
22 7539
27 6605
387 24 11
21 4750
40 66
50 7969
5 962
43 847
11 191
60 7600
48 7280
22 7496
65 9797
59 9310
7811 6 13
37 5574
65 7879
32 1912
11 4277
45 6224
36 4537
29 6508
1 9354
42 2751
8 6665
46 4664
47 4366
55 9405
8957 17 7
37 2901
64 6973
34 9504
40 7522
62 8235
38 3132
5 4057
5124 15 22
51 1026
59 8979
16 5885
45 9762
36 3487
31 1229
60 5463
38 5356
41 6710
65 1930
25 2657
57 2258
46 3638
18 9863
8 9807
42 2818
28 1502
61 5937
26 1313
9 3855
29 6877
34 4621
8026 5 7
54 2939
66 6905
42 258
48 9999
59 2815
8 6796
36 5887
8924 8 26
24 9371
49 1681
63 6626
56 3826
31 4984
26 6241
58 6455
46 4978
52 4910
34 2286
5 3600
60 8130
57 2163
29 7373
20 8409
19 5131
48 8254
13 4155
30 9810
61 9305
38 4193
17 4018
51 2367
3 3142
50 4704
15 5739
3839 25 25
45 2177
48 5576
42 5524
26 666
30 356
14 6284
29 6540
44 9301
2 9232
21 4994
47 3683
59 7561
37 4607
33 2264
65 5691
43 7926
25 5480
49 516
57 5784
34 9665
56 1323
27 7244
35 8223
19 2524
31 5946
7099 15 0
6734 25 22
12 6290
15 7200
38 9649
14 4564
32 1386
61 1372
57 7866
39 8294
29 2448
28 7067
25 2641
62 2652
16 976
60 9179
65 3675
36 2912
34 871
9 7848
27 6555
6 8850
53 9256
1 7856
5914 25 19
32 6064
15 9738
49 9720
59 1730
2 8261
36 1024
28 3415
47 4307
10 8941
53 7397
62 1966
39 5489
38 891
33 577
30 9343
11 7716
54 4171
26 8786
16 9672
1710 13 5
12 4964
29 7551
9 9079
56 1466
25 5173
1553 8 3
34 8186
49 5905
8 2174
9294 6 21
38 7952
62 7100
20 4369
43 4811
3 656
30 3421
61 4299
60 2591
39 9356
32 672
4 6563
17 236
49 5878
48 2565
37 5382
27 6372
29 2033
11 9561
7 181
26 9256
51 7959
1030 25 26
58 4643
3 7869
37 839
5 7091
59 6934
44 7479
56 505
15 5436
32 8688
21 6123
2 4411
61 5774
13 640
66 4469
53 9657
25 2340
29 7890
17 3651
51 2543
28 6893
35 3172
16 5339
8 6148
49 6861
26 2120
22 3377
1817 13 20
42 5527
16 8306
48 7492
1 7016
33 2408
11 1637
15 5402
12 5886
61 5785
6 3929
8 1766
2 4772
39 2647
38 2188
34 7863
13 8011
41 5815
7 5556
23 3779
60 2000
3654 16 11
6 9669
12 671
63 2512
38 5857
26 6635
18 9870
40 3841
5 3786
50 527
31 6333
51 7831
2596 13 15
3 3511
22 9359
43 9861
34 6379
19 1253
55 6336
64 3122
26 4859
41 9276
25 9874
38 2120
61 4429
16 1032
51 7240
60 4944
9810 10 4
26 7046
55 5601
56 1325
42 2293
9539 18 25
8 3561
56 7265
57 4395
32 4168
12 2157
46 4796
54 879
14 5312
50 6603
39 3440
63 8762
52 7615
11 4825
38 6816
19 5994
49 2323
45 9978
18 6209
47 7515
61 1642
30 839
29 49
41 9138
24 6059
43 3711
7104 10 11
48 6762
28 8660
5 4416
32 8468
40 1820
12 8721
61 8842
3 6770
1 5338
10 6353
64 4178
3404 25 18
55 7289
9 1296
23 8977
21 3795
66 1685
60 2868
53 8172
42 9664
1 8957
5 9217
40 2402
65 1116
52 3810
38 6468
13 9221
64 6608
44 9554
24 5181
431 27 15
56 407
28 8804
15 7012
9 6890
44 9863
65 8300
33 8537
34 3198
37 5533
27 8802
24 4303
4 638
11 4725
66 5438
45 358
8505 7 16
2 1387
25 4462
40 3570
29 1833
1 9129
20 1303
51 5202
45 1779
66 4453
28 8000
18 6688
37 4693
35 4424
55 2901
39 3381
14 3575
7413 7 0
96 23 16
19 9480
44 8325
54 7866
55 7021
4 7992
35 4113
66 164
40 6181
48 2880
47 8525
15 5714
9 3433
32 4083
56 8987
31 2606
2 3914
8141 15 8
4 739
16 2811
41 4864
34 3512
11 7767
47 4449
31 4240
53 7287
5667 26 13
42 5578
56 6428
39 955
19 1590
53 7310
32 9727
52 5566
64 7694
57 2610
27 4790
23 4255
46 1303
40 3109
4514 20 10
59 1437
31 4673
5 82
32 2160
8 6606
17 4437
28 7851
50 4484
54 6172
56 2534
4305 27 14
5 4146
22 335
8 8986
3 1949
56 1487
58 5298
41 9771
30 8066
28 2507
7 6852
54 4673
21 4565
39 9539
1 4153
1485 22 17
40 4211
46 6086
10 8193
42 8440
65 1302
19 9036
34 6438
41 271
31 7606
14 2514
2 8258
57 2777
33 7848
32 6140
1 6603
27 9640
28 9059
8468 26 3
42 4212
10 7363
27 8243
4106 1 17
38 5538
53 9255
1 2786
32 2717
45 537
52 8402
23 3037
17 5715
27 3635
49 1123
40 2840
55 6391
12 6427
10 4952
51 5008
13 1541
14 6414
4092 9 12
30 4394
14 8353
28 9295
50 9315
23 6392
55 1409
65 4144
33 1305
29 7726
16 7376
57 5527
54 4903
9136 8 3
4 3584
9 8672
24 4201
2005 22 21
58 8347
1 6377
46 7935
64 9483
4 7323
24 8555
55 7983
2 5875
25 6159
26 3751
19 6994
59 1976
10 4985
45 3000
54 8536
34 1829
16 7839
8 3927
35 6472
50 9644
27 1282
9031 25 16
51 9753
24 1709
53 2140
35 6962
28 5178
61 2432
58 2437
43 6546
55 9438
38 5796
13 7231
2 8167
12 7044
31 1336
36 1965
62 4391
6383 19 22
53 1434
29 6407
18 3666
38 6169
54 6701
30 667
20 2185
59 1233
60 7939
66 9830
36 5424
52 4600
33 4872
45 9069
48 4759
49 7647
10 6109
13 7586
3 9327
57 8351
8 5712
63 1564
983 6 14
55 1918
23 4453
41 9596
5 7005
4 5230
49 806
6 2632
45 9529
51 6900
3 6002
22 18
57 6673
66 3095
64 6036
3060 19 3
36 6220
34 4695
18 841
1256 14 14
7 1206
5 9742
34 5054
55 1076
10 4760
46 7137
51 3165
62 6354
64 3875
4 6631
21 292
42 4205
47 4809
61 6849
