24 40
1914 7 12
35 6225
4 879
7 1465
36 3439
37 9136
13 7428
6 200
27 361
38 245
9 2943
14 9202
21 1288
9642 4 8
20 1227
29 562
23 6701
30 4416
28 2631
7 1928
38 6327
3 7358
601 13 9
33 9030
25 1585
37 1825
14 3077
27 8053
15 8737
6 5289
19 8739
4 9891
7193 16 18
12 6240
3 2838
35 5503
8 8184
18 4345
22 1653
11 1154
28 7196
20 5686
7 7041
27 9713
13 2931
32 4004
23 1084
5 7240
36 7961
9 1166
15 7540
1982 5 8
19 3205
27 8597
11 969
28 7697
16 8355
22 1175
3 2850
33 8160
9736 22 19
17 9881
8 2694
6 8274
23 6496
33 80
26 2162
4 7663
19 6726
38 4629
7 3454
9 7758
21 2958
5 5641
16 7886
20 4919
25 5225
35 5599
34 7461
3 9955
9742 13 8
24 1392
5 6943
22 448
29 3521
14 6232
10 9043
4 7702
34 932
9298 12 19
29 329
38 3271
20 225
14 7344
28 5714
33 9577
27 9477
9 2234
6 1773
11 6691
30 7903
18 6742
1 6831
22 1232
13 2793
5 4817
19 7414
10 6962
7 8733
3291 19 8
21 7160
22 6447
4 6223
24 3884
33 4718
39 1488
27 6215
32 8614
2844 16 8
3 8873
1 1024
18 2574
8 9369
26 2972
4 535
19 3513
24 9186
2859 23 16
27 6944
13 1942
36 9032
14 9193
23 9289
39 7243
5 1371
1 2718
22 5466
17 2436
15 803
2 6463
28 4974
12 8182
37 3535
33 4713
7532 13 20
23 5756
11 8310
30 9022
8 1277
39 7575
22 8489
27 4083
3 8215
14 3157
10 6914
13 4341
25 3295
9 3438
18 1746
35 7632
29 7435
6 3327
32 4974
34 7650
1 1555
4526 24 5
12 3534
1 1924
2 9324
27 4760
30 9645
6559 18 3
14 3828
17 1377
4 8991
9307 19 0
1291 4 21
29 2566
10 6044
14 9972
38 7641
36 9386
17 8173
5 9651
15 4189
2 9855
26 3023
19 3401
32 8450
39 7868
11 6108
16 9675
22 741
20 2075
37 8105
1 674
3 259
28 2389
1757 16 1
34 7765
7505 5 20
6 9704
37 3814
29 9900
18 1573
14 728
17 593
20 5344
19 2371
1 6580
16 5931
15 7076
2 3730
34 3571
39 151
30 8531
4 8732
32 3470
23 9698
9 7962
21 9837
604 7 3
8 5871
17 3150
19 2748
2147 17 3
3 8727
12 4121
6 1709
3196 2 12
1 7116
7 2997
25 1644
31 6457
24 9080
12 2873
37 9540
30 6128
4 6276
17 9535
2 676
19 4237
4491 9 6
30 3186
13 742
32 2252
39 7955
33 3906
4 4549
8772 22 14
19 8896
7 17
23 8654
5 5704
22 1527
1 5669
11 3753
9 9026
14 9734
32 8393
16 3298
20 9194
21 3543
30 4458
8200 4 9
23 53
7 7820
4 3901
36 9976
25 850
1 7026
2 1336
21 9692
17 3842
5581 11 11
9 6275
1 1209
7 3988
2 8938
27 9464
3 3361
33 9433
30 5443
10 89
29 5275
34 7938
9301 7 2
24 5076
15 2750
9020 20 20
15 2136
7 2471
14 4943
13 3407
28 3502
9 6079
24 7118
21 8419
1 7602
25 8591
3 7000
35 1248
22 6404
23 7468
32 2054
33 2181
30 7142
38 1215
16 2683
2 2289
9623 19 23
15 9339
19 2708
21 4062
36 5763
26 2746
28 7286
12 5742
8 8563
34 3512
3 5164
39 1385
25 6062
27 6938
2 2972
6 7259
14 8449
7 1734
24 7047
35 4777
18 5659
4 6397
29 3289
38 6640
6236 24 21
15 3359
6 3299
7 3312
2 5608
3 8340
12 8540
21 8511
27 3651
18 4969
10 4146
34 2850
37 6818
5 1114
32 8814
22 8122
39 7530
25 3984
30 1332
31 9653
33 9263
26 9993
4990 22 8
17 762
29 1171
24 597
38 6054
5 7014
19 5052
10 8619
4 4713
2057 2 1
5 39
5550 18 21
30 5592
20 3941
25 7212
37 5099
2 6440
3 8960
4 5152
8 2740
24 4397
9 4230
17 9337
36 8628
38 1330
19 6055
5 9626
32 9766
14 4025
18 879
26 6107
7 3955
31 270
7612 3 13
23 1624
11 8440
39 8464
6 7549
35 5816
2 6971
15 8504
10 2803
17 1231
12 8671
21 4594
30 4768
19 3669
3527 19 5
23 8901
29 8482
17 9443
15 2799
36 5510
1302 5 0
8048 24 2
36 8728
25 7961
7032 23 1
16 3568
8939 13 6
22 3061
25 8266
1 8795
26 5987
8 7575
21 6423
5109 21 0
2683 21 8
3 3437
26 7443
39 2674
16 7928
11 8083
6 3699
13 6336
22 6781
