66 79
5427 26 50
77 5119
76 4869
63 6359
20 7831
37 4843
33 6904
7 5840
8 7368
60 8894
24 1866
12 7372
59 3104
49 143
58 2796
48 3067
72 4211
32 2183
50 5142
68 8066
9 7121
13 6835
39 4591
4 882
42 6784
62 6896
40 1406
55 1568
71 3221
78 6243
51 3887
67 7670
56 7598
22 6356
14 2709
43 1628
5 6691
53 583
45 1554
15 49
1 9710
69 1678
26 6528
61 8531
52 2539
31 9539
70 7541
64 7943
47 6589
17 1312
44 9749
3211 23 0
7113 7 37
78 3211
51 6439
5 7702
76 1730
24 7276
46 1267
65 3026
68 1449
12 9023
31 4470
2 1744
41 9362
8 7111
3 6919
55 8350
18 8666
27 7894
23 8603
48 42
52 9612
4 1990
66 3778
6 5202
43 6474
11 7374
30 9288
21 5531
40 568
35 8224
50 4884
53 532
77 869
37 3714
70 5849
42 2993
61 5676
58 5789
6944 18 41
62 3302
57 9561
64 5114
60 1241
1 4825
63 4386
20 2725
45 672
37 9699
40 5523
3 7613
43 1886
18 7570
32 954
26 1585
10 2038
17 7437
59 603
4 5465
2 814
44 9333
14 9280
23 3116
69 7845
53 8977
72 2895
8 1759
35 8820
24 8279
70 1796
21 3516
56 8976
42 752
61 8717
58 8988
6 6021
34 6488
66 5021
27 9303
38 3794
76 8684
3362 36 17
62 1666
54 3231
60 1605
10 3318
61 2642
15 2373
73 9204
6 6546
49 4024
7 1237
23 6146
43 5706
74 1272
29 6642
33 1909
52 4344
11 1873
4244 2 26
78 1668
2 417
21 9604
51 4365
61 8921
23 9197
66 943
71 5580
35 1557
77 363
72 4288
60 2052
63 2191
10 7519
32 1920
3 7743
42 4017
33 4872
59 4418
20 1393
50 1457
52 5430
45 1292
37 5178
9 4381
17 8522
8207 47 26
76 9272
18 4188
64 6420
14 4247
16 7779
75 9836
50 6136
36 1865
71 6075
57 6976
20 8648
56 3605
22 4574
1 1139
63 3185
26 4871
52 2521
7 6499
11 6401
59 5705
62 8714
3 8550
72 9432
23 8762
4 9883
45 6533
6391 4 20
21 879
29 7329
51 4218
73 2711
42 8659
5 4100
58 8423
27 4639
19 8138
54 8101
53 1058
30 7928
65 2906
66 4091
15 4257
14 9032
55 9096
28 8100
46 6951
70 6618
1310 13 5
8 3007
43 9607
11 4333
50 8100
41 5969
8449 54 34
33 4545
16 7538
17 8302
77 6129
31 5622
54 4285
20 5674
51 3168
53 7038
3 5993
27 2411
65 1086
45 8924
68 6502
32 3159
38 8649
78 5839
49 2017
59 1481
18 8677
7 2859
1 9865
50 9437
19 402
75 8722
67 4567
13 9740
11 7062
10 5369
69 7979
26 668
43 3712
2 4422
44 3120
4538 10 27
40 3512
17 3685
47 8990
13 8062
75 330
49 2604
7 2652
22 5190
61 4343
44 1751
20 2380
48 6236
11 3747
39 2879
29 5959
27 9196
8 6633
69 4881
36 5495
67 5919
46 9273
4 3570
6 3158
19 2232
5 6102
42 6567
45 8793
8405 51 58
74 8975
75 7080
45 3731
5 1878
16 837
13 7653
30 8937
48 9847
62 3100
67 3460
61 8214
14 8128
68 6932
9 5618
55 2438
47 6405
64 5586
34 8946
17 1025
49 5371
44 4644
52 6662
6 8741
11 5073
8 9211
65 2962
19 2723
41 6897
26 3134
46 5932
12 2971
37 8777
69 7364
28 8376
27 6750
70 2683
54 6769
1 6181
4 7848
23 390
31 3171
73 5271
71 8890
38 8494
35 217
21 5507
57 2866
42 5620
33 4464
66 7173
36 4570
63 3498
22 2708
59 5807
3 2898
77 5408
20 9332
18 3550
371 18 33
46 7040
63 5020
37 7062
27 1920
10 8852
67 1176
6 4287
53 8946
16 9185
49 2284
42 2456
24 6010
15 9187
45 8760
3 5132
47 2279
50 5565
76 8520
35 8923
78 2107
39 7781
54 3723
69 7102
66 634
55 3425
34 5839
58 9610
52 7351
28 841
8 2254
56 8354
72 375
70 9484
9317 44 52
46 8100
27 3316
32 7939
39 4915
6 3481
78 6336
60 3983
40 8654
37 5205
50 1670
49 9469
2 3573
47 9550
62 7370
66 1882
3 5048
41 951
30 4195
54 5104
43 6505
68 760
65 4512
73 1817
71 433
52 9398
23 3841
72 9158
14 1678
31 6848
38 8531
33 9797
61 5985
48 2621
34 3403
29 4922
13 8203
75 1970
8 4618
35 4570
25 6981
20 8551
55 143
74 7605
16 6390
76 1401
11 7333
28 7581
51 6149
63 6524
58 9990
12 2919
45 9232
9821 42 18
42 4931
34 818
24 3270
22 4096
3 9672
26 5349
65 4542
12 545
41 9651
66 8119
54 915
11 9056
5 9521
73 6870
63 7278
6 3069
16 5946
21 2377
3801 57 35
7 616
54 7646
67 3379
36 5681
15 4435
41 2527
38 178
17 844
52 8685
12 1239
57 5162
4 2202
46 2590
11 5670
34 4162
31 801
71 8552
8 9204
24 801
22 2990
27 350
30 2562
59 5881
49 2750
77 7257
18 7508
43 1803
1 7105
16 6667
64 3322
6 216
44 3396
73 7217
48 6974
19 2431
7397 15 62
6 2147
3 8770
75 8818
36 6354
15 1060
45 1387
65 6883
70 6913
50 6443
39 7834
21 7454
69 1777
30 5743
60 3157
12 5447
55 4937
32 4344
72 3184
11 2047
62 9376
17 6620
5 7387
25 9033
22 1733
16 8171
9 7231
8 5212
61 7718
49 9583
73 6881
74 1177
27 7570
2 1261
31 9868
4 9118
37 5185
28 5458
56 6675
42 4987
34 6669
18 973
38 9498
19 6002
67 7801
24 3149
47 338
14 8809
54 5986
78 4915
20 3044
41 1819
7 3159
33 2062
53 6139
57 5837
77 3174
51 6163
64 4566
58 5181
46 8106
35 44
44 3492
5309 30 63
35 4486
50 5790
46 6606
54 7406
19 4264
4 6854
36 6684
28 5419
12 6796
78 7597
49 6064
45 1019
55 3946
43 9959
48 9591
34 1360
6 5061
47 4544
52 102
31 5206
51 8744
68 4570
39 336
71 6244
58 2625
44 5520
3 3881
53 5138
76 7096
67 1566
61 4964
64 2918
70 4412
75 494
40 3728
42 1285
37 2336
18 6414
16 1924
69 9501
11 445
33 7917
57 2026
29 4295
72 8235
21 9382
10 1895
62 9119
30 4117
9 443
41 9605
74 3770
14 8109
77 4683
65 2891
20 2689
59 987
38 996
2 1275
5 3333
17 52
27 5389
13 4501
4194 30 26
23 2597
77 4841
7 8214
26 5643
34 6819
10 7638
12 8806
30 8820
76 7530
17 8861
45 723
16 8226
44 1546
35 5284
29 7211
73 8970
2 6839
39 1856
50 5971
66 2707
15 5256
19 7971
13 7006
49 7055
33 5018
28 1304
3114 13 63
60 5216
53 3076
43 8251
74 7413
16 9421
70 8332
58 44
39 9132
27 3570
12 5990
62 7666
18 2608
2 3878
19 1633
38 6256
1 6730
63 6351
5 9243
66 4402
25 3939
52 3412
68 1029
9 2969
59 6409
49 3580
44 3160
26 715
29 7242
55 1793
51 1033
32 9142
71 1304
54 2817
10 8857
21 654
76 9716
67 2720
41 5154
50 3450
24 7730
46 9707
17 4860
47 9223
40 9757
45 6323
77 6555
6 9205
20 6054
14 606
28 9505
3 9665
61 7555
13 7768
30 2186
33 3787
34 9956
75 9567
8 9489
56 5872
69 9975
72 9556
22 1615
23 3877
512 54 14
65 8254
40 6894
33 9560
19 1482
4 7769
67 4680
53 5436
58 5353
12 1615
34 5353
42 3651
27 5635
23 5674
63 5798
94 56 20
59 1149
21 4802
35 101
63 1414
13 4224
38 474
60 2044
6 789
19 2683
14 4679
27 6245
16 9762
1 9955
54 1771
10 1675
67 9560
78 135
53 7991
20 2348
42 5989
4557 4 13
38 1655
61 5529
69 9597
52 2136
56 6798
33 7836
68 7010
46 2332
73 8898
44 3342
21 8318
77 2715
23 7320
4565 19 51
6 3768
25 945
63 7051
5 2844
68 5182
15 7633
76 6771
17 5294
7 6736
78 529
10 594
43 5153
73 4917
14 1206
61 4620
47 8764
53 8795
77 4522
74 7464
46 7799
32 6626
22 8362
20 8876
75 8323
23 486
55 5196
50 9830
12 6196
49 2416
19 7854
69 1844
44 6708
30 3808
58 2287
18 4938
29 2295
1 3618
34 1150
66 4984
70 667
60 5371
28 8028
65 6026
39 450
24 2253
4 1643
41 1152
54 8168
31 2100
67 6969
33 6522
2229 15 34
30 3121
6 5874
60 3962
29 1773
10 3344
22 2203
32 2546
16 5078
48 9336
39 5134
34 8698
25 3399
14 1542
45 4745
64 7166
5 5311
46 137
3 4812
11 5210
69 8154
74 8602
2 9825
36 6036
47 8359
1 6221
24 4704
35 2419
28 7733
56 7796
76 7870
13 6340
33 5817
37 2603
68 2055
2397 61 38
76 9991
50 6086
10 4021
9 3594
58 401
42 2131
6 5382
22 5175
78 87
35 8290
61 1094
71 7266
12 6973
47 6246
59 7773
33 1070
19 2420
51 5556
24 1715
26 1546
15 1176
11 6673
30 9558
49 8008
74 3778
21 7051
75 1873
60 4775
68 4965
16 6917
29 1699
39 6587
65 8531
2 104
34 1775
69 2048
5 745
1 3072
2402 62 26
45 9641
34 9722
58 560
54 4443
11 5850
71 4350
29 1488
51 5189
4 474
77 1424
60 4431
56 9864
32 504
59 7436
33 6954
65 1098
38 1679
66 9956
25 1840
22 2894
1 4273
49 484
26 5984
76 5529
28 2648
75 7437
649 16 40
11 4196
70 6970
60 3319
74 5409
28 6227
9 3621
30 8221
67 7909
25 2893
73 3667
48 5649
1 9317
45 7101
32 1478
77 1639
20 3878
65 7987
63 5376
16 6654
68 1196
51 3043
3 3413
6 1313
54 9214
56 7769
15 9724
76 4474
35 4379
29 2920
23 2569
38 5943
13 7934
10 6504
21 3558
8 6848
49 8929
22 779
66 4737
53 869
61 5359
7934 49 41
12 9139
15 9995
11 8258
13 3940
26 5251
77 9909
64 7791
62 5667
69 6806
65 5206
71 3610
67 6747
1 3234
16 8348
14 2048
72 5995
60 3839
42 1198
8 2138
25 4316
41 8171
21 4407
10 4727
5 6024
66 5090
40 5362
49 1404
75 2299
18 8684
63 9300
36 7963
28 7746
38 7889
9 2355
70 4712
7 3426
27 8346
44 1957
50 1144
59 7159
2 8554
5672 44 40
78 3050
38 1324
36 3439
32 8843
11 3903
74 5313
22 8533
71 4738
12 706
33 1689
26 7673
42 6340
43 3313
70 6067
76 7255
14 2780
8 4937
59 5898
21 6699
50 425
75 86
63 1476
66 8022
16 3108
64 7435
7 3421
23 2414
19 7145
54 4897
68 2917
52 9673
20 4301
69 8871
60 1861
40 2868
17 6531
5 3140
2 5660
1 3335
27 2322
7794 21 25
45 1431
17 5106
44 5618
14 6030
6 1384
32 5558
63 7200
48 6971
10 1910
77 6851
60 857
20 3463
24 2220
64 6934
62 8073
61 8149
21 3101
67 6311
15 7793
4 9942
13 1407
51 3475
22 8814
7 6776
27 5608
2219 60 17
66 2587
43 4761
19 8706
76 5444
63 6906
24 6157
70 641
31 9191
16 5450
23 359
4 9167
51 6574
64 4380
40 6643
26 4378
8 113
60 4033
3869 42 39
5 699
50 8036
6 3265
45 562
31 5691
8 1135
49 4554
22 8865
35 4146
58 2482
56 6285
73 811
74 6952
68 4051
59 7814
1 4374
71 1964
60 4965
48 3189
43 9169
13 9437
14 564
61 6759
57 2776
44 1256
12 1389
24 25
52 2520
4 24
78 8705
25 2356
21 3558
36 4335
26 4828
42 8143
17 2511
23 9122
28 6625
76 3442
6992 61 11
32 3176
31 3483
4 6758
36 129
21 7335
47 1949
10 9408
35 7453
75 4309
19 7649
11 578
8088 57 52
22 2111
9 5657
37 741
7 8553
64 4145
65 8274
47 6511
24 1595
69 6015
32 3085
39 9333
23 6550
20 8343
78 7063
29 8386
72 2406
38 4603
60 3829
45 2616
21 3978
55 9819
28 3787
51 3182
31 8873
77 1643
19 6135
8 8159
68 68
16 8823
66 2168
14 8302
33 1016
62 9442
36 367
53 5024
42 7420
41 9485
6 4749
46 2362
13 1408
57 1901
3 4650
27 7586
50 3062
43 7243
63 8401
35 1019
54 5442
56 206
26 5602
1 1729
4 1662
9300 66 19
13 3000
67 8190
9 5817
63 437
28 5847
32 402
64 5193
33 9252
14 2839
29 5568
30 9425
36 2174
34 7559
45 3658
42 6925
71 4424
19 6646
5 97
23 4357
5345 53 27
75 849
65 6965
25 3302
57 6137
70 4102
46 4654
43 6300
58 3402
41 1894
54 7687
34 2028
16 7830
48 6032
17 6046
40 2549
47 9148
60 4595
32 2932
36 4521
1 2605
30 3253
27 6704
71 6605
28 9212
49 3097
3 4466
14 5960
5361 31 65
66 2234
73 5273
76 9775
33 9821
50 962
16 9932
44 9083
27 6215
9 291
60 9075
35 9898
70 7448
58 8563
45 1171
59 1570
69 6900
4 7525
46 273
24 8696
61 3745
67 1663
68 5698
11 16
14 5318
20 9196
28 4352
54 5290
15 3702
13 7495
26 2591
49 8975
10 6003
23 818
41 5139
30 7708
55 7702
7 1619
52 822
6 3262
36 8371
21 2421
47 1302
12 1432
5 8275
39 7466
1 1122
38 9804
22 6233
53 1979
32 9800
65 1520
56 1542
75 5811
25 7330
19 5011
29 1053
51 1445
31 1408
42 4583
3 7504
64 7546
40 973
2 4557
72 8740
43 3137
8140 14 9
46 6389
77 7321
58 4172
4 452
5 3257
6 7608
48 283
29 2022
66 2382
7974 29 12
38 8520
31 1774
54 4184
1 2659
13 2121
9 7401
51 965
8 1227
72 7893
61 9996
67 1528
17 4375
6832 15 21
7 7198
38 7778
5 8422
42 9133
44 4004
28 8330
2 3398
51 2964
16 6976
29 5591
10 4586
35 693
14 3392
46 9765
49 1569
4 8575
76 1218
43 5585
75 2376
71 1453
15 3873
7571 10 18
52 7371
5 6523
72 8187
22 7824
67 2357
58 273
28 75
32 9086
18 7193
75 1657
17 4037
36 7459
64 1082
53 9360
56 7372
15 772
46 1337
11 447
934 12 18
58 8093
4 8146
42 3332
54 8552
50 9038
48 9846
20 9378
75 5717
49 4064
13 837
24 4596
52 5159
61 5191
76 1227
69 5317
17 7352
12 2588
53 7682
8910 25 17
33 7363
13 957
56 9717
42 3741
44 7617
14 6771
5 1078
38 9065
6 1735
4 7852
9 4988
18 3599
73 96
7 9687
3 6404
63 4478
68 3627
75 65 65
70 7583
8 6592
42 9947
46 6656
5 326
23 4352
1 8126
73 7542
51 7139
3 3612
9 905
71 851
38 3946
29 2747
22 4026
12 2716
65 6916
35 5719
34 9768
39 1805
27 707
43 4527
6 4932
2 3629
4 6934
15 5287
16 543
32 4680
18 5574
20 1539
14 2194
75 723
77 2571
55 9811
64 3060
68 669
54 8830
53 2388
49 5441
36 637
78 4076
69 528
59 5098
66 214
31 1486
63 692
50 8430
19 4715
40 2337
30 8091
47 6392
11 6714
56 3526
45 6938
25 2116
33 9941
10 5071
48 9618
7 4917
44 8351
17 4261
13 2520
58 4306
76 9302
28 5945
6620 8 30
53 7122
12 6998
47 1689
73 1268
4 4381
29 3895
31 9563
24 5800
15 2199
41 5923
38 5096
30 937
23 4087
58 2447
1 6564
17 2878
55 2727
65 6724
61 8282
32 2425
6 8044
43 9854
46 2718
60 4336
37 9091
19 4666
34 2444
2 2246
71 4115
28 617
2735 47 52
23 4631
54 2762
15 8390
1 7628
33 4584
35 9956
61 9679
44 333
76 8283
57 4575
59 8849
47 2895
73 8048
5 1309
50 16
12 9286
49 4865
14 5073
21 4395
39 9577
20 5281
51 7562
53 3182
60 3368
66 3726
17 5492
25 8129
72 1069
34 733
48 6417
58 8598
32 797
9 9295
10 3733
36 542
78 4601
18 3787
22 6593
19 1164
40 9211
42 644
64 7699
27 9620
55 5289
37 7100
8 6614
43 9145
24 8112
6 3304
38 1612
56 9775
11 6820
6499 19 52
39 3034
63 17
71 74
67 3365
20 6371
14 9776
69 4599
37 5329
43 1727
59 2361
45 2646
11 3725
74 6556
55 2247
54 1252
9 2613
78 9110
48 8153
42 5589
60 6955
6 5269
7 6774
77 4576
29 3723
51 5566
46 654
50 208
70 1622
17 3336
4 2560
41 1755
26 7102
28 1203
10 5158
18 2536
58 3070
36 9835
15 8297
5 5059
3 1087
12 1188
2 5499
23 4912
8 260
75 2375
65 5337
34 4731
24 6528
68 461
25 6552
52 9696
31 1301
8321 47 11
16 9343
52 4573
75 1514
28 6101
22 3589
76 7462
64 808
40 6627
69 589
73 2414
50 9892
8182 24 33
65 3205
52 9953
75 5981
59 4856
58 7988
74 1655
34 3
40 5004
21 6513
63 6317
14 6805
50 9919
19 4209
53 6875
41 2374
9 4618
71 8827
24 5911
27 2497
39 80
33 9550
72 7247
66 4302
68 6314
47 6825
31 2395
42 1691
44 9308
17 9308
2 7768
32 2334
56 7321
37 8011
6861 59 62
56 8757
65 8765
29 1387
69 4437
12 156
63 6916
19 6166
48 8597
37 9038
16 6804
73 9355
41 2947
26 824
30 296
28 5014
5 7181
55 199
49 1742
59 6772
74 8175
31 7774
32 1749
10 2128
27 9141
9 5160
51 4582
2 3318
45 6564
21 8152
4 2137
36 5191
54 1767
43 3721
46 3495
6 972
3 5466
47 5032
15 4402
62 4901
34 5334
42 8440
61 691
35 2092
22 5413
39 3148
77 774
14 1933
58 2569
68 9629
60 2386
50 2747
18 6807
13 1580
71 5266
40 459
57 8854
17 3142
25 8585
70 8613
76 5914
38 7125
24 8465
1512 34 25
3 4246
60 4272
46 2
58 2656
4 3380
45 5329
50 7160
9 1751
73 3665
20 5120
24 5588
63 10000
19 7916
68 6319
61 3917
22 6302
6 992
15 4734
55 7106
75 1079
74 8194
23 7810
42 5136
27 1463
48 8592
8538 6 50
35 8458
33 5040
32 2445
42 2358
66 7499
18 2950
25 9251
57 1461
36 8119
24 4494
29 4991
76 7096
46 8400
6 3823
17 1232
51 8437
64 3413
74 9059
4 6293
22 5916
5 1946
71 7725
44 2140
12 4549
49 3334
26 4662
21 5668
34 2558
75 443
30 466
14 1354
78 1745
73 6459
39 7195
43 4923
7 9137
53 3717
58 5510
10 2991
37 8138
56 4299
45 877
11 9079
15 3882
1 8163
67 4938
48 4434
9 8559
47 6182
69 7196
3735 8 3
29 4333
14 2793
68 1494
4263 65 25
30 6383
10 8583
19 108
8 485
59 8315
11 6331
62 8375
44 4917
52 9396
76 3741
78 6993
1 3586
35 8372
54 5700
31 7080
3 9671
2 6507
47 3349
66 4545
14 3970
67 8467
15 9409
51 1359
61 1188
60 8687
2267 61 21
55 2076
45 1833
52 9891
31 9047
26 3994
25 9436
51 4684
48 3061
58 5641
75 6720
22 8598
17 252
46 763
19 1451
77 2180
23 2974
36 7081
29 2354
35 6380
68 7718
34 7045
7157 13 15
30 1601
31 1532
51 3290
23 507
12 4871
36 9426
73 4444
57 9359
7 3972
40 6245
11 9808
22 6221
59 162
55 7797
6 8115
472 22 45
38 7200
51 815
25 3756
68 3577
27 3337
62 5070
28 870
42 5320
78 2665
56 2229
18 5755
29 3816
34 471
72 4983
6 2191
41 1855
3 6183
23 1884
20 8552
43 8514
22 6015
9 3190
47 7582
66 6502
32 8240
11 2194
40 6943
30 3447
4 4470
54 3697
76 5344
55 7241
2 8809
15 8659
59 2925
17 6163
44 4185
7 248
49 1222
67 9876
77 226
1 4609
8 5534
31 9270
69 2397
3746 23 33
18 9005
72 4831
5 7598
22 8927
8 5990
29 947
38 6924
3 1324
55 3723
61 9839
35 9778
58 1747
40 2015
54 3113
28 2001
60 7697
77 1774
27 2081
45 8038
34 8340
59 8045
48 7686
41 633
62 2010
24 1652
68 6919
9 2978
57 749
6 7803
52 3299
11 2954
23 9320
46 7164
3839 31 63
76 9865
16 769
61 7794
20 5087
77 2479
64 4619
44 5801
7 3385
38 3391
1 9297
43 3521
37 7197
27 6390
41 3295
39 6199
15 1177
21 7361
60 9587
29 743
24 7353
8 1000
46 3832
31 5322
53 1711
67 5798
33 3843
14 1648
65 8342
30 1798
63 1170
54 9709
72 8058
34 4386
55 8547
9 8496
45 5033
75 1194
28 5622
10 8871
62 8239
52 7436
68 7105
70 9456
3 6698
58 6926
51 6221
25 7669
13 2683
66 7503
2 781
22 3525
47 6271
11 6516
78 7198
49 5698
40 5249
19 4564
48 238
57 1514
74 2928
35 795
12 4369
73 9226
8156 33 58
6 7091
49 8202
77 1287
58 2161
8 458
18 4836
29 9236
11 6164
75 318
45 7318
27 8088
37 8083
78 6900
1 5846
47 1576
12 4640
19 7432
2 5771
53 9764
46 4761
43 3484
66 9443
4 5414
60 2679
34 3491
50 6812
63 6076
42 1738
30 5405
48 1977
40 1776
68 3025
20 8410
38 9031
71 2489
28 6862
39 8703
31 3318
56 3795
23 2596
62 1757
15 2821
16 2961
36 9131
32 5007
70 4514
76 4693
13 384
54 1170
14 475
44 8973
52 9463
61 3283
10 5809
74 2993
17 9337
9 7184
41 3823
8774 51 63
65 1083
73 2381
10 4844
74 6197
46 8039
27 2038
54 6510
14 3771
4 1223
34 4611
47 9674
57 2497
63 974
53 9981
31 5212
19 3188
41 7488
22 7972
68 5853
60 4968
5 737
15 6930
38 5515
25 3657
30 5710
9 8259
52 5234
77 8308
75 1628
33 7802
67 1238
49 5414
20 4455
17 9034
12 5088
69 5030
6 7504
43 2283
1 2428
28 599
44 5026
26 3917
62 5284
45 9068
8 1470
59 4511
40 3144
66 1116
58 4322
24 1624
13 6916
72 3721
39 4471
35 6698
78 5584
2 5043
29 2191
56 1139
70 4526
36 3259
76 2227
48 6552
7 4991
7719 7 23
10 3436
19 8880
6 7936
5 2408
28 9632
68 6369
44 3659
57 2677
45 1333
35 690
22 7334
76 6104
23 9688
51 6867
7 9836
50 3636
47 5101
75 1895
53 8472
2 7935
4 1039
61 9524
52 2985
358 45 60
71 5605
78 9016
43 9485
21 5347
54 3893
7 8727
20 1732
48 2986
75 532
38 510
12 4709
42 7934
29 7994
40 5558
47 2264
72 7911
76 4330
58 9989
1 9439
6 1768
14 3930
51 4766
27 3031
15 7460
16 9224
26 6195
19 4537
5 5119
11 766
49 2595
77 599
61 7097
74 3047
13 1353
25 7423
57 5541
53 7649
44 1429
64 3032
10 5983
31 8735
34 6498
45 2812
3 4329
56 9558
59 4099
18 3756
50 7668
62 5604
66 9714
41 7496
23 8479
69 3783
35 1078
52 8466
65 535
67 8023
73 6260
32 8949
68 1561
9147 30 54
24 1152
69 3125
27 3664
68 8978
25 6741
42 4155
75 1722
61 2182
3 1515
33 3050
20 6630
38 6459
34 1690
50 9567
67 5863
22 2064
30 2452
8 1611
40 421
62 8712
49 988
41 1350
6 997
12 7866
10 4468
14 5387
11 8509
23 839
72 1399
66 7213
47 1318
5 3594
53 3204
56 1191
70 3278
65 3577
31 8680
55 5207
17 6442
45 8157
1 9897
76 2470
39 431
37 9242
48 8405
28 6833
7 3867
58 3752
54 8363
18 1675
43 3333
52 8572
2 8019
35 3697
3792 14 50
8 1955
37 64
59 4548
12 116
51 2893
77 2364
72 1180
54 15
67 6396
14 4324
19 8292
68 8458
43 6367
26 5244
22 4453
40 6549
10 2129
24 233
32 2198
69 9303
63 6701
48 269
28 4855
15 5757
74 8889
39 2824
21 6864
7 7734
62 7329
66 2480
57 4900
38 2471
53 3348
73 5810
5 7048
76 2151
65 1194
35 3323
34 1222
17 8613
3 3833
2 5659
18 7912
47 6605
41 3550
42 7152
29 4100
20 3259
61 2363
6 5355
4430 7 28
51 6808
37 4176
36 8110
55 6975
17 7214
23 9453
54 3177
59 9848
66 2277
70 7470
11 9788
24 2951
34 7408
42 280
62 1374
77 2653
8 4877
12 1735
56 2326
46 7751
53 174
29 146
75 3085
19 3911
1 5029
2 1143
43 7585
18 4862
8534 54 7
55 5579
56 9890
54 8333
76 1111
44 3438
17 3742
15 1953
5156 24 44
6 1616
10 6133
19 8831
1 5717
68 7954
62 1746
2 3839
14 218
20 3710
41 2514
42 7838
31 2977
8 945
61 7698
57 2315
76 7407
12 831
77 7554
36 7847
51 7054
33 7879
3 6577
55 1232
24 2803
26 4853
35 3283
54 7615
17 6236
34 5824
71 160
29 9595
18 6732
47 2218
9 3921
70 1543
21 4461
56 7019
72 9093
38 3154
44 9590
37 5973
13 6080
46 6460
7 7657
5406 19 50
56 2486
47 3680
57 3770
48 727
59 1763
49 1859
78 781
50 5242
23 5417
76 6023
73 8908
34 3080
43 6334
38 4208
36 8637
77 4838
33 647
1 7861
16 2179
26 5690
17 8153
28 9593
61 7923
41 1928
74 275
29 8567
11 2086
27 6874
67 1750
4 3534
45 4377
13 5524
46 9721
20 4160
6 778
39 9216
14 8781
70 770
15 4126
8 39
58 6473
21 7438
42 3401
68 2416
2 3060
69 4985
44 6152
53 4611
12 1578
51 5081
3504 19 39
16 2155
25 5872
35 2722
21 6843
76 6113
56 363
17 8086
37 9752
44 4837
7 6262
40 6643
77 4699
55 1390
67 8999
54 3391
26 8924
47 6548
32 1967
38 833
49 5132
10 5804
19 1301
14 9157
28 5763
63 6474
42 2597
78 9803
20 2758
13 4097
62 7698
5 7478
70 6905
72 1568
2 3227
27 7189
50 4894
12 4802
53 265
52 3415
7126 24 54
39 9116
57 2574
27 1518
29 2821
40 1909
14 5966
31 3823
28 63
54 5501
26 4069
38 165
53 3775
67 3344
19 6866
52 9789
10 7699
41 4397
2 7008
7 4597
58 3512
69 4817
16 6376
20 7756
55 2391
74 8982
61 3641
30 250
47 6650
35 3927
46 2895
4 9537
25 6383
66 6242
3 810
70 9124
42 9444
5 451
23 9703
60 48
45 9917
17 2349
33 2888
76 3882
18 6591
65 3113
78 6459
36 497
34 318
59 1821
6 8477
68 9240
22 7345
71 1280
24 2310
3756 63 17
10 7172
62 8070
65 1928
59 1706
33 4889
34 3169
56 9376
74 9500
66 8086
52 9311
16 3822
18 8254
58 2452
36 4250
3 8771
24 2456
37 998
8895 52 19
5 8329
37 7072
50 9892
30 4725
78 8940
71 9316
22 926
2 1622
58 2929
11 8296
16 8474
33 3565
53 8374
70 4298
12 1753
64 1304
13 3894
55 6620
31 8786
2314 29 41
70 751
73 2488
67 2690
33 6076
8 1652
18 2736
35 2891
59 9843
58 1648
37 7881
57 5666
36 41
22 8279
25 233
71 3502
42 8091
19 7685
51 5818
56 2946
20 3830
21 6383
6 9185
7 7563
12 7429
62 5482
72 3715
66 337
65 7836
26 6267
45 9781
60 616
31 928
41 1292
50 3448
76 3831
68 9448
10 224
39 5309
49 6586
48 6242
77 3992
1136 29 50
34 7108
54 2778
59 7199
67 7360
46 6897
8 913
29 3102
64 8635
44 3504
13 3409
35 3138
49 2538
19 7110
10 1760
38 1201
45 7308
68 5320
30 7283
7 3786
61 4786
4 6596
60 2081
55 4361
37 1700
70 1222
71 8518
36 8049
53 3176
2 7125
77 9501
63 6033
41 1131
32 8280
65 1556
73 4348
72 5777
31 8764
11 490
74 3607
28 8981
62 4438
51 5408
17 1575
14 5789
1 3022
50 3246
56 6757
21 4548
16 4665
52 2764
7686 16 30
56 8294
25 4353
49 3602
76 9136
78 9253
16 7471
51 500
46 440
70 4210
20 7100
71 6793
2 1501
75 9944
22 7716
73 6800
24 6972
3 2054
74 1669
7 2099
34 697
5 9928
14 1863
26 6757
12 8183
23 1672
55 9375
6 8967
17 8098
13 7885
62 9492
5084 41 29
25 7909
51 6613
11 7809
47 7457
64 1314
20 3105
29 1740
38 6122
16 46
44 7976
15 3017
5 8662
27 560
78 6648
52 1201
74 7289
67 4079
31 9856
65 5789
41 7457
49 9736
23 9417
40 4850
2 9522
56 8933
45 7469
30 3304
54 3341
68 2036
5874 8 18
25 6533
68 7983
42 4220
21 1861
50 2432
16 61
44 3183
13 6143
66 4876
38 3157
5 3691
14 6225
74 9558
40 8773
30 5056
8 5429
7 9496
67 4281
