25 69
2516 18 6
65 3299
4 7163
35 3571
36 7455
45 3590
31 4427
3220 17 8
11 4496
27 2601
10 1449
29 40
28 8238
15 3517
49 4433
12 1957
7307 6 2
37 5368
63 4882
3541 1 13
9 1401
50 8698
19 1515
25 1495
27 206
29 5904
62 1410
56 7611
40 410
15 9262
18 8949
43 8546
55 2306
4685 16 16
2 9134
38 2751
61 898
13 212
40 8297
51 720
49 2280
21 4338
32 8183
12 3541
39 3
68 8256
63 3974
47 2024
33 6176
48 1151
4199 1 24
33 3939
9 4374
51 6846
31 1154
1 814
11 1886
17 3100
32 1709
47 5479
50 9123
24 7094
15 9020
28 3963
2 7829
48 9930
46 6665
22 9385
27 1353
29 7110
40 243
6 1854
37 3075
52 1837
49 7154
1673 6 14
28 952
11 5329
33 6331
16 8027
53 3081
38 5063
62 7358
54 7801
34 4807
15 4868
6 9809
32 7007
40 2992
3 9650
1706 24 21
2 1015
61 7267
6 237
43 6111
26 3444
4 9826
24 3702
44 6944
7 3521
29 6946
67 6616
49 1654
42 4850
51 2542
30 741
10 6101
57 8532
53 3568
31 276
62 9772
5 2054
9018 25 19
37 5925
24 7850
22 2711
27 8184
2 2559
65 268
46 7501
11 8772
61 6675
64 8665
41 4920
28 2516
17 7149
20 3807
7 1591
60 3082
68 898
13 939
23 6334
2768 21 14
5 1083
15 2366
53 5732
48 7488
14 3064
40 6773
18 2122
46 6632
68 7455
60 1880
49 5889
22 5320
6 6733
21 1090
9640 12 16
35 8211
21 1483
8 8668
46 256
9 4127
34 8808
56 5758
58 4591
11 6076
49 4964
7 8370
53 441
45 8125
1 661
65 1166
22 9394
4314 13 0
2687 23 13
17 4222
66 5748
14 8311
13 2193
6 3172
27 3711
55 9136
18 8343
31 7420
67 5843
47 6314
23 8901
58 8535
5777 25 20
13 1404
61 2972
9 8747
46 8237
58 4271
48 504
40 5101
3 5433
53 1277
29 9487
28 246
25 5524
39 4258
37 3581
33 4619
36 6477
11 4025
65 6134
4 3179
5 4727
1051 6 12
32 2471
16 5652
2 8850
8 8000
15 5411
26 3115
44 5517
65 9764
55 3801
58 9990
51 3604
31 2416
249 6 23
9 8954
63 1991
47 6505
45 5268
2 1066
16 428
3 6932
40 6786
58 2868
51 5418
8 9768
20 9710
13 1269
31 8460
34 2638
4 9806
38 2159
42 4423
54 5906
7 8505
5 7875
35 9755
6 8246
1111 24 21
52 76
14 2483
3 7964
5 9930
67 6228
21 5135
43 2685
35 1338
25 9546
19 8836
29 8433
46 7193
31 8119
59 1528
18 9747
63 8294
45 7798
54 1649
64 714
56 1088
15 607
4464 17 9
1 5781
38 4216
37 8131
14 2437
8 2337
44 6454
63 9580
6 256
13 322
2378 13 5
32 6636
48 7836
5 114
22 6741
23 164
7638 16 18
62 8646
66 9399
8 9925
31 7151
6 4350
9 8473
2 4782
60 8142
63 7337
32 8059
53 8709
39 4847
65 3226
4 3809
23 3025
51 8610
26 4655
35 5698
5790 3 19
68 9016
4 2633
6 2312
54 8853
33 8881
20 6427
9 9355
44 5070
26 4178
53 6739
31 4533
56 9299
66 7720
10 861
14 5922
24 7601
37 144
62 8966
34 7104
8009 24 20
39 7585
35 6413
11 5963
59 3591
2 8860
42 5911
22 4876
53 3677
62 5545
19 609
47 7937
4 4782
23 9495
45 6994
27 8865
58 1593
56 2172
49 8954
21 8132
36 5623
982 6 13
24 4365
31 7894
50 3175
36 2310
62 1429
59 7816
26 3883
56 6352
7 9140
67 180
66 7874
17 8612
29 8607
6654 21 19
63 4807
23 6613
32 6263
7 8291
49 8774
58 4643
61 3342
67 9130
13 3953
25 6803
37 3040
27 1338
51 4773
50 3889
22 7931
14 5919
36 8656
33 3547
5 7434
951 18 4
51 3993
23 2346
16 2406
46 661
3031 14 0
8228 13 11
59 9178
3 2436
8 571
39 5549
30 3967
11 289
53 6019
37 2583
25 119
23 281
64 8835
518 6 15
61 9920
20 3545
45 783
62 214
25 1943
59 1164
4 3933
43 6095
44 6978
53 4714
66 8797
24 3565
58 6936
18 5359
37 581
4182 19 3
57 6994
64 1794
14 6333
4719 21 20
26 19
11 770
43 8397
62 8617
51 7611
5 4274
25 4064
30 8873
55 640
52 6302
56 789
65 4980
53 1388
57 531
32 1864
21 4952
44 5550
54 3184
67 56
40 4352
8520 18 18
4 373
40 2793
67 7878
66 7953
20 3700
26 54
36 6220
22 2830
34 2349
19 7396
42 766
63 9111
7 8645
52 6377
13 3713
35 592
47 5537
46 6264
4862 12 17
34 268
45 3557
51 645
22 5173
19 210
6 1923
11 8637
58 7430
40 8423
35 5574
65 4387
16 6673
44 6920
9 405
12 4979
57 1120
33 3670
5800 24 6
59 2751
41 7408
6 2539
49 4031
57 6124
28 1816
1694 15 21
64 8545
17 3121
67 1879
22 377
18 1599
39 9717
44 6364
51 9039
66 5706
28 4597
52 4614
26 5239
11 5688
68 5894
30 749
36 4299
57 2070
6 4959
14 3127
25 1905
48 9785
6659 2 12
18 3261
33 5680
21 352
12 3656
13 5247
24 8742
40 4728
11 9589
1 9697
34 2104
15 4998
39 4597
8699 10 2
5 4305
39 1526
7686 3 0
5035 10 22
16 518
44 6651
65 7410
56 977
11 1787
4 2535
38 7266
9 5199
10 4235
20 7281
58 2958
42 6095
1 2623
32 2849
36 8655
7 3986
59 1828
35 3296
50 3719
31 3224
47 6757
12 4549
3312 25 18
14 7445
40 449
9 9737
8 4798
54 2532
60 6296
23 8528
49 7236
58 380
19 8505
25 1897
12 4918
57 5663
61 5627
20 7113
35 6023
4 5664
56 3224
8037 10 21
53 4256
45 8864
28 5905
46 7759
61 887
12 702
7 8372
59 5449
31 9023
55 6656
11 2306
47 4888
21 1579
26 1498
29 4911
13 9747
38 1971
15 3218
54 599
57 8058
42 6158
4334 15 12
19 2661
13 3024
28 7337
17 2121
55 8730
45 5104
43 1161
30 2194
65 8573
46 3793
21 8961
6 6112
1371 22 6
61 4763
15 4612
31 4364
63 397
4 7582
17 1200
4284 9 13
13 6656
55 2850
23 2805
8 9390
43 8826
6 4576
38 4485
26 7157
59 4223
1 1696
31 8099
16 2778
63 4141
5319 24 0
5661 25 2
56 2331
50 4294
8299 17 0
7456 16 10
66 9464
30 3078
65 477
44 8460
28 9458
47 9293
21 8517
64 1523
41 9544
20 7273
1907 22 21
19 548
7 8423
67 1375
38 6794
51 189
36 5405
17 1487
65 9246
35 3616
31 2500
49 2790
59 2408
55 7885
10 5748
16 9664
6 5902
43 9594
15 264
24 2004
5 3155
33 4629
331 4 8
53 5484
15 4581
7 7644
21 4638
6 2995
52 398
39 8783
67 8988
9829 22 10
3 835
11 4630
18 9734
4 5810
7 689
60 8143
40 5483
32 31
33 1984
28 8007
536 23 0
2402 22 17
62 8700
54 2436
58 4360
50 8442
33 4491
11 2721
55 2494
67 2462
13 2943
47 6656
35 8967
51 1063
8 6576
29 3879
68 9032
59 780
56 8920
6769 13 9
44 2742
32 1191
35 2828
60 2053
22 6283
50 5583
21 6032
17 2940
13 9065
6864 11 11
43 2849
4 435
21 9271
42 8418
14 9717
56 3859
53 6462
19 315
55 8064
17 9065
63 7150
9 10 4
52 6507
34 3498
66 2275
62 7653
9310 24 23
8 1067
12 4549
53 4515
30 5430
54 8521
51 8617
44 9328
20 9237
59 8388
4 7782
47 1847
37 2016
50 2488
33 3563
9 9112
55 4960
11 4979
57 8698
43 7307
21 8627
25 5531
48 6397
68 7172
3146 1 10
65 1197
46 7542
61 7664
66 9784
35 8981
14 8940
47 175
48 7346
24 9232
23 5664
7464 13 15
31 2957
25 1099
20 3275
5 9325
34 2226
18 2631
9 6843
54 4248
68 1328
14 4950
63 9296
62 4282
48 3535
13 2541
19 1920
7851 24 7
20 5047
48 7381
56 9682
51 5792
12 6932
6 1529
23 4598
7369 16 12
64 2001
11 7686
32 4041
2 1365
17 4361
49 8974
13 7403
48 1960
31 1777
52 2076
37 5917
63 7251
9974 2 14
47 10
6 9584
39 1847
8 605
23 1248
13 3295
20 7022
42 2314
37 9996
41 9314
38 1482
58 3041
32 5020
29 9332
9450 12 13
47 1055
51 2117
41 1886
37 2595
8 4345
48 8690
39 166
33 5571
7 2289
10 6289
24 8429
55 1731
66 2012
2496 4 19
64 4525
50 8851
58 4187
22 2220
12 8898
49 5302
5 2815
52 1352
33 3635
36 8018
41 2117
34 7674
20 8482
30 7022
19 2750
14 4104
47 8939
66 9250
56 1613
7009 20 2
63 2131
36 7823
350 24 22
66 5100
59 3079
32 4382
30 5167
64 2015
31 9521
17 2443
6 1622
19 3573
16 9912
37 7009
53 1511
14 4362
21 7313
48 6516
8 5085
57 6234
54 1503
5 4386
34 7550
41 46
9 4567
9484 16 0
3249 1 11
54 5315
3 8634
28 1641
2 2793
40 8918
30 2025
64 7948
1 7466
34 1701
16 6749
39 6766
8276 5 2
59 7936
1 1078
5540 13 16
15 2351
48 9332
54 1891
7 1409
25 4769
65 3482
23 7415
52 4039
22 209
13 7979
58 9937
14 1677
34 7917
2 1963
57 9986
44 3899
