115
42 24
5 12
23 80
49 110
62 14
64 113
4 45
107 80
39 97
113 78
92 72
36 31
112 89
74 66
14 46
112 23
28 91
54 75
62 16
114 113
92 97
30 110
17 115
31 86
100 2
69 36
36 63
75 7
32 106
16 115
36 54
103 15
80 61
94 37
32 19
42 72
23 109
61 74
30 18
40 65
81 50
8 113
60 20
31 52
104 45
80 105
104 77
104 31
17 60
95 107
79 55
103 20
98 20
73 79
19 59
34 95
15 52
108 13
38 29
88 77
45 114
84 59
55 114
96 102
84 8
108 63
4 34
58 114
85 96
26 19
62 67
65 14
42 108
101 60
95 10
33 107
30 33
107 82
44 112
11 110
38 25
62 102
91 61
25 53
62 47
111 84
99 36
43 19
94 89
37 9
112 41
29 93
28 1
105 6
14 76
25 87
87 40
83 88
110 21
25 51
67 71
90 55
68 81
25 56
48 69
14 57
94 2
105 68
70 110
34 35
5 28
27 66
61 22
71 3
