754
134 154
285 34
577 133
211 356
130 136
430 655
320 329
577 633
442 620
347 393
102 128
258 551
643 560
643 279
292 655
177 546
580 357
322 134
398 674
742 706
160 305
373 229
360 180
339 118
162 427
354 551
381 535
524 269
408 38
71 311
569 662
103 91
685 205
19 606
334 187
404 12
659 99
587 169
84 740
357 571
269 303
729 55
348 73
53 192
320 258
117 5
661 168
604 365
212 422
74 128
282 559
172 635
274 161
472 149
294 418
311 74
681 170
210 587
95 619
681 443
79 633
225 699
473 388
612 615
137 459
490 270
205 624
240 743
162 587
531 594
37 163
342 345
156 424
153 200
124 115
592 82
626 161
434 209
42 576
456 359
65 441
514 188
15 600
210 277
705 509
338 119
10 607
464 164
349 690
293 100
337 623
331 462
426 631
279 186
84 14
743 565
192 298
460 700
640 598
318 577
66 396
155 528
335 703
322 549
582 385
458 203
543 181
73 152
323 41
96 438
663 347
541 744
90 153
126 535
691 275
166 419
609 530
377 131
485 25
591 94
441 1
159 82
638 501
290 352
143 203
649 44
45 119
295 175
714 601
143 639
148 253
526 371
260 208
661 461
276 197
435 506
644 300
700 484
412 483
8 420
565 68
13 156
713 239
569 502
387 742
244 247
195 351
449 711
589 541
129 49
704 649
374 269
691 101
317 153
70 48
682 376
566 105
556 686
330 706
281 709
421 244
285 556
460 531
751 729
78 275
501 499
382 179
401 216
750 709
670 745
749 24
177 76
112 200
255 340
682 304
433 363
58 443
70 704
503 183
187 42
197 486
657 699
329 281
347 738
450 236
749 179
225 464
395 660
137 393
405 452
118 705
545 671
249 94
552 33
292 432
514 566
577 359
539 518
677 660
48 511
467 482
520 390
295 695
475 144
24 348
736 88
395 410
613 13
309 340
514 20
406 735
2 201
546 728
593 75
538 58
222 301
486 520
388 228
379 559
697 49
404 693
718 323
749 696
592 575
730 493
574 238
320 272
671 750
497 395
492 670
567 665
388 351
468 137
295 2
723 116
643 156
717 496
98 611
514 107
3 610
144 155
622 211
680 682
138 468
274 741
283 138
343 513
163 161
364 198
672 414
250 207
419 468
324 81
293 753
79 251
456 375
33 9
400 697
245 425
477 9
749 263
322 370
385 161
407 548
169 76
589 144
335 30
471 25
54 239
408 97
416 429
561 188
252 23
431 679
64 184
753 690
712 413
374 393
720 407
547 623
322 380
549 373
36 196
264 519
78 481
705 150
728 54
131 665
381 57
333 293
439 694
585 138
250 609
572 412
207 727
189 297
145 646
484 393
297 496
650 577
332 617
710 612
603 262
463 190
98 403
719 173
276 273
314 23
747 577
483 185
154 421
743 652
736 420
738 273
427 448
195 728
620 559
557 681
130 335
431 585
194 571
260 68
729 319
408 752
527 648
129 28
546 488
669 76
53 733
463 222
213 566
576 46
399 11
582 184
730 76
151 251
504 575
576 75
753 658
205 278
681 397
318 493
140 476
159 722
99 79
200 402
563 249
110 59
361 710
302 285
411 46
283 408
54 545
603 366
656 565
357 49
496 408
237 156
517 466
427 532
358 702
114 501
273 656
177 206
183 668
155 472
417 657
267 613
244 172
8 265
593 565
9 749
184 692
429 303
322 403
476 145
341 173
325 412
88 587
669 666
30 32
168 269
230 169
747 200
393 121
566 231
683 622
628 677
624 125
14 51
332 659
110 60
440 719
359 183
669 438
289 397
524 246
275 494
437 485
624 49
242 370
643 435
330 159
622 599
408 133
530 318
558 552
98 299
387 274
345 260
691 326
23 682
19 750
462 203
11 570
204 54
541 80
288 132
120 80
396 127
634 448
170 215
343 12
603 89
666 221
587 287
186 191
702 368
461 405
148 592
219 443
574 481
305 595
393 13
545 413
274 2
209 88
154 196
89 100
403 248
706 288
386 722
601 614
664 10
206 49
689 639
290 706
326 358
19 95
618 346
489 19
620 182
689 193
385 265
186 158
706 453
158 607
173 732
179 172
465 510
19 71
226 140
218 110
506 591
257 281
370 351
580 81
350 143
716 331
306 598
567 522
306 341
308 199
100 225
513 654
553 383
55 634
337 563
676 517
549 651
169 508
100 304
9 116
291 305
640 546
59 537
414 368
350 437
279 625
381 132
362 570
566 676
688 693
621 662
203 587
200 670
193 693
537 411
459 316
433 159
591 724
139 570
215 23
423 194
23 460
11 242
30 591
88 282
107 137
673 540
132 516
510 86
118 656
62 337
505 563
533 529
39 491
455 351
34 689
754 223
677 264
547 120
335 67
96 645
672 532
457 168
517 548
343 227
427 495
312 2
568 702
455 588
642 179
209 232
581 513
108 411
739 230
126 185
308 338
439 570
297 539
730 4
475 425
372 526
381 715
733 738
174 434
217 538
77 461
49 178
374 734
469 38
305 319
200 542
331 555
412 616
149 578
675 678
113 190
146 598
218 731
681 526
728 360
70 711
35 45
435 711
212 510
600 435
175 735
324 147
686 567
199 304
344 68
741 284
629 472
287 450
69 202
76 638
323 102
736 336
5 20
698 50
259 619
660 730
664 446
56 726
612 531
358 220
51 302
130 353
313 427
56 180
166 426
222 728
389 184
511 662
529 492
5 21
254 93
254 472
394 315
212 102
141 694
706 467
171 391
15 271
368 614
61 657
279 579
72 31
534 724
610 455
270 441
605 670
226 641
444 275
205 674
605 564
91 200
710 415
214 387
185 394
384 629
706 234
419 127
63 623
479 383
350 123
355 690
474 586
378 499
401 277
608 2
367 320
654 737
51 181
497 476
197 721
527 211
369 490
448 26
52 166
418 271
278 500
302 16
296 429
360 544
99 562
321 233
660 698
586 5
536 543
201 391
554 317
9 498
622 76
706 441
397 604
328 202
724 109
521 195
223 597
233 368
39 550
58 364
478 166
256 331
610 72
112 104
742 286
527 678
306 454
609 701
111 618
653 178
487 529
445 694
713 515
701 479
193 667
85 235
522 708
687 630
53 687
503 436
684 55
586 550
255 209
117 346
524 167
614 673
597 656
623 202
428 285
409 172
590 454
463 523
305 430
591 644
378 122
235 710
338 124
385 27
377 92
196 507
573 85
165 709
87 695
460 707
219 224
99 83
428 596
652 310
284 392
636 662
146 725
106 1
718 451
24 243
307 542
647 198
555 43
525 691
137 470
480 351
532 637
16 241
47 235
188 40
222 17
157 331
280 721
748 288
268 196
150 746
413 6
632 484
449 447
602 378
627 628
261 367
327 56
266 356
400 135
142 181
7 347
29 690
614 18
597 583
434 176
22 592
275 512
628 584
