885
708 330
3 854
231 856
176 572
824 589
210 533
791 536
619 658
166 312
505 57
733 468
108 447
515 153
853 558
779 16
683 382
136 188
653 534
105 721
407 151
502 48
756 611
626 599
248 386
131 25
860 294
748 304
477 727
501 77
260 687
189 474
126 98
488 96
204 43
528 15
237 478
51 694
22 583
148 666
682 667
161 7
718 244
634 762
550 718
576 334
84 519
435 358
267 142
798 222
634 378
223 264
868 807
310 62
574 729
184 462
132 263
712 724
648 404
8 854
824 452
408 850
270 433
203 738
346 399
356 752
378 504
667 787
840 92
236 848
272 39
810 93
599 756
733 578
352 21
553 461
271 783
243 513
192 683
528 712
629 694
648 189
242 122
746 724
45 256
439 785
627 588
22 856
807 47
56 797
110 152
471 2
134 52
534 340
796 699
143 678
443 189
185 575
127 748
569 646
806 307
680 348
163 441
1 304
386 472
776 525
587 730
686 378
872 56
220 677
509 549
262 660
790 450
791 174
882 447
249 508
849 539
814 39
820 528
845 19
813 799
539 233
206 222
310 41
437 346
340 561
397 535
179 46
343 379
737 312
656 26
621 151
5 508
731 341
606 809
764 10
426 26
88 203
247 746
703 644
356 260
603 693
741 140
558 715
585 169
741 137
410 275
529 745
526 459
63 284
363 870
689 577
334 727
52 245
781 500
480 860
639 489
204 694
459 281
565 594
613 124
692 798
155 553
503 204
835 881
877 420
94 431
486 316
278 330
436 776
767 359
333 651
642 701
202 577
194 571
884 730
274 68
572 408
225 407
300 637
599 457
409 749
136 164
435 448
748 877
32 457
687 92
687 286
159 619
386 710
52 91
641 634
132 337
224 232
727 843
815 765
463 766
195 459
253 58
491 511
677 530
818 306
460 212
731 351
100 612
806 25
612 470
702 842
12 760
771 51
145 504
287 106
363 739
411 94
107 491
489 26
874 166
322 130
289 56
878 75
426 188
419 737
578 145
683 2
324 378
338 237
343 660
223 220
83 623
187 65
727 551
679 566
186 6
868 5
340 201
479 531
732 662
26 187
156 629
477 57
75 817
539 523
73 239
468 639
264 384
471 450
218 162
573 127
554 686
175 206
496 723
31 262
534 105
386 468
177 585
675 863
516 597
646 498
283 266
38 628
160 704
371 823
727 145
367 54
354 724
384 373
621 111
9 709
87 16
766 201
370 808
25 635
418 343
719 758
403 188
374 867
801 780
570 603
377 585
19 152
475 686
7 331
409 573
818 522
881 14
388 784
636 543
454 187
723 171
771 192
540 883
115 32
56 424
766 132
512 62
723 511
672 732
149 390
60 583
557 235
843 43
86 237
39 828
429 824
102 693
323 859
241 625
249 312
182 396
5 717
145 701
123 509
565 367
38 674
641 390
261 78
343 879
294 660
49 322
272 764
228 410
843 780
711 320
279 556
411 41
378 579
214 511
643 820
310 373
855 731
869 653
589 616
507 95
43 800
192 550
718 49
636 512
102 429
540 385
247 18
852 608
245 853
865 721
444 59
627 551
656 747
697 284
634 806
854 733
337 586
764 223
698 817
602 137
140 174
55 741
712 522
137 65
466 790
207 325
514 722
480 492
590 601
152 230
390 849
162 153
260 221
342 209
387 771
413 159
398 209
300 736
217 340
806 366
524 841
707 95
194 129
409 311
527 623
241 165
567 792
611 692
249 377
865 567
429 108
134 515
631 68
556 672
444 29
784 603
287 563
486 444
531 651
594 615
609 818
630 28
449 647
109 414
857 651
380 827
509 305
828 684
349 549
630 677
425 322
518 729
750 87
493 505
776 297
686 695
82 253
764 595
58 22
701 4
36 529
395 878
812 656
585 687
668 159
561 502
808 183
834 240
457 816
230 133
273 539
502 578
869 423
795 79
175 746
787 421
62 5
405 807
832 17
825 712
480 790
689 504
470 514
2 687
664 735
630 416
361 466
787 75
583 791
174 513
98 479
136 827
43 825
252 493
399 784
279 198
421 28
728 306
680 782
308 109
521 604
614 401
863 240
481 731
160 244
781 744
206 173
448 185
601 449
326 417
323 260
754 139
342 143
473 556
612 440
375 669
209 585
224 217
125 379
499 666
861 385
762 255
153 210
183 78
318 360
626 211
192 447
437 99
668 618
480 518
253 640
770 488
75 285
20 586
537 675
167 579
661 1
774 722
419 424
203 374
394 708
758 532
35 718
27 97
246 244
193 780
289 389
873 444
499 542
636 435
703 132
416 811
10 401
731 262
647 598
771 270
748 148
126 492
123 635
52 17
207 625
831 277
480 587
262 344
148 870
141 790
423 76
525 504
106 173
635 316
413 575
98 400
271 565
296 199
602 623
624 453
743 249
132 443
293 301
78 708
856 355
278 242
128 532
570 663
499 539
155 717
598 421
219 122
119 405
826 776
358 584
782 336
743 566
274 579
772 708
110 114
708 230
18 783
138 37
136 765
396 16
258 34
808 273
839 198
607 278
402 873
18 50
624 114
366 680
735 102
519 608
108 557
804 18
607 852
196 382
579 393
450 282
736 499
822 155
646 736
805 366
61 704
490 47
142 773
735 829
201 195
386 381
2 514
72 449
482 256
612 707
30 839
698 240
584 296
592 349
245 450
675 40
161 692
507 555
406 577
600 10
846 452
28 90
820 353
68 237
176 598
776 283
165 180
180 228
868 376
374 192
352 708
704 46
219 11
531 500
320 498
261 462
311 205
365 829
827 197
180 223
597 285
213 503
141 458
267 591
412 834
876 555
385 836
796 716
717 104
387 170
55 467
434 822
328 617
571 677
335 748
535 96
280 864
369 594
835 510
860 391
677 831
434 397
301 176
548 159
703 279
547 597
685 247
809 222
660 837
650 446
775 585
617 266
377 793
806 87
642 497
256 362
570 360
53 263
620 618
295 266
813 672
177 511
152 37
274 538
604 808
350 675
24 166
280 70
487 756
847 663
284 812
681 623
642 506
710 257
439 877
702 867
27 59
215 645
601 760
580 563
340 150
451 178
766 460
671 712
856 120
814 157
836 348
14 738
456 11
665 259
339 381
768 583
877 862
426 545
135 73
298 150
276 4
36 670
844 365
541 307
77 278
302 399
872 414
774 288
2 438
626 44
705 883
181 580
191 823
148 688
589 234
428 683
317 140
299 489
227 661
602 80
742 321
875 880
470 691
191 642
593 568
495 741
700 627
633 474
629 117
96 564
517 228
27 713
593 519
16 215
442 703
347 448
344 254
344 655
407 182
313 846
562 123
767 594
33 295
34 445
544 200
216 429
806 669
45 656
869 795
581 844
315 402
280 684
745 246
120 726
125 676
520 611
259 144
265 50
58 441
597 103
633 483
268 190
755 829
789 814
446 345
280 751
439 190
152 139
697 652
591 172
317 329
146 838
251 99
432 52
128 551
560 192
291 165
448 66
419 69
4 172
510 118
632 38
239 422
674 871
618 81
63 9
446 206
603 85
819 14
720 634
777 801
383 336
349 714
518 74
673 811
182 796
737 485
866 57
382 552
834 559
292 286
683 34
674 319
484 287
357 804
597 73
301 632
71 198
121 171
573 464
825 622
182 290
704 786
783 147
113 836
484 168
309 217
657 682
512 830
625 321
386 430
250 770
649 363
803 782
451 789
259 434
725 730
858 275
659 383
89 474
396 753
64 20
303 819
668 116
732 186
789 332
838 816
415 489
494 271
80 546
761 397
638 879
67 106
237 229
668 42
767 851
3 13
788 800
795 821
485 769
778 812
319 794
124 611
326 647
524 877
314 800
296 596
368 587
236 108
323 158
226 56
703 392
246 469
706 770
582 550
855 154
427 882
112 52
785 544
269 497
610 406
742 885
839 802
696 601
757 607
9 465
605 590
309 740
696 238
759 417
101 819
842 734
441 763
93 367
818 23
804 833
690 879
327 118
67 208
188 455
593 476
357 372
50 654
364 657
357 880
