364
183 44
293 42
142 7
331 258
130 167
107 312
308 103
220 68
98 22
169 348
358 277
219 105
262 265
284 98
42 179
176 156
37 227
267 56
64 26
40 242
73 211
4 316
125 58
269 138
135 252
20 148
347 352
12 39
143 289
257 120
322 170
157 243
232 160
266 165
291 296
134 82
197 235
118 212
356 231
208 311
40 329
24 135
257 357
95 153
126 168
67 233
343 255
124 53
232 345
119 1
239 113
146 194
35 53
301 155
199 248
143 115
39 341
338 137
204 166
151 34
270 214
319 78
217 144
145 335
181 37
181 285
289 189
314 288
9 339
125 278
300 197
52 142
271 245
272 206
156 334
148 270
12 200
348 46
89 255
22 4
320 232
76 348
320 49
64 290
17 188
314 284
6 248
203 325
5 264
128 190
77 150
158 289
334 140
46 206
18 51
173 120
288 91
236 286
128 228
303 291
179 24
181 252
18 143
2 163
151 62
241 334
44 32
166 52
274 124
125 148
64 277
165 168
313 145
286 347
173 102
236 147
57 244
65 249
131 317
347 332
3 291
287 117
344 6
231 110
180 96
194 90
159 307
346 23
256 178
129 44
80 112
109 319
105 251
78 124
153 110
32 292
168 284
347 255
257 271
289 311
356 359
36 328
141 236
360 134
9 132
96 164
300 58
114 129
281 59
148 291
148 112
62 124
268 245
112 307
309 123
194 176
67 99
9 216
213 42
17 350
47 291
69 72
176 44
272 342
97 225
244 142
136 75
142 71
358 142
224 255
174 23
43 193
167 35
60 191
262 2
183 288
229 69
84 308
25 153
252 163
66 194
98 78
314 221
23 90
257 86
325 42
228 10
125 301
37 74
152 222
298 99
113 307
115 122
332 6
213 247
328 282
349 204
101 299
230 361
51 332
363 180
140 85
259 144
2 240
111 5
271 132
82 180
240 44
148 53
295 34
333 93
197 187
135 72
170 329
19 110
5 99
88 185
117 325
36 99
85 136
30 93
217 60
350 272
84 293
203 170
10 238
321 360
251 77
359 134
13 186
259 289
329 238
325 345
30 229
272 248
201 55
15 147
251 286
330 55
329 362
249 70
283 92
275 362
116 102
178 255
48 350
210 217
57 147
45 158
50 204
111 64
88 339
85 105
237 305
258 26
332 101
298 339
135 81
225 356
226 353
120 96
92 339
108 103
238 33
331 326
269 135
332 107
265 139
11 197
22 161
212 241
249 6
188 157
63 178
123 160
330 335
8 274
193 20
113 211
248 218
81 55
14 178
211 172
223 161
184 272
19 149
206 253
20 215
205 87
341 162
279 56
78 310
101 222
121 9
269 246
200 270
280 42
79 284
112 281
260 358
276 334
20 237
133 120
355 265
26 38
27 23
176 100
354 364
332 317
41 34
318 147
209 344
19 28
351 184
250 356
261 105
202 36
327 191
84 267
323 46
106 176
161 263
304 249
195 250
18 175
273 47
171 288
292 177
75 16
349 207
364 205
146 54
63 337
230 14
38 294
29 217
1 109
90 324
17 87
196 183
88 68
198 140
245 137
353 82
234 272
104 296
112 94
31 241
359 302
13 145
21 194
306 196
282 154
61 219
254 219
336 124
340 34
231 315
100 83
94 182
363 192
297 329
85 127
