4
25 1
610 
32 
997 
198 
682 
145 
837 
521 
259 
331 
911 
31 
971 
480 
475 
319 
963 
592 
965 
285 
750 
329 
979 
117 
421 
58 43
611 57 335 312 781 512 688 55 931 231 457 446 258 421 656 2 829 858 305 607 598 644 770 40 776 118 140 113 321 989 959 79 657 951 700 518 654 670 337 864 334 154 268 
611 571 740 306 374 947 183 550 77 256 620 886 407 61 455 924 188 81 282 286 963 420 38 161 135 155 982 81 309 645 33 329 748 191 464 495 394 733 240 936 569 447 882 
977 838 749 298 130 426 969 712 253 629 155 929 826 186 278 35 348 909 786 850 383 717 3 643 149 24 191 275 583 223 910 137 966 666 282 989 907 37 557 782 675 736 103 
132 137 487 721 234 235 781 778 817 889 821 705 118 820 248 196 258 326 380 826 704 516 159 819 616 417 962 30 768 620 819 539 360 362 107 188 961 701 957 849 676 484 168 
343 202 332 304 303 460 100 249 218 341 262 933 246 406 595 715 126 770 863 652 58 126 514 759 670 156 112 514 893 120 183 609 767 543 126 586 32 26 773 860 796 62 598 
631 766 33 400 212 924 317 61 661 132 909 112 911 405 858 714 577 7 264 391 942 559 973 94 220 483 217 717 606 629 321 393 958 233 639 281 85 333 782 22 696 376 469 
887 899 330 378 19 278 141 736 378 768 541 57 984 97 292 668 788 347 551 485 442 963 414 897 812 888 250 168 859 1000 637 123 947 616 113 214 66 659 472 732 713 451 191 
366 137 376 828 730 776 14 948 598 110 947 503 243 7 886 928 30 149 16 455 625 989 719 624 912 255 616 328 801 540 450 513 10 259 922 463 112 390 107 395 380 889 521 
196 766 918 461 691 746 917 515 349 713 592 869 794 475 932 589 788 443 724 64 318 32 595 155 931 175 8 199 565 456 902 207 335 494 215 552 672 982 839 238 91 126 3 
359 537 887 288 815 32 696 945 51 307 662 708 552 204 566 29 557 181 962 72 975 556 75 486 898 172 769 595 107 275 293 171 540 27 893 558 956 339 851 400 372 446 448 
265 182 869 893 465 685 431 245 982 731 58 532 398 290 601 712 957 245 932 118 112 553 911 467 612 682 689 163 951 962 423 726 846 117 200 644 702 816 185 610 159 548 601 
128 423 231 377 58 200 791 307 801 350 772 253 677 760 722 414 297 609 418 496 352 340 279 395 916 294 572 409 625 605 502 518 893 169 367 465 846 32 31 992 469 595 379 
41 193 625 264 87 713 459 73 85 538 7 839 755 31 184 38 99 636 368 181 149 479 936 542 937 722 444 275 269 797 161 592 137 992 102 446 667 13 751 492 546 203 93 
101 664 812 636 182 609 512 828 584 238 956 745 455 594 505 939 262 697 548 32 920 273 523 954 792 307 214 760 273 82 887 732 565 359 809 838 707 314 636 136 589 635 40 
197 261 817 387 550 781 540 817 598 519 948 971 915 311 769 334 382 194 534 708 172 267 129 442 942 65 845 663 576 518 729 512 169 656 382 844 926 586 893 702 362 210 484 
651 19 981 970 527 261 451 11 385 948 157 336 242 401 592 75 799 609 80 751 890 887 171 259 834 988 858 12 19 220 614 676 443 604 731 325 476 450 131 502 811 984 371 
556 614 216 453 787 122 898 700 136 578 285 384 721 419 999 694 59 652 467 413 703 714 977 85 828 934 459 265 470 174 103 320 283 159 143 657 202 187 498 531 910 77 433 
483 1000 93 770 828 617 313 768 429 107 724 289 386 494 58 136 737 169 857 105 603 849 922 314 990 126 895 8 884 543 84 68 740 149 204 625 753 182 730 532 665 900 732 
446 514 737 316 910 8 172 711 890 552 697 447 639 327 272 508 926 280 710 204 143 422 783 551 486 342 185 345 90 936 423 337 638 804 242 963 930 91 42 280 362 627 159 
281 269 342 326 24 207 919 590 585 9 244 24 431 369 647 780 397 312 753 903 11 822 961 12 980 303 378 536 927 558 957 768 934 557 831 486 578 117 92 658 745 371 883 
541 656 372 93 927 6 291 771 432 536 291 418 357 308 528 486 44 180 46 84 577 60 141 107 858 16 672 422 411 529 292 24 664 766 179 711 958 390 251 796 176 172 206 
155 863 980 381 433 54 294 140 935 547 879 719 613 74 873 191 984 773 181 906 29 6 744 928 961 648 850 787 916 399 184 669 14 651 172 112 714 639 391 130 999 689 175 
845 555 872 828 836 589 966 783 547 115 531 793 293 781 574 296 574 592 479 229 29 991 300 397 579 809 859 492 628 744 616 253 480 698 763 471 47 254 831 167 288 478 570 
382 182 887 118 924 567 590 556 498 126 679 347 481 901 45 430 420 780 475 653 633 291 494 476 866 195 534 943 86 307 282 849 904 30 121 767 352 267 877 921 114 859 143 
73 991 420 882 109 166 947 323 80 976 420 541 388 514 921 251 629 143 685 977 844 227 457 413 768 25 876 621 393 183 194 598 230 87 171 49 526 504 285 147 366 25 667 
199 953 110 108 457 588 241 144 952 719 143 335 251 337 72 189 77 101 966 202 137 510 886 728 956 527 524 152 348 31 897 437 620 769 364 911 706 717 928 354 976 210 812 
140 112 420 484 231 919 833 554 951 399 197 494 910 247 641 939 172 221 98 741 106 209 933 15 802 582 719 437 949 701 52 989 795 942 343 859 998 236 644 709 103 982 495 
147 463 239 812 393 350 434 803 750 380 701 617 327 522 648 611 892 617 86 940 554 96 554 649 782 974 391 843 557 956 669 917 247 868 457 623 645 406 715 408 302 865 912 
538 367 177 268 732 294 213 489 454 499 936 281 700 255 302 546 853 696 497 412 352 762 193 483 340 908 946 849 889 59 513 40 970 103 790 664 226 968 932 246 498 980 576 
337 342 166 46 929 692 881 897 839 632 448 369 712 14 844 57 721 98 645 326 979 356 537 445 261 464 77 836 950 39 137 643 882 761 733 619 207 283 99 714 78 649 735 
254 480 991 707 459 2 827 706 434 0 677 647 638 715 448 350 544 193 345 985 255 819 111 166 383 429 718 462 356 79 132 965 762 1000 228 528 45 627 40 973 177 55 259 
649 199 313 367 126 145 608 182 719 910 83 197 126 40 209 492 798 248 474 432 624 719 965 126 486 930 117 318 551 265 797 884 742 809 136 607 561 291 870 697 372 439 424 
191 357 860 4 265 762 657 246 739 996 416 141 921 348 469 305 685 293 192 611 500 889 793 89 24 819 298 526 734 241 904 105 304 227 687 570 73 478 841 993 335 821 645 
688 722 699 827 101 879 664 417 862 851 566 150 483 67 899 442 6 606 538 353 432 718 703 559 431 848 987 944 321 176 903 93 524 164 777 717 932 487 881 264 802 102 955 
637 624 884 956 847 817 847 262 126 270 9 837 314 210 212 781 699 892 533 599 299 8 296 152 44 715 877 861 370 522 465 697 667 321 959 221 726 807 749 451 713 436 936 
741 780 704 781 94 23 878 739 855 738 175 984 168 50 653 46 707 433 996 435 638 613 781 794 288 737 15 979 55 326 960 812 559 269 689 580 406 491 853 736 962 461 167 
177 766 655 498 861 175 220 317 543 57 246 708 530 732 105 59 536 911 845 63 769 773 373 357 236 227 27 1 810 214 755 651 797 964 253 313 825 491 703 421 659 585 96 
650 151 479 863 799 972 985 120 881 187 426 132 431 238 676 48 527 524 946 336 885 428 47 709 703 388 125 444 787 727 212 267 86 354 417 211 110 63 544 389 113 350 417 
622 766 766 502 12 733 66 16 695 900 257 503 18 368 825 940 787 346 479 95 765 899 486 412 857 813 293 743 826 418 338 149 359 806 459 718 574 503 828 292 727 932 210 
177 613 605 412 612 108 850 418 928 317 648 325 577 587 532 191 343 658 904 666 969 406 885 507 240 804 251 455 282 381 453 607 454 367 838 504 250 790 199 619 557 731 576 
63 34 738 237 833 724 476 568 923 461 215 690 968 763 647 878 371 443 515 163 299 651 969 459 217 383 599 64 23 642 423 464 99 482 132 623 952 951 469 104 489 162 342 
503 872 990 795 79 909 927 837 457 658 44 207 759 220 867 356 459 894 104 596 310 865 82 76 813 344 197 244 18 510 208 551 950 900 755 176 526 841 409 659 610 974 872 
158 545 528 325 795 77 147 727 150 150 221 835 380 224 692 451 266 515 36 760 742 89 438 985 531 668 585 606 708 46 268 434 589 215 519 243 853 97 743 520 981 6 127 
64 416 590 182 241 931 919 434 140 728 318 251 117 404 117 381 265 153 192 703 492 120 146 235 70 260 983 610 651 51 797 822 693 783 90 492 823 829 638 973 139 475 392 
413 499 61 539 196 177 397 708 298 600 867 702 107 301 386 313 836 845 43 989 917 141 130 573 483 442 821 760 902 319 101 405 658 997 800 711 651 711 983 70 910 179 466 
301 388 377 992 714 511 421 544 305 262 535 109 777 214 688 4 666 121 213 785 793 80 475 931 758 612 319 852 286 949 865 530 635 182 25 319 673 300 988 300 660 517 186 
439 721 351 363 543 890 830 160 653 193 958 662 512 807 395 613 737 707 547 340 71 960 880 393 597 376 337 395 118 715 174 589 260 979 512 391 511 875 74 845 181 99 50 
380 523 120 98 172 380 417 150 475 544 636 294 361 474 588 369 646 758 857 813 827 829 647 836 165 992 617 308 106 42 42 646 215 525 693 671 73 326 984 933 186 713 567 
433 662 840 954 572 760 804 331 699 402 741 699 263 272 619 184 154 105 362 301 612 2 784 115 132 118 32 935 360 540 665 468 960 672 268 638 366 387 580 60 109 115 786 
867 170 131 868 234 331 223 196 447 898 888 384 816 785 932 370 404 230 416 489 640 825 728 245 227 248 6 911 392 857 884 539 384 228 19 410 390 130 663 605 261 913 65 
777 451 893 628 651 709 230 834 133 464 58 331 870 193 445 566 125 889 279 476 915 275 960 31 716 391 933 134 0 677 98 909 935 579 826 969 575 914 466 899 704 665 18 
798 480 103 980 884 90 412 255 275 208 891 303 339 701 327 90 979 464 923 243 62 992 638 882 874 996 467 354 646 160 176 301 742 867 83 155 325 742 460 335 807 387 301 
946 143 64 481 213 569 884 498 32 115 692 403 955 90 74 725 653 392 903 94 188 834 425 61 914 451 7 182 696 306 59 251 855 151 833 818 881 273 873 893 809 848 846 
560 856 161 78 988 212 217 239 420 201 207 674 835 220 184 256 160 1 856 822 665 564 858 372 479 477 196 46 355 260 866 106 316 800 670 678 246 21 836 979 875 885 979 
872 818 427 105 340 851 995 952 564 582 342 179 427 881 605 74 122 94 432 296 367 924 199 269 799 897 327 102 414 372 918 551 72 143 934 989 972 777 336 742 218 584 91 
445 647 910 223 433 192 65 662 490 922 743 159 957 905 286 344 548 476 651 963 762 812 57 6 504 595 9 492 156 270 285 267 842 329 245 482 286 86 983 522 880 91 52 
381 206 237 372 533 387 461 769 219 638 863 550 839 825 602 339 358 804 81 596 285 828 890 476 73 270 864 352 228 613 610 835 709 929 49 474 537 406 61 717 705 132 224 
734 201 137 241 42 749 854 454 129 4 758 26 233 757 882 309 353 552 139 493 232 564 117 672 98 779 712 282 186 494 132 668 419 240 606 261 192 824 148 618 140 223 527 
59 74
29 692 61 852 223 739 114 156 241 298 422 234 794 717 705 787 172 450 839 103 496 847 647 684 144 600 538 770 206 737 237 661 777 841 363 932 665 810 217 731 712 743 381 302 531 869 188 628 182 859 65 587 12 166 581 646 141 354 145 454 428 1000 372 828 676 899 655 1 586 367 346 392 898 926 
69 702 760 574 527 406 532 259 929 982 733 840 96 273 1 336 869 628 586 809 925 279 218 862 784 645 614 335 821 174 281 848 548 716 435 850 957 735 131 675 264 818 508 987 638 752 816 384 579 44 120 819 677 115 921 958 345 635 965 651 736 514 869 40 233 773 142 223 10 789 277 495 626 361 
785 206 344 827 643 604 645 279 925 963 746 491 17 879 390 853 171 247 113 818 604 808 188 137 576 39 707 438 575 380 767 123 200 633 717 278 399 86 534 42 452 590 685 320 322 69 524 7 899 674 361 473 134 461 315 979 598 643 380 827 735 817 772 157 708 370 987 429 418 496 913 929 685 520 
27 268 967 826 111 879 265 420 849 623 707 253 884 881 74 55 350 166 503 338 387 602 990 864 393 940 774 808 461 798 849 941 683 480 963 274 428 553 822 752 921 66 171 213 303 366 399 206 154 721 484 906 19 772 869 668 419 478 846 62 408 947 816 627 210 982 631 627 490 886 310 803 389 103 
416 711 764 330 682 403 715 813 842 64 183 439 456 708 639 479 427 538 503 287 352 432 899 43 133 743 820 161 483 379 942 175 574 145 846 487 552 494 923 383 899 122 820 983 558 906 974 864 433 282 534 973 130 688 390 696 760 83 504 362 669 96 473 715 724 722 230 877 610 941 980 258 575 404 
865 426 308 162 386 591 600 272 252 643 615 619 427 209 216 656 436 448 119 218 737 757 8 775 398 527 533 524 889 813 546 687 593 329 159 539 816 876 941 753 561 452 523 679 116 286 334 478 322 755 792 819 259 209 235 844 20 506 271 941 306 712 718 654 318 992 644 295 561 741 388 46 821 567 
943 985 234 205 531 440 934 441 999 220 334 652 33 654 803 467 518 511 648 911 84 327 908 513 698 151 133 55 902 990 155 334 189 818 714 77 955 762 872 505 894 621 95 187 42 28 381 219 380 46 791 282 21 914 871 991 263 866 362 343 790 904 702 958 714 707 589 72 28 149 257 896 663 493 
308 287 154 830 200 58 314 368 852 954 974 396 6 92 762 87 23 269 968 630 397 21 967 297 76 783 904 370 191 110 61 992 470 428 163 259 556 118 656 764 460 775 877 865 511 445 523 217 43 226 231 33 119 807 440 733 459 483 163 495 0 73 235 689 668 946 709 654 886 52 978 709 370 161 
442 914 688 430 586 341 47 231 606 615 945 433 440 689 325 993 634 274 789 218 131 415 6 307 58 57 750 201 958 937 730 280 566 895 379 843 193 529 975 944 145 55 834 46 574 60 433 160 122 308 842 21 119 524 928 139 136 607 13 163 64 133 61 474 838 115 885 514 718 168 365 983 709 656 
967 192 55 272 347 344 259 171 725 30 872 242 772 500 658 943 888 59 66 228 976 218 438 461 285 926 545 421 885 565 781 721 575 950 951 266 372 117 495 457 185 497 961 158 806 898 69 481 162 705 570 522 71 152 713 208 433 9 417 504 174 89 457 23 522 698 304 844 424 566 992 579 372 288 
608 62 911 52 432 392 517 844 742 15 687 931 366 862 290 686 327 243 308 786 881 105 797 109 677 227 587 433 972 191 835 221 242 541 172 102 158 475 157 836 162 926 122 214 965 712 339 469 524 9 723 511 21 379 116 677 101 844 449 75 18 897 812 925 65 741 833 466 293 921 110 920 737 41 
395 343 77 370 473 617 8 574 591 90 712 41 457 99 276 88 469 580 451 431 522 988 291 546 109 995 352 710 650 344 390 45 419 611 498 370 468 137 227 423 472 535 435 426 119 32 257 910 510 23 196 31 781 129 319 471 622 82 683 676 956 831 603 983 775 787 133 715 320 728 691 75 332 930 
690 934 601 697 769 893 664 626 222 743 460 303 322 773 571 334 169 100 248 611 689 955 549 942 346 661 176 384 346 641 786 9 19 818 133 494 674 237 276 735 823 964 61 229 177 136 440 825 112 509 210 857 821 406 28 862 530 232 432 915 682 507 783 204 360 730 708 826 523 696 127 533 268 360 
350 20 728 621 426 16 217 859 579 17 689 94 774 744 948 521 513 683 603 326 786 274 155 490 451 964 470 510 48 432 664 827 875 279 509 573 917 118 206 450 189 575 361 449 568 172 416 965 763 705 855 741 210 557 838 660 416 691 84 885 3 740 382 804 172 338 836 69 822 314 787 759 540 552 
604 868 949 216 891 391 318 124 558 704 955 422 385 694 189 578 453 304 756 766 746 384 941 719 843 549 823 866 433 97 514 577 731 777 751 975 89 209 290 918 450 386 21 914 301 681 616 551 174 566 166 497 520 137 858 177 376 939 949 132 562 766 520 96 48 807 425 618 584 897 446 753 980 185 
85 821 439 487 326 631 327 334 439 149 904 239 17 750 960 219 756 451 480 324 259 256 441 350 735 293 168 752 957 987 11 167 349 235 122 40 287 456 789 429 790 851 990 90 953 945 171 243 547 905 478 522 444 768 146 37 571 392 747 449 887 163 700 196 544 528 34 628 125 920 171 968 442 431 
657 287 287 587 630 740 159 217 422 984 886 382 785 579 824 173 358 329 901 534 11 665 636 408 269 293 140 12 152 737 71 937 102 460 514 759 927 79 989 580 954 492 730 572 722 697 214 399 164 159 59 414 686 388 478 426 703 674 903 281 906 599 911 492 160 957 282 204 324 443 68 184 644 980 
768 928 110 665 786 599 175 433 189 58 303 581 610 696 704 954 766 509 823 962 82 620 960 834 154 627 758 779 914 498 448 707 138 26 480 913 155 218 744 418 243 588 32 688 727 120 995 398 590 316 159 134 761 282 710 375 907 723 957 919 336 183 737 904 493 619 840 884 13 790 395 224 133 7 
823 11 258 206 343 981 193 285 303 824 871 166 979 622 699 780 593 236 505 68 845 298 703 776 895 441 802 105 610 343 303 754 543 486 549 370 346 264 703 916 728 677 143 30 545 92 387 412 805 816 877 208 901 826 857 525 818 929 57 557 768 545 553 332 494 160 471 669 899 667 281 889 95 617 
660 379 832 778 330 317 607 746 651 418 801 928 430 983 583 777 35 764 269 803 63 986 354 979 329 429 771 815 494 986 907 319 50 556 240 497 611 310 175 418 835 611 650 883 440 847 258 87 907 969 404 396 973 295 763 989 659 39 246 248 506 30 240 607 751 88 700 99 398 211 692 15 262 917 
463 276 18 999 420 581 278 489 991 178 135 282 757 191 419 118 364 437 589 877 620 615 647 331 642 649 363 390 842 709 496 410 506 421 755 754 369 723 631 786 352 923 202 810 407 612 474 784 115 315 23 156 974 826 659 766 585 297 210 568 859 424 397 127 170 923 450 126 635 250 836 742 304 472 
773 887 165 820 757 481 429 855 55 452 264 508 391 681 867 808 45 986 747 176 704 583 31 870 392 421 823 250 452 671 687 14 262 524 367 522 549 212 99 783 397 504 259 250 311 439 276 199 271 751 12 404 820 277 310 967 720 899 612 970 412 377 303 859 952 301 15 80 811 275 346 738 410 652 
640 245 873 80 395 454 165 278 658 409 640 429 639 404 447 412 685 819 631 503 867 568 623 429 4 611 938 548 332 290 829 771 834 995 63 906 399 664 246 737 726 290 740 260 329 951 922 64 198 673 155 659 402 728 880 340 292 966 982 734 673 515 272 791 486 892 394 374 152 250 750 58 811 380 
728 712 41 13 683 914 952 140 524 561 846 902 892 43 86 805 383 362 255 459 238 4 320 530 483 153 653 790 594 178 958 276 928 7 655 885 780 735 696 201 791 242 778 285 787 683 156 72 372 921 890 551 965 811 519 688 611 199 864 960 394 849 239 5 288 20 909 919 32 216 221 164 576 839 
120 92 466 863 55 271 857 135 311 616 892 961 107 956 747 80 9 137 971 204 118 285 290 579 945 29 132 977 573 321 957 321 3 368 850 461 708 962 557 294 677 832 829 377 330 676 919 800 42 55 717 393 987 538 851 301 284 460 440 930 711 284 769 253 28 867 442 402 258 251 323 337 577 714 
732 84 545 868 189 523 239 336 535 868 186 395 862 355 420 485 414 83 586 180 431 871 237 728 213 306 895 433 58 251 758 717 947 175 818 971 181 466 448 851 749 979 836 522 549 820 594 703 973 753 558 507 525 551 906 110 949 177 855 376 462 976 692 64 59 838 898 243 1000 854 293 387 353 861 
821 283 249 27 599 467 625 404 941 468 718 425 585 375 629 33 131 885 689 840 350 403 285 395 322 892 699 29 559 626 555 188 451 811 640 348 489 713 876 306 586 436 863 49 589 856 305 88 22 932 142 308 86 440 870 239 607 439 304 540 512 861 180 668 821 289 742 242 908 555 541 679 859 281 
658 552 715 24 949 114 929 272 887 816 126 952 496 579 804 682 415 330 46 142 421 181 856 736 316 94 420 883 598 218 106 784 792 528 398 946 102 333 336 378 837 385 112 774 313 433 103 828 904 690 855 588 223 904 836 254 70 449 248 958 222 100 590 924 262 371 905 500 266 235 316 711 823 710 
519 58 25 944 606 420 397 351 873 143 612 53 458 937 723 539 384 33 736 420 691 479 128 75 306 256 209 183 908 749 197 886 762 586 771 659 825 671 114 537 264 458 845 384 227 144 53 457 717 351 292 669 444 319 223 785 333 218 1 588 89 277 737 905 965 293 608 690 794 911 430 662 163 357 
315 712 327 646 387 102 267 559 629 837 856 586 500 785 633 218 35 527 351 849 430 558 724 542 123 163 129 257 998 954 98 403 448 661 55 95 786 478 259 80 997 81 823 625 437 187 739 118 386 71 65 303 563 424 59 213 704 430 604 511 12 706 481 248 853 787 114 413 331 494 442 130 703 733 
438 395 162 294 783 794 512 828 12 658 579 409 509 41 819 382 457 389 445 61 516 552 124 532 22 506 906 752 571 957 370 716 279 878 692 206 816 84 33 24 864 733 860 665 265 761 507 668 566 69 923 877 386 994 218 446 76 138 793 124 969 809 857 595 276 835 511 616 420 637 903 6 182 490 
603 123 826 265 482 305 364 765 785 780 924 798 493 391 571 184 613 18 256 563 724 893 142 838 324 464 783 661 92 455 406 748 955 177 773 911 391 435 225 497 845 712 4 50 837 748 724 566 495 667 110 17 624 506 993 61 486 214 405 836 450 615 557 573 105 158 348 385 746 144 44 397 915 503 
841 390 906 353 659 589 625 836 864 884 710 919 871 917 702 760 232 593 997 961 935 419 639 988 957 741 158 668 981 336 673 110 214 254 372 139 535 280 7 412 512 332 480 570 534 499 123 167 788 151 546 264 236 840 282 428 287 229 266 228 901 672 921 939 752 835 292 84 522 79 670 22 665 33 
266 390 855 255 235 585 506 821 819 828 159 694 527 946 89 359 83 851 802 693 299 823 20 35 114 859 410 970 733 800 208 359 196 583 52 63 737 168 766 823 134 211 823 168 922 245 539 643 487 27 526 527 299 434 28 405 923 817 84 334 795 169 225 892 326 639 311 550 934 637 742 837 737 293 
668 36 104 115 975 415 849 482 705 558 22 745 313 345 181 287 929 936 239 996 332 330 549 758 262 336 644 6 915 863 259 51 351 246 129 872 689 858 854 149 818 216 479 515 875 869 83 62 818 184 15 706 887 889 176 310 355 451 384 703 141 454 487 560 596 29 932 516 16 54 557 744 124 262 
203 392 20 789 989 226 20 66 622 453 554 897 491 873 863 879 992 334 271 139 65 498 830 862 545 115 366 519 279 307 43 257 946 435 575 6 191 67 637 1000 108 301 90 931 684 681 93 177 879 890 191 710 6 906 146 175 247 398 311 492 627 350 109 125 786 173 882 340 92 379 245 889 477 379 
136 836 873 510 941 680 927 694 320 712 883 4 647 877 905 484 561 806 752 295 946 982 694 568 15 736 48 760 825 217 510 464 635 646 6 80 4 177 960 780 237 314 353 448 33 976 67 349 40 172 869 92 918 591 361 982 30 103 206 392 90 779 968 142 455 509 529 849 162 848 467 824 747 222 
724 668 327 348 578 409 744 923 812 232 123 781 978 508 648 9 645 275 964 560 992 217 645 15 966 595 898 462 207 527 446 462 732 910 850 478 245 685 871 111 733 156 637 346 942 505 829 736 229 46 355 344 234 350 864 269 964 214 124 523 56 896 949 890 948 543 128 181 346 423 599 739 752 820 
202 987 246 215 479 173 624 547 560 846 810 448 749 743 99 649 731 525 656 928 577 170 398 219 132 976 126 71 269 9 757 818 642 684 609 433 0 41 283 577 113 864 652 791 688 680 39 670 99 274 504 930 968 925 210 501 145 899 585 725 465 308 102 504 597 342 303 647 389 845 65 641 119 291 
365 782 611 765 69 280 594 460 669 941 284 560 474 886 492 711 854 553 593 925 921 633 803 291 569 346 174 328 632 755 672 568 406 407 187 788 979 837 99 550 349 461 297 596 444 966 113 593 269 134 837 598 357 898 473 805 815 468 753 816 773 292 494 825 491 728 363 995 569 872 498 696 405 306 
622 581 694 971 708 822 996 369 618 649 992 21 380 749 423 902 672 340 710 437 801 967 252 671 534 254 259 200 488 743 270 664 632 550 659 454 208 958 257 3 951 230 718 893 584 659 381 895 28 877 648 618 241 956 634 440 851 870 477 827 991 140 167 471 873 169 588 681 795 468 239 932 210 771 
507 523 941 108 77 205 169 229 25 885 595 88 45 714 774 389 587 29 338 134 429 860 427 774 884 687 703 56 112 441 242 413 751 937 508 734 428 477 77 776 799 664 353 995 207 551 962 632 537 396 819 564 9 136 390 625 269 395 289 132 253 716 19 882 371 77 747 854 529 479 214 287 206 207 
424 951 927 724 663 62 764 620 398 685 680 726 516 709 302 81 185 427 857 997 877 521 58 133 748 210 472 428 84 918 365 863 480 100 939 352 492 601 627 847 411 92 815 963 828 825 88 826 507 326 309 618 455 333 573 660 84 75 414 35 672 149 663 660 812 130 342 791 47 585 789 168 802 38 
414 270 976 85 132 666 612 859 762 695 503 0 81 661 422 360 708 302 697 93 475 967 90 996 879 281 728 511 49 784 570 610 404 132 369 399 633 580 853 502 312 11 117 611 388 335 487 287 33 63 222 79 857 895 732 802 813 84 695 693 290 281 434 519 553 623 67 959 864 887 446 613 884 650 
175 230 862 953 33 137 375 108 813 956 791 256 62 517 549 670 819 683 560 382 803 720 773 699 334 868 987 493 219 38 226 774 34 171 148 867 468 402 395 80 154 302 608 569 890 711 893 790 633 347 204 131 404 995 994 204 230 360 87 224 653 980 486 367 702 537 306 788 533 482 411 285 14 35 
887 938 541 74 872 855 956 628 146 632 98 911 531 976 245 689 400 796 282 500 740 443 18 533 785 897 733 718 838 855 555 328 355 852 780 95 744 190 257 800 893 762 360 285 118 343 927 603 471 943 199 699 924 398 168 74 150 234 935 931 286 757 409 964 565 511 472 910 826 233 388 682 110 592 
856 161 650 236 329 623 267 949 161 141 29 54 267 802 994 232 905 453 628 782 196 490 716 449 310 8 659 979 443 153 476 947 643 145 578 271 855 870 110 212 255 52 712 96 649 573 966 313 26 228 491 892 905 644 840 305 211 270 717 714 489 252 916 820 270 341 664 712 593 142 756 589 176 667 
951 898 199 891 503 580 241 109 933 611 44 557 745 844 104 769 373 815 722 460 685 434 322 769 246 412 792 211 358 265 527 447 540 115 60 235 306 962 617 719 599 417 760 717 549 192 822 740 0 885 375 602 884 756 120 713 319 700 199 111 997 944 315 960 273 692 34 71 488 61 758 502 427 356 
99 378 642 542 662 758 655 768 457 480 209 504 487 443 55 709 728 431 842 867 884 927 684 282 96 319 884 125 840 626 290 512 63 984 72 862 944 872 523 479 274 437 702 508 171 273 359 338 272 925 988 675 579 366 30 782 576 578 620 727 35 953 492 763 16 978 708 209 176 895 711 773 832 310 
817 498 502 621 595 925 670 482 395 453 69 173 160 0 916 699 737 736 781 26 371 960 219 582 266 438 910 969 308 164 544 804 18 835 29 816 894 970 296 222 207 582 422 816 382 940 496 214 89 531 106 870 946 124 910 854 580 187 591 628 792 176 943 17 139 454 482 247 124 391 139 812 779 549 
53 254 773 947 103 449 763 130 966 463 858 414 526 225 154 638 224 323 904 530 966 485 138 281 421 270 642 511 301 159 226 856 64 566 400 70 584 894 21 487 765 67 930 938 999 444 873 848 176 105 691 204 305 12 111 973 120 600 732 83 255 673 186 198 971 278 29 686 434 11 596 689 662 620 
567 230 572 710 396 865 94 217 208 597 714 579 905 58 731 454 131 502 79 653 180 828 469 845 30 646 95 890 627 805 714 917 780 30 770 917 789 235 117 296 832 1000 622 573 372 953 893 644 609 971 605 683 76 20 412 754 287 166 934 908 438 266 651 921 723 410 9 698 626 236 354 927 182 548 
550 721 373 12 333 366 192 790 83 182 211 776 927 328 298 645 106 938 630 83 993 240 279 60 164 883 740 442 738 71 476 183 605 550 492 672 257 598 984 771 808 508 730 355 837 700 266 308 110 670 937 315 173 789 442 290 829 253 219 689 138 862 890 403 682 196 237 78 807 120 626 614 583 87 
994 992 455 66 655 391 324 260 528 780 319 664 967 890 439 674 443 761 898 764 987 489 482 827 859 421 714 617 382 205 394 953 808 692 808 193 404 363 165 904 869 999 12 395 44 347 74 345 585 137 913 801 986 603 350 362 336 463 886 419 269 162 563 19 137 825 660 565 126 459 380 579 276 509 
498 503 369 479 118 350 696 889 603 896 77 609 812 336 266 260 822 977 331 542 637 614 509 389 607 590 334 420 760 724 537 818 136 557 673 638 307 764 687 186 494 414 678 52 705 120 561 68 236 571 632 489 687 158 740 638 854 815 689 997 459 459 931 112 451 279 493 747 533 687 237 750 738 444 
179 817 592 933 956 895 500 303 325 267 28 9 797 837 823 780 774 764 939 870 417 406 130 345 923 301 581 36 470 217 555 647 227 76 767 536 206 965 384 240 41 394 238 968 156 16 525 14 498 598 113 728 580 80 977 855 514 226 661 966 199 772 43 581 170 916 123 932 439 192 945 601 426 920 
997 430 518 61 212 351 265 534 380 927 230 96 544 845 632 756 915 157 509 392 778 48 998 592 240 146 140 782 722 971 231 414 622 844 552 51 287 514 961 904 47 689 727 924 210 4 304 26 14 291 73 642 84 430 291 771 690 926 860 417 160 829 636 305 28 997 114 622 871 292 18 79 716 511 
689 989 413 171 475 152 506 117 554 408 106 975 993 339 163 740 843 459 921 127 908 51 580 595 916 549 266 136 977 986 502 934 457 41 749 10 567 28 466 775 461 958 208 959 935 640 968 477 561 755 210 207 59 887 208 219 736 349 155 162 223 880 59 94 192 391 420 202 176 333 615 148 171 262 
19 45 384 412 355 12 68 550 242 134 795 363 438 963 356 605 645 71 654 773 690 782 1000 344 561 87 405 412 595 133 397 793 775 859 556 377 564 553 9 421 310 947 220 2 521 690 69 378 478 822 835 698 290 793 63 384 542 861 299 325 862 833 295 269 154 154 52 845 378 141 737 0 44 956 
11 44
785 111 385 37 305 1 927 457 826 68 481 801 20 54 864 772 29 839 683 14 791 123 337 354 658 134 510 808 438 503 924 709 128 782 48 68 931 310 841 369 688 865 260 893 
343 450 633 266 851 522 268 644 851 472 624 264 151 323 757 230 472 7 139 210 72 411 714 50 657 244 733 125 42 25 338 612 989 823 155 39 704 479 785 8 813 771 227 799 
688 950 711 209 902 984 713 797 22 83 867 21 859 885 568 878 637 307 762 257 148 951 687 972 152 553 611 535 387 102 607 40 419 526 151 848 830 411 121 714 878 648 646 751 
741 625 908 758 491 267 877 945 639 660 138 298 277 282 280 319 94 877 86 832 357 630 68 269 486 221 746 6 707 492 663 707 738 456 957 772 237 160 860 271 434 760 345 905 
127 532 324 422 861 412 340 991 745 477 479 337 395 839 647 419 486 318 988 885 701 96 774 230 239 936 927 942 962 306 825 335 890 599 806 755 681 397 233 65 204 472 790 225 
861 73 338 993 62 196 414 162 245 425 348 151 661 117 936 654 101 813 567 318 162 296 762 818 756 198 137 913 173 333 126 849 326 793 741 150 349 724 472 40 625 499 55 825 
582 61 451 733 702 611 778 857 149 20 429 437 613 626 460 649 965 391 961 472 244 420 648 841 431 382 970 593 634 375 900 906 713 4 623 119 698 462 847 343 135 729 468 484 
783 943 936 496 278 366 203 42 421 863 862 45 172 520 549 908 40 824 350 588 896 857 53 197 499 270 29 924 57 73 10 603 773 126 353 719 934 594 395 410 192 779 160 292 
631 656 959 766 176 977 345 544 224 201 220 787 500 877 214 319 174 585 430 546 24 776 836 998 451 770 103 878 450 89 885 183 694 402 15 139 209 838 59 244 463 792 382 764 
820 262 773 389 269 886 527 480 908 671 690 326 520 962 88 130 866 63 398 574 861 195 72 756 19 993 819 950 375 735 734 653 229 885 193 106 429 765 498 286 76 173 400 455 
297 669 127 709 512 108 288 378 697 683 194 827 160 61 796 46 238 5 831 931 827 650 470 825 452 499 777 388 519 917 807 164 126 655 73 448 485 584 435 670 608 939 397 208 
