883 206
14 21
28 10
1 13
23 23
23 6
2 6
24 21
21 19
1 28
13 2
29 8
29 16
12 11
5 19
4 27
25 19
25 9
21 3
9 9
25 11
13 20
25 28
1 26
15 30
4 25
21 3
10 24
2 15
23 27
4 6
3 27
5 2
8 23
24 2
17 16
15 26
6 6
29 11
1 22
4 9
19 24
12 24
12 3
19 26
6 2
29 17
10 21
27 12
7 23
21 25
4 23
4 28
3 7
30 8
22 6
9 1
20 17
28 23
1 4
24 15
2 10
20 20
4 5
26 4
12 20
13 19
22 13
28 13
13 28
2 23
30 20
26 14
4 20
24 30
2 29
27 6
14 26
25 11
23 5
26 17
23 3
13 12
27 27
24 4
12 22
8 4
28 23
17 27
15 14
23 5
20 22
3 5
7 22
10 28
13 29
4 1
27 10
13 26
20 7
9 5
16 2
19 29
29 30
1 20
10 9
7 9
1 3
3 8
28 29
5 1
5 4
20 6
4 15
12 20
25 7
1 19
19 4
7 18
19 23
5 7
8 14
27 29
16 16
16 27
30 24
12 29
15 18
26 24
28 9
8 29
19 30
8 19
12 17
17 25
16 2
25 29
17 23
4 1
26 7
20 27
22 24
26 13
17 4
12 2
18 17
29 25
17 6
14 23
8 15
17 19
15 13
25 15
27 16
6 3
21 25
15 8
20 18
28 21
27 30
14 27
11 27
30 5
26 6
16 11
19 22
15 8
11 20
8 26
25 19
23 24
29 2
25 11
26 21
8 4
11 16
26 24
29 5
14 7
27 6
9 22
10 29
28 5
20 29
21 17
4 28
12 2
16 26
19 18
3 6
28 20
29 25
25 27
6 8
21 23
9 27
30 3
18 17
13 4
4 4
14 27
30 27
29 26
1 24
12 5
6 19
25 17
26 22
7 22
17 29
3 13
9 16
1 26
21 8
1 9
26 28
3 11
27 7
12 11
5 1
18 6
9 4
7 28
22 30
8 4
5 18
9 21
3 14
2 27
21 21
23 10
13 4
9 21
28 4
17 23
24 3
13 11
4 2
21 12
12 19
13 21
22 25
24 1
7 6
2 23
20 24
4 29
27 26
5 10
13 25
2 20
11 6
10 26
14 5
6 27
5 3
3 26
3 9
18 28
8 3
21 9
29 1
21 30
28 2
11 10
14 29
17 1
6 11
16 14
4 28
18 3
27 6
20 14
28 3
23 10
29 27
4 16
23 7
24 20
3 7
17 27
1 28
23 3
17 25
9 27
22 24
7 19
6 25
13 17
11 3
6 11
26 1
30 13
20 23
28 29
25 20
18 22
18 14
26 2
5 24
5 24
20 17
14 24
14 13
15 15
9 11
4 4
1 4
7 1
13 4
29 28
26 25
14 18
1 13
9 28
9 22
21 7
25 19
30 30
24 20
10 17
9 6
3 2
13 14
21 23
14 18
17 26
13 6
2 27
23 4
20 4
26 28
10 24
22 23
11 13
21 1
24 15
12 1
13 27
4 17
16 5
27 15
23 9
30 16
5 19
8 12
21 11
30 19
30 10
29 8
15 12
22 6
1 7
8 20
23 12
3 12
3 5
2 13
20 15
5 14
11 27
23 9
16 5
19 21
10 28
30 16
17 22
9 25
22 27
15 15
24 29
25 5
11 30
29 5
30 30
27 24
18 18
25 8
13 20
9 29
18 17
24 9
11 25
10 20
14 11
11 27
2 2
8 20
27 23
28 22
2 29
7 30
27 26
22 14
28 25
3 21
2 17
30 3
9 9
8 17
11 17
21 17
19 21
6 27
1 16
10 12
26 11
1 17
7 22
12 23
14 24
4 23
11 2
20 13
3 15
25 6
26 24
22 13
24 24
18 26
11 7
17 9
8 5
1 25
6 26
20 21
27 23
14 18
18 28
12 30
15 16
30 22
11 30
26 5
18 3
1 3
10 1
14 18
2 17
26 11
28 2
11 12
26 2
18 29
17 8
9 1
3 28
21 13
16 26
11 26
25 3
21 21
14 25
13 24
10 3
17 26
6 13
13 7
27 21
24 2
30 29
20 24
4 19
17 24
5 3
8 21
15 16
12 16
4 7
6 23
24 30
12 30
11 8
10 7
12 30
12 19
9 5
17 27
23 16
23 25
2 5
6 30
13 26
3 1
19 29
15 2
29 8
19 1
1 8
2 26
9 30
2 15
22 1
2 7
20 20
28 18
29 12
27 5
6 2
1 15
5 4
8 21
17 30
24 24
2 18
2 17
20 10
24 23
19 16
30 10
13 9
5 18
17 1
14 3
10 29
18 6
20 13
29 24
12 14
27 24
5 23
21 23
3 18
2 5
13 20
12 11
9 9
11 20
2 30
9 11
29 13
10 16
14 8
5 1
3 14
28 13
3 16
12 20
27 6
7 7
4 21
26 19
6 27
26 15
23 14
22 11
16 13
28 18
6 15
16 8
1 6
16 21
14 29
17 26
16 25
23 25
16 11
18 20
3 12
27 11
18 22
28 11
12 25
29 18
29 29
11 23
22 18
15 5
22 29
4 29
7 9
30 17
22 23
19 22
27 10
7 24
3 11
16 20
9 29
3 8
8 7
12 1
11 14
7 28
12 6
22 4
9 5
1 15
29 30
22 10
10 24
2 14
28 8
23 17
7 11
10 14
3 5
21 6
16 17
23 26
19 20
1 22
22 6
13 8
15 10
9 19
20 10
22 24
29 20
21 8
9 25
11 6
8 23
24 26
23 29
4 7
13 2
4 25
26 14
10 26
18 26
20 13
6 16
18 3
16 2
30 11
6 7
8 26
14 24
29 24
7 29
20 4
4 15
12 24
3 9
23 21
1 1
10 30
3 27
6 19
12 4
26 17
2 8
1 23
25 13
4 9
13 20
9 22
1 5
27 16
30 14
30 22
1 19
16 1
13 22
20 27
17 28
10 27
19 18
24 17
28 30
30 17
4 4
18 5
19 29
23 13
24 24
1 20
30 16
30 28
8 27
26 21
17 27
1 25
16 3
21 11
10 3
9 5
28 25
4 25
4 17
19 25
3 1
18 29
22 20
22 5
15 18
2 23
3 11
5 17
22 12
18 2
23 5
20 15
29 3
5 19
22 13
27 22
20 15
23 7
2 12
9 26
18 8
4 25
22 5
6 20
1 26
20 16
15 11
13 9
23 15
21 21
28 28
12 3
26 11
2 23
11 3
20 21
7 24
27 21
8 30
5 29
10 21
24 3
11 23
20 20
29 24
23 6
6 29
11 27
7 26
14 28
25 7
13 30
10 14
5 23
30 12
1 30
5 10
30 11
23 7
13 1
16 6
22 21
1 28
25 20
5 28
3 18
17 27
2 14
5 10
3 24
7 5
10 1
30 7
24 19
3 12
30 22
6 16
28 7
6 1
23 13
30 13
3 21
1 11
26 28
14 7
24 10
7 14
7 19
26 26
21 16
1 21
23 25
4 25
29 19
11 2
28 3
11 14
29 22
17 15
20 6
14 14
4 9
20 29
14 25
22 25
14 17
9 30
27 14
28 11
8 26
6 23
25 12
9 27
2 8
8 9
10 26
28 13
5 6
22 30
3 9
14 30
29 28
13 25
22 23
6 24
20 11
16 6
16 6
9 12
24 19
27 1
4 17
28 10
9 12
16 17
19 5
14 9
10 1
28 23
27 12
5 23
21 18
24 6
13 23
27 1
10 6
27 15
3 29
22 6
1 13
15 14
15 16
13 15
22 11
10 10
2 28
14 20
4 23
19 5
15 2
25 2
25 25
27 20
2 15
23 20
16 24
11 7
4 17
24 20
7 20
8 29
27 19
6 13
19 27
20 19
4 28
4 11
27 4
16 20
21 18
1 3
14 12
23 3
25 6
11 20
18 25
7 9
18 9
21 20
30 15
2 23
29 5
24 9
22 22
25 24
30 30
3 10
24 3
25 24
7 19
14 26
24 23
