636 791
29 23
15 27
30 11
16 18
3 24
6 5
20 30
10 24
26 13
2 2
21 9
5 3
25 17
4 17
9 20
4 2
6 30
22 22
4 19
24 18
18 30
14 17
18 16
12 8
16 30
6 2
27 12
23 21
25 11
22 13
5 12
23 4
8 24
13 30
10 30
8 29
4 23
26 19
19 14
5 24
18 11
19 28
16 13
3 12
2 13
28 15
27 19
22 25
13 20
11 29
24 21
15 22
6 27
14 30
5 5
3 10
22 1
8 5
15 7
17 16
14 1
20 25
6 28
23 1
12 6
6 22
11 4
6 8
6 18
6 2
21 12
17 18
23 3
26 1
16 12
18 26
13 30
11 17
18 18
20 6
27 24
26 23
16 15
29 13
29 29
2 24
19 1
22 7
14 20
19 4
13 13
22 18
28 17
24 13
17 22
27 11
22 27
8 2
25 21
20 14
16 17
13 11
27 8
2 1
21 11
29 27
4 16
4 16
4 4
27 13
4 2
22 7
25 20
1 5
18 10
22 5
8 30
9 9
14 17
11 11
28 19
23 9
23 19
20 14
21 9
22 9
6 14
10 28
6 22
5 24
26 7
28 30
6 1
29 18
7 6
2 11
20 5
15 8
2 2
20 22
6 5
2 24
27 13
29 16
13 3
15 29
8 27
20 20
15 27
23 9
25 3
4 25
28 9
27 16
30 5
2 6
3 7
18 28
3 27
30 2
29 17
7 25
29 24
30 28
18 18
23 27
8 7
1 16
6 17
3 26
27 6
14 25
16 3
30 1
11 19
26 17
2 10
15 18
24 18
23 30
25 16
15 30
22 8
22 5
16 4
27 25
20 26
8 11
16 25
8 14
11 12
5 15
19 9
7 15
2 24
4 8
26 24
3 2
29 28
15 21
17 8
5 9
16 25
11 29
26 6
5 4
7 20
13 8
6 23
1 9
28 7
27 20
14 14
23 20
12 22
30 22
6 8
8 16
19 25
25 28
22 9
24 11
23 13
21 25
15 16
7 24
24 19
20 28
11 22
28 1
4 9
14 20
21 3
11 13
27 3
30 26
28 20
23 30
17 7
15 13
2 10
14 4
27 20
20 6
30 12
22 15
1 21
12 5
20 9
6 29
26 10
17 23
20 7
16 17
13 13
9 22
23 28
12 19
19 5
17 5
8 26
26 26
6 30
10 4
12 12
7 4
1 4
17 4
16 4
6 28
18 6
3 30
22 23
15 12
10 23
4 7
23 10
13 17
5 5
16 8
2 3
3 16
5 14
10 22
30 11
18 29
7 6
25 20
14 29
18 8
5 24
2 30
27 9
3 26
20 21
29 25
28 7
18 16
11 11
9 11
9 16
13 20
14 4
29 9
11 17
16 13
1 20
13 9
27 9
28 15
27 26
20 24
28 12
29 11
7 21
27 27
9 1
22 23
19 11
6 27
30 7
9 18
22 12
25 1
21 3
8 10
16 24
2 26
23 30
11 7
25 28
4 26
30 11
26 9
11 17
22 20
25 19
14 8
30 5
17 28
27 7
4 13
23 30
26 3
6 24
26 14
16 28
20 15
5 11
2 26
3 30
20 15
10 17
23 7
4 23
14 26
27 25
13 22
1 3
19 5
23 22
2 5
14 26
1 13
23 11
2 22
23 3
21 3
23 19
28 29
23 20
26 8
21 7
21 26
4 13
28 18
28 20
20 15
30 9
6 23
10 9
26 30
27 20
17 26
6 15
29 17
19 19
19 15
11 15
5 20
4 17
23 1
12 2
27 22
28 3
26 25
17 4
7 15
16 23
10 12
15 30
4 21
12 28
2 23
6 15
30 28
26 3
19 13
12 6
23 10
4 3
7 21
20 5
30 17
26 24
1 22
17 6
7 29
7 20
8 27
3 30
24 16
17 13
22 22
22 4
8 6
24 7
26 10
29 14
3 21
20 9
16 27
8 7
15 15
1 16
15 5
10 6
29 9
27 6
8 21
12 5
21 1
2 23
29 12
3 9
23 23
19 14
15 29
1 14
20 15
16 12
5 29
29 14
9 27
3 11
28 13
9 1
24 29
24 17
10 24
9 1
16 19
15 10
12 20
10 22
26 19
26 2
25 8
15 4
17 19
27 12
23 12
24 13
7 19
21 13
11 21
9 13
12 9
10 25
3 13
9 9
4 12
4 30
12 1
30 22
22 26
15 15
29 22
7 30
8 29
5 21
16 5
29 7
20 19
29 8
8 7
12 15
15 2
17 16
20 16
17 30
22 18
19 11
20 19
30 30
3 19
23 20
11 20
7 19
5 29
9 16
4 22
29 23
13 8
3 8
29 15
5 26
20 17
7 27
15 30
6 9
4 20
14 6
15 25
27 26
7 8
16 7
1 2
30 2
7 5
7 12
6 26
8 24
25 4
25 7
15 10
18 14
12 21
12 25
6 4
15 1
28 10
28 23
6 30
16 4
1 7
25 1
26 1
2 21
1 6
12 27
26 15
14 18
8 8
9 30
1 9
6 2
5 13
10 25
6 25
11 4
9 6
1 18
21 10
4 27
4 1
6 7
11 2
20 25
8 13
16 10
4 30
12 25
3 12
23 21
19 5
2 24
14 6
2 3
7 30
26 11
19 19
1 13
18 1
21 17
26 11
19 9
1 9
9 27
14 12
25 17
21 10
27 26
29 20
1 26
13 5
28 17
12 19
12 9
9 24
10 13
23 3
26 30
1 16
10 13
22 3
6 19
29 27
8 12
13 7
6 10
6 13
20 17
19 4
16 28
23 5
13 25
9 15
29 28
21 24
10 15
2 20
21 27
21 9
19 18
28 7
1 10
14 25
8 21
26 2
11 24
9 10
6 27
17 21
2 15
12 25
