891 975
15 17
30 7
23 30
10 16
26 7
23 26
19 22
2 25
11 15
18 29
15 29
30 23
10 10
13 13
14 30
7 2
1 22
28 16
29 22
1 3
5 20
11 26
28 30
17 27
4 18
6 24
3 29
10 17
16 1
1 20
7 20
25 17
12 3
4 16
21 24
17 15
28 6
1 29
26 21
27 22
30 19
9 6
23 20
2 7
23 20
10 9
25 3
12 18
1 30
5 24
3 10
28 4
24 19
21 14
1 12
1 12
7 24
17 21
19 3
12 4
14 25
25 15
15 25
20 30
23 11
26 27
14 11
13 19
9 16
26 5
21 18
4 16
10 5
10 25
3 26
25 27
28 1
7 10
8 1
4 15
6 5
24 21
26 4
2 23
7 11
7 18
21 19
12 24
11 28
19 27
10 17
8 6
27 13
18 21
6 29
18 17
4 10
12 14
14 11
21 4
27 24
13 2
25 12
29 14
4 13
9 4
28 12
27 17
3 22
12 8
22 24
28 15
4 10
22 27
13 4
1 9
28 7
29 15
30 15
8 2
5 21
10 6
15 25
22 23
9 23
1 17
5 23
18 12
29 24
14 30
23 18
21 22
24 18
4 26
11 12
2 10
6 27
13 3
14 14
10 10
1 21
8 14
25 17
8 16
5 11
9 5
14 2
18 3
22 11
25 16
17 20
23 14
13 25
18 2
8 10
4 15
25 3
24 11
20 7
2 5
12 5
10 16
3 28
24 15
4 29
6 15
5 14
27 27
15 23
17 16
17 25
12 13
1 1
13 24
28 14
27 28
5 13
3 19
16 20
7 21
28 22
14 25
16 19
8 3
12 30
29 29
3 20
28 30
1 22
2 22
14 5
1 22
3 23
14 30
13 5
23 30
10 27
5 19
29 2
21 5
3 20
13 14
5 13
3 24
27 8
28 13
23 14
4 13
4 9
14 8
24 8
9 21
12 2
1 2
6 16
27 13
24 10
2 27
4 18
28 12
22 13
27 3
13 5
3 1
10 29
3 29
21 30
26 25
20 19
5 22
29 18
23 23
10 3
10 30
16 7
17 22
7 24
15 1
25 29
27 5
14 7
22 12
16 26
2 11
17 28
24 21
1 24
21 19
4 7
7 26
23 16
16 1
12 28
5 14
5 4
10 28
19 19
12 6
10 5
14 15
1 3
12 16
19 1
19 5
7 2
17 24
30 17
22 28
17 11
19 16
13 21
12 22
23 30
19 13
7 6
5 22
8 14
13 22
13 29
30 3
16 7
19 16
30 17
2 6
9 27
21 28
11 21
20 25
8 20
13 23
4 19
7 18
9 26
6 1
29 2
22 4
8 29
12 24
3 6
6 22
8 27
23 17
1 6
13 2
17 15
25 28
22 22
12 13
17 15
22 5
28 25
20 26
13 6
6 21
18 16
6 7
5 12
13 6
29 14
7 24
21 30
6 21
15 12
6 16
26 2
7 27
3 15
13 18
22 20
18 10
13 20
17 10
19 22
7 14
12 2
29 17
12 10
18 21
17 18
26 6
21 6
23 8
28 28
11 8
24 22
8 28
24 15
16 29
12 25
10 12
26 16
7 25
8 27
19 23
19 8
23 9
2 19
3 24
21 12
10 15
17 19
24 2
18 9
23 4
10 14
2 6
2 12
9 15
24 16
14 19
17 12
21 20
23 3
28 11
1 12
25 24
15 7
26 9
14 27
18 14
30 10
10 29
24 20
16 8
27 19
26 3
14 27
25 23
18 28
26 20
9 5
7 28
28 14
22 4
3 18
14 15
3 9
17 1
2 30
25 8
5 16
1 22
11 10
20 14
19 23
9 13
9 17
30 20
3 17
6 15
14 8
24 14
5 11
19 17
5 10
21 7
22 25
1 26
17 15
20 18
2 3
20 21
1 23
10 15
11 20
25 15
20 25
26 20
20 1
14 23
10 17
4 8
7 22
11 8
27 22
15 6
16 22
14 27
12 21
19 19
24 1
15 6
20 9
16 17
9 16
4 25
8 29
14 26
23 15
11 9
28 20
19 13
25 23
15 2
15 13
14 19
11 20
18 28
26 7
25 15
6 2
2 26
3 17
1 27
18 3
14 23
8 2
1 13
27 9
18 23
28 24
12 28
9 25
19 2
15 10
6 27
9 17
29 27
5 8
6 13
27 14
5 26
28 6
30 14
13 22
23 29
9 11
12 14
30 12
7 25
15 22
5 4
8 10
30 21
6 30
16 27
28 2
24 22
23 12
16 14
10 10
8 13
5 25
24 7
2 14
8 17
24 14
2 8
21 22
21 30
25 11
17 10
1 16
5 16
27 29
24 8
16 30
30 23
30 1
16 29
7 8
11 2
29 7
2 23
20 5
10 28
7 10
9 22
3 1
10 17
20 12
1 17
28 18
22 23
9 2
5 15
26 22
28 17
29 19
28 28
2 11
18 27
24 29
11 1
23 5
23 5
23 11
21 11
30 10
22 16
27 13
15 6
12 20
29 13
28 8
24 23
18 23
7 6
15 5
20 16
13 7
10 27
20 6
22 18
4 6
26 17
30 30
25 22
30 9
14 2
4 16
26 8
12 28
20 20
9 19
16 6
17 5
9 26
22 16
20 23
15 12
11 26
28 12
20 28
18 27
11 2
16 4
21 17
14 30
25 1
12 4
14 13
24 5
3 2
30 26
12 23
20 10
22 7
16 3
26 7
10 23
16 2
1 29
6 6
19 24
12 2
28 21
6 5
7 11
29 11
15 6
25 2
30 9
27 1
25 13
29 21
1 16
6 9
17 29
3 15
23 22
7 1
9 7
20 25
14 25
1 2
14 26
1 19
5 17
18 21
5 29
14 12
25 18
7 1
21 21
6 3
13 8
8 4
2 29
19 22
1 9
29 11
28 25
23 14
7 23
6 13
30 4
15 2
7 25
19 7
19 11
2 22
26 25
1 17
16 19
16 12
29 8
18 8
10 8
22 9
22 8
2 9
3 28
5 12
19 22
27 5
23 15
17 27
24 2
5 12
13 1
30 19
29 16
15 29
2 7
4 18
27 24
11 6
23 9
17 5
25 14
8 25
20 11
24 3
1 7
10 23
26 26
30 18
5 5
24 28
14 16
5 23
25 1
4 20
26 30
20 7
11 15
2 14
25 9
26 20
6 24
25 3
19 6
25 28
21 20
13 19
3 10
15 10
10 9
8 6
24 20
21 1
21 19
14 15
30 13
5 8
8 30
17 4
18 10
4 21
18 30
9 9
9 4
19 30
8 19
2 21
4 9
27 26
15 9
25 4
11 10
19 20
9 6
14 1
29 21
13 19
27 7
24 16
21 22
26 27
4 28
20 3
13 30
7 6
18 22
11 21
9 4
23 7
27 16
14 20
8 23
19 27
16 10
11 17
22 10
22 9
15 4
21 10
19 1
11 5
14 22
2 7
13 8
6 29
7 6
29 9
29 6
18 10
19 21
29 17
20 3
14 7
11 20
11 3
28 30
13 9
8 23
24 15
30 12
24 26
17 9
24 7
19 30
22 26
7 6
20 18
23 19
5 26
27 5
12 3
7 16
8 21
16 22
26 26
23 8
27 13
5 4
14 21
8 12
2 29
13 15
26 14
15 3
23 10
23 13
29 20
19 28
20 4
28 3
27 19
15 2
10 20
27 9
20 14
21 3
27 18
17 20
14 26
15 20
16 24
9 2
19 22
28 15
4 6
6 4
5 29
9 26
20 19
15 26
22 14
28 30
27 30
27 5
29 8
14 28
14 2
25 26
2 26
14 29
1 4
12 27
11 11
15 26
15 16
21 14
12 21
19 11
17 27
10 19
19 26
7 9
28 28
11 20
14 19
24 6
15 27
22 2
1 5
8 19
25 25
24 14
13 29
29 20
19 9
19 6
8 28
22 2
5 3
19 3
30 27
23 16
18 19
17 21
1 10
30 23
1 20
15 29
7 15
23 26
17 23
22 26
27 24
9 26
15 18
10 18
5 14
1 26
15 12
3 25
16 30
17 7
