636 791
869 513
785 917
740 161
666 768
873 434
146 165
490 660
770 294
196 163
872 652
31 849
845 783
85 817
584 927
319 870
354 622
56 90
72 932
904 399
964 378
258 850
124 647
598 946
2 918
816 550
546 542
527 652
343 961
415 531
222 653
975 362
793 934
708 94
93 810
940 1000
428 699
204 93
956 289
139 724
495 534
708 691
409 88
296 883
653 122
482 903
608 315
577 689
932 805
393 910
831 879
154 221
105 612
136 187
194 50
225 625
713 660
922 581
438 545
435 397
577 426
734 151
160 615
796 308
813 891
272 416
326 212
921 444
36 948
316 588
76 842
921 562
177 538
313 153
376 201
646 562
258 266
803 50
421 187
48 18
340 136
607 574
226 823
746 655
699 483
459 169
972 314
9 541
462 887
74 680
119 904
523 923
912 768
458 297
424 623
997 532
527 861
272 967
188 762
355 141
960 794
346 257
993 961
947 908
472 771
571 811
739 887
434 566
164 966
434 434
207 913
324 232
472 217
795 900
251 5
878 470
842 695
258 940
499 199
814 127
511 951
758 889
213 989
273 789
20 4
331 839
52 819
916 944
630 828
446 652
495 54
946 347
18 780
116 531
899 108
267 516
772 841
90 995
515 58
562 472
970 752
46 215
502 444
797 643
249 366
923 303
865 279
528 467
830 880
15 677
703 9
585 213
734 915
808 79
487 326
60 285
462 796
513 107
358 588
143 897
810 192
809 597
887 135
799 614
440 68
548 418
393 757
848 297
981 356
686 447
353 626
647 646
454 975
886 873
490 131
851 619
16 377
352 790
115 878
694 908
503 390
225 906
865 200
832 328
122 805
646 914
567 85
820 786
668 121
356 235
948 154
951 832
235 305
329 539
717 925
552 254
44 368
176 174
333 82
529 938
155 901
607 128
475 719
466 625
991 379
596 376
395 784
197 320
363 568
746 723
411 699
938 307
837 410
984 684
863 180
732 192
810 652
786 218
828 896
49 75
935 788
852 289
464 741
413 603
961 855
565 406
7 904
694 339
140 578
921 702
398 941
864 449
854 210
301 823
651 713
137 913
660 76
718 580
233 450
957 937
115 853
962 940
264 764
187 70
200 506
980 772
562 565
141 261
272 935
730 39
326 489
306 130
287 683
330 187
656 957
303 283
819 402
663 158
382 799
529 85
257 985
248 116
516 36
636 500
830 604
32 882
247 264
741 374
767 394
606 454
76 728
778 216
433 870
902 83
985 362
160 823
184 367
213 200
723 787
755 775
266 768
192 33
93 886
985 254
540 872
20 171
198 379
687 656
395 530
774 259
58 548
345 404
852 780
827 759
63 16
740 141
859 715
648 227
768 556
711 601
719 581
939 276
773 420
564 924
579 229
671 647
496 853
731 700
813 489
267 9
328 45
127 366
570 214
218 112
129 921
557 151
767 617
659 991
912 773
779 211
736 767
250 877
699 198
382 752
915 581
611 743
998 290
306 754
222 496
893 840
871 517
605 968
884 316
620 791
586 429
851 837
362 200
725 319
844 558
290 975
327 368
477 567
274 733
743 10
886 433
266 804
66 784
886 908
950 375
895 401
952 116
893 90
770 625
450 437
153 197
144 833
544 66
57 75
243 152
701 173
149 625
703 82
162 275
224 396
341 833
803 191
172 962
943 3
271 113
873 869
188 219
623 710
726 828
581 427
801 586
4 563
848 88
638 380
920 325
780 559
66 683
280 519
556 40
107 110
817 256
976 425
829 657
759 879
129 845
811 925
5 100
564 437
473 951
62 642
987 782
288 853
276 395
967 644
987 485
816 173
1000 822
865 560
154 701
432 578
162 893
666 715
670 708
566 193
839 413
672 826
923 230
454 23
587 571
710 435
710 377
126 904
301 532
267 66
757 369
787 130
208 437
563 700
404 836
697 793
42 402
42 934
808 926
414 307
256 850
879 814
743 421
910 429
926 817
118 607
885 565
431 716
555 915
180 336
999 899
597 596
98 631
182 685
731 221
982 923
609 472
713 579
173 663
119 374
405 829
491 424
170 655
436 202
275 849
319 544
439 497
843 251
368 363
779 591
714 619
664 47
600 454
349 421
336 129
265 250
362 480
240 452
396 969
586 442
585 238
595 234
77 879
937 972
203 302
714 133
247 809
171 933
661 411
569 113
112 299
340 505
483 243
399 659
884 962
114 830
612 891
120 112
32 516
265 945
619 672
537 30
538 69
175 631
646 655
879 737
950 499
609 68
818 997
912 805
65 42
987 886
740 446
87 90
632 368
579 201
640 9
130 250
513 609
373 500
301 90
607 339
665 779
199 386
894 222
249 843
563 978
253 168
889 425
55 166
230 427
77 597
875 170
356 449
854 260
84 116
265 445
847 146
497 618
686 307
431 302
900 932
467 185
697 462
276 236
688 894
105 574
105 747
635 570
848 804
712 431
252 775
426 534
225 211
798 320
78 863
6 110
856 904
591 967
85 951
956 661
682 241
721 496
942 117
456 345
604 418
488 768
309 270
201 159
236 192
825 973
840 615
986 405
381 64
129 196
491 428
761 190
214 247
894 641
36 227
251 112
570 675
508 513
576 880
284 360
792 415
353 602
403 401
59 275
932 354
904 576
522 923
907 150
786 41
9 409
91 323
418 341
961 47
766 401
379 549
221 199
29 587
694 942
55 487
321 360
467 336
789 740
571 806
163 365
288 317
112 289
732 879
399 234
530 63
933 753
56 110
411 366
380 673
552 793
236 569
549 837
548 642
63 727
316 60
216 163
480 637
469 424
486 238
273 615
243 465
49 535
239 298
191 524
220 835
312 740
531 837
221 129
239 718
598 177
271 950
794 305
928 161
56 662
1 304
49 610
766 647
187 301
62 865
192 865
