91 84
53 82 84
81 97 30
27 20 21
55 25 42
70 40 84
78 50 31
39 33 68
33 19 57
99 88 80
20 58 89
61 22 84
22 66 25
1 56 2
44 77 50
66 82 54
4 46 64
49 9 55
27 96 70
55 85 -1
59 13 57
39 63 49
70 91 11
34 60 64
74 11 69
45 76 5
14 77 48
43 45 4
79 9 3
40 37 38
53 82 19
95 31 64
94 17 90
65 71 12
86 90 48
4 93 76
93 72 5
21 54 40
60 32 84
82 23 43
64 81 57
65 36 25
94 71 68
75 58 50
10 56 8
29 54 32
95 74 79
26 16 29
64 83 58
15 52 46
35 40 32
62 80 85
45 74 5
45 12 68
54 7 38
20 21 50
7 11 28
13 3 86
63 52 50
91 51 68
74 25 56
43 42 25
42 81 50
30 19 5
53 29 2
3 57 56
40 1 55
38 43 47
73 71 23
89 6 58
31 78 3
19 78 43
56 52 91
47 49 3
34 61 50
18 51 1
91 30 3
23 93 83
63 3 4
72 46 51
54 6 26
31 61 57
51 89 29
63 28 10
99 12 58
19 78 16
72 36 29
95 71 12
54 49 16
15 67 61
25 89 16
41 19 45
