83 69
1 4 5
3 2 46
3 4 7
2 1 68
4 4 50
4 4 13
2 2 51
2 3 49
4 3 10
1 2 1
4 2 71
1 4 14
1 3 78
3 1 74
2 4 2
4 1 8
1 3 30
4 3 78
2 1 51
3 2 66
2 4 65
3 3 41
4 3 60
4 1 10
3 1 22
3 3 11
2 2 80
4 2 77
3 2 61
4 1 21
4 3 64
4 3 47
1 3 5
4 4 66
4 3 78
4 1 43
3 2 43
2 3 74
2 4 57
2 4 21
2 4 17
1 2 75
3 3 21
3 1 76
3 2 81
1 2 42
1 3 51
3 2 17
3 4 17
3 3 -1
1 3 42
4 4 47
3 1 26
4 4 70
3 3 63
3 4 33
4 4 36
2 1 60
4 1 81
4 2 9
3 3 24
4 4 13
2 1 10
2 3 16
1 3 56
1 4 62
1 4 17
4 1 64
3 1 9
1 3 10
3 4 5
3 1 26
2 2 38
2 2 5
4 1 71
1 3 49
3 2 46
3 3 30
1 4 64
3 1 35
2 3 67
3 1 19
4 2 30
