83 69
53 100 5
23 90 46
39 8 7
10 85 68
52 48 50
64 8 13
2 26 51
94 15 49
64 75 10
37 70 1
64 74 71
53 4 14
5 55 78
31 29 74
34 4 2
84 61 8
81 7 30
44 63 78
38 69 51
95 66 66
98 64 65
83 51 41
88 19 60
72 29 10
47 61 22
99 35 11
70 30 80
20 34 77
27 10 61
16 89 21
72 43 64
64 83 47
33 31 5
28 84 66
36 7 78
76 73 43
47 2 43
54 43 74
54 100 57
38 36 21
54 60 17
73 42 75
63 91 21
31 21 76
95 94 81
81 62 42
17 43 51
47 34 17
35 56 17
35 67 -1
49 63 42
76 100 47
79 25 26
32 28 70
51 71 63
39 80 33
20 60 36
38 69 60
52 85 81
96 42 9
87 91 24
40 28 13
82 53 10
62 83 16
45 83 56
33 32 62
65 40 17
64 65 64
87 61 9
49 43 10
35 56 5
71 89 26
18 50 38
46 10 5
92 17 71
85 59 49
7 62 46
15 15 30
29 64 64
75 65 35
50 31 67
35 9 19
80 30 30
