59 53
45 95 15
73 54 54
65 6 35
52 24 6
29 31 45
31 53 28
27 92 37
81 13 3
63 38 45
58 58 54
1 66 41
74 95 42
51 7 23
78 68 23
4 9 20
8 7 52
99 92 25
6 50 1
22 99 45
15 98 24
67 81 41
37 82 18
11 19 41
44 26 7
26 88 15
2 44 15
44 88 -1
21 55 33
46 89 25
16 31 50
54 45 24
22 34 14
83 50 18
26 42 35
86 41 1
61 1 33
61 32 27
3 68 49
58 76 40
66 72 38
24 59 10
41 36 3
18 54 48
95 25 57
25 49 59
50 56 2
11 78 57
84 83 19
59 90 59
45 45 37
22 68 37
55 1 48
85 72 4
12 75 16
21 65 39
96 20 53
57 16 58
48 49 3
35 7 22
