5966
1 3823
2 4590
3 2119
4 1709
5 4317
6 2206
7 5148
8 1221
9 1335
10 3374
11 3885
12 4750
13 5626
14 2363
15 3513
16 3157
17 3011
18 929
19 1522
20 405
21 5197
22 1329
23 1069
24 2845
25 3753
26 1196
27 4458
28 4988
29 2689
30 4299
31 2229
32 1970
33 2876
34 2148
35 4441
36 3696
37 2504
38 3512
39 2693
40 512
41 2377
42 4521
43 2310
44 1301
45 5077
46 4403
47 788
48 2070
49 833
50 886
51 205
52 5382
53 844
54 2579
55 4069
56 5501
57 1297
58 3486
59 2970
60 4969
61 4466
62 3830
63 2971
64 838
65 5350
66 5848
67 448
68 1523
69 3715
70 5917
71 5303
72 2458
73 4215
74 5532
75 799
76 4631
77 5469
78 5176
79 3108
80 3499
81 4137
82 2030
83 306
84 4316
85 1044
86 3659
87 877
88 5966
89 3766
90 2209
91 942
92 4857
93 4101
94 4504
95 2458
96 5717
97 3565
98 2679
99 244
100 1084
101 2742
102 1243
103 4007
104 3228
105 1249
106 4026
107 3582
108 665
109 84
110 876
111 4789
112 2871
113 5247
114 5686
115 5866
116 2230
117 5501
118 5278
119 2612
120 3444
121 2681
122 3641
123 5647
124 5791
125 4618
126 4990
127 2205
128 2272
129 2803
130 2392
131 568
132 1854
133 3813
134 3699
135 1175
136 294
137 1952
138 5381
139 3735
140 1180
141 4813
142 4513
143 3288
144 1753
145 5094
146 1290
147 2940
148 2857
149 4782
150 2785
151 1356
152 3940
153 4979
154 3662
155 3679
156 616
157 2884
158 1516
159 899
160 560
161 207
162 4975
163 272
164 2120
165 692
166 1415
167 956
168 2485
169 4414
170 2262
171 1072
172 2225
173 939
174 4850
175 5168
176 3088
177 5238
178 2863
179 3317
180 5230
181 297
182 5882
183 2254
184 3698
185 4466
186 834
187 4210
188 528
189 3680
190 1815
191 1530
192 3016
193 4446
194 501
195 2552
196 4740
197 5412
198 331
199 2302
200 939
201 4247
202 4467
203 4337
204 3769
205 482
206 1850
207 190
208 1876
209 1319
210 564
211 3514
212 4460
213 2444
214 4451
215 2141
216 5376
217 3164
218 1530
219 154
220 2049
221 2658
222 2317
223 3130
224 4690
225 1577
226 716
227 3583
228 3519
229 3012
230 4072
231 4689
232 3560
233 5738
234 2684
235 1673
236 5898
237 552
238 4677
239 3131
240 3210
241 383
242 3265
243 5948
244 5443
245 5173
246 1810
247 4529
248 5306
249 383
250 4848
251 5787
252 1922
253 5338
254 1363
255 5254
256 1287
257 2282
258 4975
259 171
260 4361
261 192
262 4420
263 912
264 3906
265 907
266 4146
267 4469
268 4464
269 1251
270 5381
271 4992
272 1957
273 1407
274 728
275 2242
276 3375
277 2579
278 1807
279 4192
280 4475
281 1104
282 867
283 1383
284 1185
285 2711
286 5287
287 2085
288 3960
289 5313
290 2230
291 1512
292 3033
293 2062
294 5039
295 3523
296 3244
297 5653
298 1595
299 1873
300 4685
301 5158
302 4420
303 1859
304 3846
305 3543
306 511
307 5095
308 3549
309 1783
310 1662
311 3399
312 3908
313 4719
314 2056
315 4215
316 367
317 4536
318 1408
319 5028
320 5536
321 3628
322 4963
323 2400
324 5026
325 658
326 5216
327 5689
328 601
329 4547
330 5067
331 3072
332 4497
333 3598
334 1334
335 777
336 2066
337 957
338 2610
339 5734
340 961
341 1649
342 493
343 2789
344 3531
345 5493
346 4532
347 3704
348 5724
349 1032
350 2795
351 3830
352 2957
353 4696
354 4996
355 3415
356 3304
357 5169
358 5953
359 3566
360 751
361 4026
362 3951
363 5363
364 504
365 3568
366 1904
367 4327
368 2888
369 2815
370 1236
371 1010
372 5275
373 3344
374 90
375 1785
376 3297
377 4448
378 1774
379 1802
380 3204
381 3688
382 5059
383 818
384 2221
385 314
386 3847
387 2743
388 3511
389 759
390 123
391 4183
392 4856
393 4929
394 4448
395 4356
396 3403
397 4886
398 3464
399 4608
400 5033
401 3091
402 1127
403 265
404 5955
405 3430
406 675
407 967
408 635
409 799
410 2100
411 2941
412 1866
413 221
414 1086
415 1158
416 2828
417 4396
418 4121
419 2957
420 2769
421 4847
422 38
423 726
424 602
425 1342
426 2687
427 846
428 3917
429 5403
430 4404
431 3376
432 1478
433 2171
434 718
435 1041
436 548
437 104
438 4716
439 5783
440 5646
441 3165
442 5426
443 1011
444 5727
445 926
446 94
447 3801
448 2428
449 1686
450 3608
451 114
452 5858
453 3538
454 5597
455 1534
456 1131
457 5148
458 1433
459 5778
460 3363
461 663
462 4788
463 5148
464 2961
465 4480
466 1561
467 2061
468 2861
469 4607
470 2428
471 2328
472 793
473 2841
474 253
475 4607
476 4380
477 2366
478 2589
479 5691
480 1035
481 56
482 4230
483 1717
484 1286
485 3802
486 3156
487 4670
488 3386
489 2675
490 2022
491 1793
492 4095
493 1141
494 4614
495 428
496 3385
497 673
498 2966
499 3688
500 4246
501 3630
502 3071
503 3735
504 4977
505 3994
506 3016
507 3127
508 626
509 958
510 3035
511 4788
512 1475
513 3114
514 782
515 3201
516 5843
517 5432
518 1582
519 5354
520 2483
521 5554
522 3069
523 25
524 3111
525 4569
526 1867
527 5639
528 4033
529 4842
530 3189
531 907
532 2643
533 2872
534 5559
535 2797
536 2544
537 5879
538 3304
539 2339
540 3775
541 5727
542 4062
543 658
544 4255
545 4490
546 2401
547 4424
548 351
549 1442
550 5254
551 3512
552 4865
553 3705
554 271
555 3122
556 538
557 1033
558 2832
559 5098
560 5273
561 2506
562 205
563 4382
564 4797
565 649
566 5628
567 957
568 2857
569 3408
570 2274
571 2979
572 3507
573 1750
574 4983
575 4957
576 4421
577 4364
578 431
579 3882
580 4324
581 5870
582 3464
583 5100
584 2223
585 1664
586 624
587 3873
588 1469
589 5872
590 4874
591 3228
592 672
593 3785
594 555
595 3081
596 4997
597 3175
598 222
599 2140
600 2353
601 626
602 3080
603 1429
604 3495
605 1993
606 4133
607 180
608 2792
609 4075
610 210
611 1550
612 5964
613 5521
614 3664
615 2694
616 5216
617 3152
618 4209
619 2534
620 4291
621 1430
622 5779
623 3838
624 3637
625 4204
626 2152
627 5654
628 392
629 619
630 2094
631 4231
632 5750
633 4685
634 932
635 3112
636 2182
637 4133
638 3226
639 2280
640 4502
641 283
642 2841
643 4261
644 1866
645 5083
646 104
647 4853
648 450
649 854
650 3936
651 5260
652 2862
653 3229
654 5861
655 5015
656 404
657 2167
658 4719
659 4850
660 5896
661 1066
662 3360
663 2765
664 1327
665 725
666 3155
667 2391
668 5078
669 5718
670 2003
671 3499
672 3290
673 2444
674 4260
675 4572
676 3872
677 4887
678 5824
679 1315
680 4472
681 1176
682 425
683 3690
684 382
685 3108
686 4276
687 168
688 2232
689 1244
690 5038
691 298
692 5172
693 5718
694 4176
695 1458
696 5446
697 5201
698 3911
699 4111
700 4987
701 2549
702 2919
703 2305
704 3246
705 2426
706 3692
707 1649
708 5714
709 2934
710 2910
711 4949
712 3673
713 824
714 2167
715 1871
716 3895
717 5062
718 3937
719 5286
720 779
721 3647
722 2891
723 4216
724 1618
725 3013
726 1923
727 3355
728 3533
729 2470
730 1580
731 4560
732 4628
733 5406
734 2739
735 3744
736 2276
737 535
738 5459
739 943
740 3010
741 4891
742 4068
743 3830
744 1038
745 1633
746 3566
747 2690
748 3547
749 1690
750 3678
751 667
752 736
753 1642
754 359
755 4621
756 894
757 5947
758 16
759 315
760 2377
761 3776
762 1031
763 4673
764 835
765 393
766 550
767 565
768 4795
769 3503
770 5071
771 3330
772 1464
773 1045
774 3315
775 477
776 5436
777 4607
778 3272
779 4508
780 2077
781 255
782 956
783 1129
784 4559
785 5455
786 453
787 3503
788 2400
789 3833
790 2343
791 1841
792 3686
793 1010
794 4478
795 5120
796 5420
797 5094
798 4250
799 4867
800 5738
801 3752
802 206
803 3913
804 3207
805 1253
806 322
807 3749
808 500
809 3298
810 4920
811 2857
812 5527
813 3554
814 5297
815 3896
816 3799
817 5419
818 4042
819 4256
820 5756
821 1546
822 4869
823 5365
824 2009
825 3616
826 2194
827 326
828 358
829 480
830 3129
831 1760
832 2757
833 4564
834 1619
835 2991
836 3342
837 2791
838 5345
839 5388
840 5349
841 823
842 707
843 4790
844 1187
845 1978
846 2994
847 1570
848 4567
849 1521
850 5726
851 1747
852 4304
853 5902
854 618
855 2133
856 4994
857 1631
858 4906
859 1489
860 4161
861 2408
862 1069
863 1292
864 2042
865 5384
866 2832
867 1005
868 625
869 4276
870 5475
871 4497
872 831
873 2008
874 3642
875 2318
876 5535
877 1721
878 2026
879 1225
880 3747
881 2172
882 2244
883 2898
884 1616
885 3514
886 827
887 1980
888 2623
889 5507
890 535
891 2343
892 1689
893 5705
894 3315
895 1054
896 3987
897 4437
898 1440
899 962
900 4159
901 4047
902 5358
903 2277
904 3460
905 452
906 4496
907 787
908 2002
909 1409
910 1923
911 5606
912 3464
913 2098
914 873
915 5115
916 3288
917 4700
918 3883
919 404
920 4475
921 3405
922 3648
923 2378
924 2274
925 3997
926 1417
927 264
928 4787
929 4690
930 122
931 4789
932 4599
933 697
934 3937
935 1004
936 5069
937 722
938 3901
939 719
940 1683
941 1765
942 3269
943 5518
944 2320
945 1003
946 3222
947 2457
948 5746
949 2789
950 2672
951 349
952 3155
953 831
954 4171
955 3664
956 3739
957 932
958 185
959 127
960 1841
961 1902
962 2405
963 5374
964 1817
965 3738
966 50
967 2502
968 416
969 2294
970 3633
971 5339
972 2797
973 2693
974 1743
975 1621
976 55
977 4170
978 4621
979 5542
980 2149
981 2474
982 2479
983 3524
984 5718
985 5216
986 2705
987 1074
988 4179
989 3203
990 4994
991 28
992 4765
993 2089
994 1811
995 174
996 5446
997 3527
998 4775
999 5417
1000 2722
1001 2336
1002 3846
1003 5300
1004 5282
1005 1141
1006 1174
1007 4292
1008 3169
1009 4225
1010 5010
1011 4637
1012 746
1013 2049
1014 629
1015 1079
1016 5697
1017 691
1018 2872
1019 1264
1020 2305
1021 5536
1022 3582
1023 3598
1024 2698
1025 1933
1026 428
1027 4844
1028 2658
1029 3427
1030 2635
1031 1950
1032 5839
1033 1362
1034 5053
1035 3312
1036 4638
1037 1426
1038 1187
1039 4648
1040 5420
1041 5756
1042 1357
1043 1631
1044 5210
1045 2544
1046 3911
1047 47
1048 4327
1049 4572
1050 3090
1051 4457
1052 4013
1053 3134
1054 127
1055 5125
1056 3460
1057 1571
1058 5099
1059 1571
1060 1221
1061 1883
1062 5856
1063 2649
1064 1093
1065 1593
1066 36
1067 4022
1068 1463
1069 3237
1070 5567
1071 4074
1072 5410
1073 78
1074 2253
1075 469
1076 3543
1077 3804
1078 2738
1079 329
1080 4902
1081 530
1082 3659
1083 3952
1084 2172
1085 2829
1086 3489
1087 1455
1088 1127
1089 4798
1090 4675
1091 683
1092 3352
1093 2635
1094 3329
1095 4272
1096 4490
1097 3677
1098 3383
1099 5210
1100 4972
1101 4154
1102 581
1103 4578
1104 5659
1105 2451
1106 1055
1107 5187
1108 5371
1109 1198
1110 1679
1111 4351
1112 244
1113 4002
1114 4308
1115 1315
1116 195
1117 1714
1118 5288
1119 3951
1120 4974
1121 5098
1122 3091
1123 4341
1124 2881
1125 2721
1126 3689
1127 2757
1128 29
1129 420
1130 5351
1131 5311
1132 291
1133 1913
1134 1778
1135 2662
1136 870
1137 2271
1138 3643
1139 627
1140 3109
1141 1682
1142 4076
1143 5147
1144 2772
1145 2292
1146 2168
1147 4247
1148 4557
1149 3742
1150 1045
1151 491
1152 5704
1153 5508
1154 4950
1155 489
1156 1819
1157 4087
1158 895
1159 4792
1160 1488
1161 3256
1162 2550
1163 583
1164 2628
1165 4360
1166 1357
1167 614
1168 3456
1169 23
1170 2454
1171 5935
1172 1532
1173 2535
1174 1396
1175 2813
1176 316
1177 3499
1178 4351
1179 84
1180 2438
1181 921
1182 5729
1183 5478
1184 4047
1185 3389
1186 5011
1187 3591
1188 1019
1189 4343
1190 2979
1191 4871
1192 3890
1193 3641
1194 5112
1195 4984
1196 943
1197 5619
1198 2979
1199 1759
1200 1210
1201 4977
1202 3699
1203 3099
1204 1779
1205 913
1206 2037
1207 2150
1208 4017
1209 2121
1210 2794
1211 2609
1212 1216
1213 4944
1214 996
1215 5531
1216 5653
1217 3233
1218 3010
1219 3458
1220 85
1221 61
1222 4732
1223 1816
1224 1030
1225 5093
1226 5629
1227 2525
1228 2943
1229 3944
1230 4934
1231 4841
1232 73
1233 4307
1234 4463
1235 358
1236 2689
1237 1131
1238 3528
1239 3742
1240 3063
1241 1492
1242 1079
1243 4026
1244 181
1245 5340
1246 5086
1247 5731
1248 2882
1249 1741
1250 4598
1251 5140
1252 2838
1253 5549
1254 2382
1255 3073
1256 741
1257 4190
1258 2117
1259 5659
1260 5049
1261 5705
1262 4646
1263 1967
1264 907
1265 55
1266 5344
1267 1105
1268 5224
1269 1665
1270 216
1271 296
1272 2190
1273 5912
1274 5165
1275 1229
1276 5050
1277 449
1278 3218
1279 3946
1280 4400
1281 252
1282 912
1283 3416
1284 1143
1285 5491
1286 3005
1287 1169
1288 739
1289 1975
1290 4455
1291 5263
1292 4216
1293 1730
1294 3897
1295 1103
1296 5848
1297 3176
1298 4819
1299 5702
1300 1880
1301 4680
1302 103
1303 5526
1304 3047
1305 147
1306 3113
1307 2771
1308 5100
1309 4952
1310 1564
1311 361
1312 1887
1313 874
1314 3980
1315 4798
1316 3782
1317 3545
1318 5258
1319 4052
1320 3666
1321 5901
1322 3783
1323 5922
1324 2314
1325 2201
1326 3237
1327 653
1328 1660
1329 5641
1330 2154
1331 5801
1332 1788
1333 2949
1334 479
1335 820
1336 5744
1337 4627
1338 4953
1339 1476
1340 3378
1341 4654
1342 3586
1343 4926
1344 315
1345 2934
1346 5493
1347 3116
1348 3085
1349 603
1350 3814
1351 2710
1352 4673
1353 760
1354 1689
1355 2274
1356 841
1357 468
1358 4493
1359 1815
1360 4725
1361 1802
1362 3286
1363 5831
1364 2760
1365 3404
1366 3751
1367 4967
1368 2552
1369 1828
1370 4678
1371 4320
1372 170
1373 2056
1374 1373
1375 4395
1376 5734
1377 4327
1378 5731
1379 5491
1380 3362
1381 302
1382 572
1383 1767
1384 3881
1385 2949
1386 2042
1387 5126
1388 842
1389 4552
1390 228
1391 3437
1392 2876
1393 2169
1394 1342
1395 5688
1396 3589
1397 519
1398 1390
1399 4233
1400 1128
1401 2676
1402 4618
1403 5423
1404 3185
1405 1808
1406 2238
1407 1984
1408 5684
1409 2104
1410 3122
1411 4855
1412 4615
1413 3629
1414 3804
1415 3377
1416 472
1417 349
1418 4288
1419 4069
1420 3918
1421 3019
1422 2574
1423 5031
1424 777
1425 1423
1426 2406
1427 1652
1428 2861
1429 5302
1430 4847
1431 4732
1432 5430
1433 763
1434 3395
1435 5038
1436 4610
1437 1937
1438 5206
1439 1061
1440 1542
1441 5705
1442 2120
1443 3756
1444 5123
1445 4884
1446 5002
1447 2927
1448 3249
1449 5460
1450 3772
1451 2845
1452 1838
1453 438
1454 5101
1455 419
1456 1327
1457 5304
1458 3802
1459 3103
1460 1207
1461 5444
1462 5178
1463 1775
1464 2597
1465 715
1466 3218
1467 968
1468 4142
1469 4436
1470 1052
1471 2906
1472 3013
1473 1801
1474 584
1475 2511
1476 393
1477 1021
1478 1750
1479 5040
1480 192
1481 2203
1482 5863
1483 3074
1484 3065
1485 5338
1486 4928
1487 1999
1488 1956
1489 2658
1490 1529
1491 4589
1492 3853
1493 2987
1494 4427
1495 3186
1496 5381
1497 536
1498 4458
1499 5913
1500 1009
1501 4370
1502 3298
1503 2022
1504 1697
1505 980
1506 31
1507 1939
1508 4377
1509 549
1510 2683
1511 4577
1512 3957
1513 1238
1514 367
1515 2121
1516 5096
1517 3715
1518 5838
1519 962
1520 3024
1521 1346
1522 4460
1523 1621
1524 145
1525 4606
1526 1393
1527 5717
1528 4050
1529 3237
1530 1369
1531 5539
1532 4328
1533 1138
1534 3380
1535 752
1536 1001
1537 1889
1538 2816
1539 5313
1540 3771
1541 1838
1542 11
1543 4779
1544 25
1545 4675
1546 4660
1547 3122
1548 537
1549 4025
1550 3019
1551 5128
1552 5728
1553 3094
1554 5289
1555 4166
1556 3055
1557 739
1558 3505
1559 5004
1560 4824
1561 2201
1562 1204
1563 1340
1564 1249
1565 3566
1566 2705
1567 989
1568 5366
1569 974
1570 4386
1571 2851
1572 5044
1573 506
1574 2213
1575 1420
1576 4724
1577 4042
1578 1377
1579 1289
1580 5390
1581 1701
1582 790
1583 4121
1584 4242
1585 188
1586 2743
1587 4088
1588 2300
1589 5221
1590 281
1591 264
1592 380
1593 2097
1594 3891
1595 959
1596 1806
1597 780
1598 3435
1599 830
1600 4275
1601 3233
1602 5097
1603 4999
1604 1046
1605 2599
1606 4918
1607 5040
1608 1130
1609 5200
1610 1421
1611 4460
1612 4014
1613 5827
1614 3542
1615 5775
1616 2582
1617 587
1618 2841
1619 3696
1620 4121
1621 2602
1622 2049
1623 996
1624 1420
1625 1470
1626 3380
1627 299
1628 2284
1629 3689
1630 1081
1631 1402
1632 3119
1633 3850
1634 3498
1635 2106
1636 5075
1637 5873
1638 3121
1639 1378
1640 531
1641 3196
1642 1892
1643 1757
1644 3979
1645 4255
1646 3068
1647 5070
1648 593
1649 1022
1650 5697
1651 2209
1652 4994
1653 3221
1654 4212
1655 2605
1656 1157
1657 2909
1658 1318
1659 2202
1660 1252
1661 4308
1662 4358
1663 4025
1664 3509
1665 2813
1666 496
1667 5864
1668 5935
1669 5282
1670 5932
1671 3300
1672 5193
1673 2337
1674 4679
1675 4441
1676 2685
1677 1078
1678 1086
1679 2121
1680 2847
1681 3403
1682 1873
1683 4730
1684 767
1685 3970
1686 3598
1687 2362
1688 3640
1689 5599
1690 940
1691 3767
1692 1296
1693 4132
1694 433
1695 1663
1696 449
1697 5149
1698 1051
1699 2421
1700 4926
1701 5686
1702 3105
1703 3728
1704 1856
1705 1376
1706 4061
1707 957
1708 4525
1709 2841
1710 5381
1711 3508
1712 130
1713 5172
1714 1750
1715 3591
1716 3688
1717 4232
1718 1498
1719 4372
1720 5618
1721 4231
1722 1362
1723 4158
1724 1572
1725 3774
1726 2706
1727 5022
1728 1299
1729 2252
1730 4580
1731 3574
1732 4658
1733 5045
1734 3806
1735 1651
1736 1686
1737 4133
1738 1917
1739 2193
1740 2974
1741 529
1742 3964
1743 4571
1744 1322
1745 235
1746 3289
1747 4654
1748 3477
1749 4708
1750 3673
1751 4563
1752 2311
1753 2764
1754 5111
1755 1297
1756 5249
1757 1157
1758 142
1759 1607
1760 797
1761 4060
1762 252
1763 4955
1764 1579
1765 2863
1766 3981
1767 2733
1768 3651
1769 3763
1770 4479
1771 5320
1772 5951
1773 5056
1774 4607
1775 2095
1776 3203
1777 592
1778 5734
1779 2893
1780 183
1781 2781
1782 5484
1783 3559
1784 5609
1785 3348
1786 1980
1787 4143
1788 688
1789 2699
1790 5165
1791 4144
1792 139
1793 1542
1794 3275
1795 746
1796 3080
1797 2992
1798 4235
1799 4468
1800 2884
1801 5343
1802 3625
1803 5005
1804 472
1805 395
1806 2597
1807 416
1808 2041
1809 3221
1810 746
1811 3117
1812 4291
1813 5041
1814 938
1815 2213
1816 165
1817 5640
1818 4170
1819 2635
1820 2685
1821 5660
1822 2876
1823 5930
1824 5528
1825 1862
1826 643
1827 2195
1828 2951
1829 1840
1830 3092
1831 1770
1832 2241
1833 2620
1834 3275
1835 3626
1836 4407
1837 1999
1838 5020
1839 3782
1840 4789
1841 535
1842 4220
1843 3819
1844 4830
1845 3215
1846 5346
1847 5356
1848 5520
1849 5479
1850 4167
1851 5808
1852 1039
1853 3592
1854 4477
1855 1137
1856 3566
1857 5038
1858 2923
1859 395
1860 5567
1861 1223
1862 4767
1863 2942
1864 2995
1865 705
1866 5684
1867 1798
1868 7
1869 640
1870 107
1871 1939
1872 4972
1873 171
1874 3788
1875 4603
1876 2370
1877 5299
1878 4525
1879 4771
1880 3373
1881 5310
1882 2238
1883 1478
1884 2269
1885 2614
1886 3083
1887 4530
1888 966
1889 3682
1890 3025
1891 518
1892 2386
1893 1915
1894 2011
1895 3351
1896 2170
1897 5513
1898 5239
1899 2637
1900 5572
1901 1278
1902 5687
1903 817
1904 2302
1905 5207
1906 4255
1907 494
1908 3146
1909 1818
1910 4937
1911 4156
1912 5929
1913 2134
1914 672
1915 1468
1916 4720
1917 1180
1918 4631
1919 1549
1920 5513
1921 2847
1922 1253
1923 5071
1924 34
1925 137
1926 3903
1927 399
1928 4559
1929 337
1930 5488
1931 18
1932 2641
1933 2769
1934 4482
1935 793
1936 5007
1937 1041
1938 5955
1939 4345
1940 3661
1941 42
1942 3406
1943 3619
1944 2521
1945 4991
1946 2662
1947 5284
1948 5248
1949 5616
1950 3169
1951 5320
1952 1381
1953 2829
1954 4654
1955 1651
1956 746
1957 2326
1958 462
1959 2685
1960 1125
1961 735
1962 213
1963 4856
1964 1652
1965 2966
1966 4062
1967 3667
1968 3095
1969 531
1970 5595
1971 1830
1972 2283
1973 114
1974 245
1975 3479
1976 1381
1977 2157
1978 2839
1979 5935
1980 1778
1981 356
1982 2230
1983 3814
1984 803
1985 2431
1986 5921
1987 5895
1988 4659
1989 1294
1990 1750
1991 3082
1992 3223
1993 5479
1994 1410
1995 554
1996 2
1997 3263
1998 3598
1999 4361
2000 1414
2001 3014
2002 4572
2003 4717
2004 7
2005 4976
2006 2385
2007 3274
2008 266
2009 5126
2010 2795
2011 2543
2012 2074
2013 95
2014 3650
2015 1684
2016 1143
2017 3056
2018 1898
2019 1046
2020 1611
2021 1859
2022 5193
2023 2417
2024 656
2025 3831
2026 1262
2027 2053
2028 871
2029 3810
2030 3706
2031 321
2032 4385
2033 346
2034 470
2035 1547
2036 4020
2037 1701
2038 4858
2039 4911
2040 5619
2041 5872
2042 3550
2043 2182
2044 5357
2045 1036
2046 2863
2047 4589
2048 2042
2049 1884
2050 1955
2051 38
2052 4217
2053 1223
2054 1603
2055 3021
2056 845
2057 2598
2058 4800
2059 4511
2060 767
2061 2132
2062 598
2063 3413
2064 1526
2065 2986
2066 5622
2067 5125
2068 3988
2069 5712
2070 5308
2071 5899
2072 3566
2073 5817
2074 5718
2075 691
2076 5525
2077 5073
2078 5129
2079 1787
2080 4977
2081 5269
2082 3505
2083 3319
2084 57
2085 2295
2086 497
2087 2396
2088 3695
2089 1851
2090 3420
2091 3483
2092 3154
2093 5185
2094 2105
2095 1087
2096 3183
2097 2494
2098 268
2099 5901
2100 5381
2101 2126
2102 332
2103 1235
2104 5805
2105 570
2106 3607
2107 4512
2108 1264
2109 3008
2110 353
2111 1133
2112 2606
2113 3603
2114 2906
2115 231
2116 3715
2117 1524
2118 2273
2119 3403
2120 420
2121 1149
2122 5948
2123 699
2124 2771
2125 1960
2126 1790
2127 2533
2128 3063
2129 431
2130 437
2131 2558
2132 258
2133 3213
2134 4292
2135 3859
2136 1316
2137 5696
2138 4891
2139 4924
2140 4496
2141 3359
2142 4336
2143 2544
2144 5837
2145 2977
2146 110
2147 2596
2148 4290
2149 693
2150 5876
2151 3830
2152 3849
2153 1317
2154 4734
2155 3389
2156 5572
2157 4280
2158 3350
2159 899
2160 630
2161 4262
2162 2024
2163 4147
2164 4523
2165 624
2166 4800
2167 4571
2168 739
2169 5606
2170 4958
2171 5963
2172 159
2173 4820
2174 4722
2175 2154
2176 3646
2177 4742
2178 2098
2179 3448
2180 294
2181 906
2182 198
2183 1075
2184 112
2185 5863
2186 3908
2187 127
2188 2538
2189 2395
2190 4719
2191 3115
2192 1552
2193 3836
2194 2181
2195 243
2196 2430
2197 4261
2198 5014
2199 3282
2200 813
2201 5566
2202 409
2203 3509
2204 861
2205 4328
2206 5311
2207 2556
2208 87
2209 443
2210 4339
2211 3744
2212 5068
2213 4592
2214 4290
2215 4688
2216 4261
2217 5686
2218 2235
2219 2170
2220 3825
2221 1013
2222 3218
2223 5899
2224 4374
2225 326
2226 2861
2227 3179
2228 5892
2229 2278
2230 3744
2231 2511
2232 1967
2233 3337
2234 430
2235 1484
2236 1429
2237 5904
2238 2822
2239 1082
2240 4859
2241 4678
2242 2861
2243 298
2244 3571
2245 2406
2246 4414
2247 4436
2248 5104
2249 3466
2250 4222
2251 5673
2252 5093
2253 5248
2254 4865
2255 2159
2256 2477
2257 4171
2258 5024
2259 2851
2260 3516
2261 5524
2262 943
2263 1229
2264 2661
2265 1919
2266 5211
2267 2566
2268 508
2269 1903
2270 5293
2271 4752
2272 5176
2273 3997
2274 3011
2275 1494
2276 5403
2277 1486
2278 3904
2279 4123
2280 2891
2281 1843
2282 4229
2283 1659
2284 149
2285 3869
2286 4571
2287 4773
2288 1781
2289 1558
2290 2529
2291 2948
2292 4630
2293 3930
2294 2673
2295 508
2296 4788
2297 5548
2298 4180
2299 3464
2300 3188
2301 930
2302 2118
2303 3242
2304 3325
2305 2126
2306 533
2307 2469
2308 1149
2309 1499
2310 506
2311 2479
2312 4069
2313 4753
2314 3823
2315 457
2316 4036
2317 4414
2318 5828
2319 1395
2320 865
2321 3875
2322 2025
2323 376
2324 1398
2325 1356
2326 1880
2327 3748
2328 3526
2329 2832
2330 1041
2331 3512
2332 4758
2333 2607
2334 392
2335 5117
2336 4190
2337 396
2338 903
2339 2517
2340 601
2341 992
2342 3873
2343 5536
2344 1818
2345 1365
2346 4146
2347 3131
2348 1827
2349 2282
2350 1914
2351 692
2352 2820
2353 5105
2354 4935
2355 905
2356 2910
2357 2675
2358 1605
2359 1632
2360 5674
2361 4036
2362 3744
2363 510
2364 3339
2365 5150
2366 2943
2367 1137
2368 5195
2369 1945
2370 7
2371 3432
2372 1747
2373 4402
2374 933
2375 2562
2376 2667
2377 2004
2378 29
2379 1792
2380 924
2381 5945
2382 642
2383 4078
2384 2499
2385 744
2386 1714
2387 1330
2388 2819
2389 2992
2390 5807
2391 3759
2392 3389
2393 1485
2394 1794
2395 1690
2396 4143
2397 1590
2398 2712
2399 1223
2400 1781
2401 5887
2402 5123
2403 4203
2404 2598
2405 5481
2406 2343
2407 5571
2408 1480
2409 2388
2410 4337
2411 1525
2412 1590
2413 4112
2414 1031
2415 2920
2416 1118
2417 499
2418 2377
2419 2769
2420 1371
2421 3593
2422 5886
2423 300
2424 1954
2425 5552
2426 2551
2427 5776
2428 2746
2429 5758
2430 2990
2431 1272
2432 4985
2433 4454
2434 3983
2435 5783
2436 2815
2437 959
2438 493
2439 780
2440 181
2441 2041
2442 2373
2443 4441
2444 2746
2445 2599
2446 2112
2447 5027
2448 2062
2449 5779
2450 2686
2451 3554
2452 3067
2453 2252
2454 2938
2455 5410
2456 2476
2457 5777
2458 5439
2459 4931
2460 3095
2461 2563
2462 4537
2463 1797
2464 2853
2465 4262
2466 4068
2467 782
2468 4473
2469 2499
2470 2240
2471 1126
2472 81
2473 5480
2474 2339
2475 1309
2476 3121
2477 4575
2478 1051
2479 78
2480 2322
2481 4968
2482 3913
2483 3088
2484 3852
2485 165
2486 1390
2487 4976
2488 1143
2489 2885
2490 863
2491 4854
2492 4749
2493 5324
2494 5343
2495 5508
2496 5627
2497 5608
2498 5839
2499 4136
2500 867
2501 3831
2502 130
2503 1038
2504 3863
2505 4464
2506 1164
2507 1912
2508 525
2509 1538
2510 493
2511 1193
2512 2021
2513 4795
2514 2118
2515 94
2516 4420
2517 1321
2518 3701
2519 4353
2520 3823
2521 4388
2522 4437
2523 745
2524 5171
2525 5432
2526 2553
2527 2441
2528 5582
2529 2766
2530 851
2531 292
2532 4619
2533 2933
2534 3511
2535 5037
2536 1116
2537 3553
2538 5701
2539 5923
2540 3632
2541 3415
2542 124
2543 4868
2544 2056
2545 250
2546 3205
2547 696
2548 4483
2549 5068
2550 3768
2551 4881
2552 4746
2553 3778
2554 5860
2555 2247
2556 1234
2557 593
2558 5837
2559 4815
2560 4880
2561 4159
2562 3644
2563 1408
2564 4905
2565 4239
2566 1994
2567 3475
2568 2868
2569 863
2570 862
2571 5183
2572 2948
2573 2385
2574 4482
2575 272
2576 1963
2577 1407
2578 291
2579 3218
2580 760
2581 5721
2582 667
2583 5343
2584 5411
2585 2371
2586 1249
2587 3240
2588 4800
2589 4986
2590 5684
2591 3500
2592 3667
2593 4030
2594 2104
2595 3577
2596 3970
2597 5075
2598 5948
2599 4661
2600 4806
2601 2462
2602 2330
2603 2188
2604 5353
2605 4890
2606 3185
2607 5575
2608 5206
2609 5093
2610 5820
2611 640
2612 4280
2613 3641
2614 3547
2615 675
2616 4451
2617 3121
2618 4699
2619 2289
2620 1067
2621 390
2622 1278
2623 4069
2624 199
2625 4744
2626 5344
2627 5536
2628 1855
2629 1343
2630 545
2631 4734
2632 2919
2633 11
2634 2431
2635 3637
2636 2510
2637 3834
2638 4871
2639 316
2640 101
2641 2038
2642 197
2643 2894
2644 3877
2645 507
2646 5130
2647 190
2648 5599
2649 5103
2650 220
2651 2768
2652 1771
2653 580
2654 3974
2655 4013
2656 4749
2657 1692
2658 2827
2659 2703
2660 1779
2661 1180
2662 906
2663 200
2664 1904
2665 5523
2666 3897
2667 4150
2668 1776
2669 5814
2670 2004
2671 689
2672 1710
2673 1346
2674 5709
2675 4640
2676 4375
2677 1939
2678 326
2679 400
2680 5082
2681 3775
2682 4673
2683 5631
2684 3099
2685 5318
2686 1772
2687 3236
2688 1516
2689 4994
2690 119
2691 1381
2692 5089
2693 3742
2694 1505
2695 3748
2696 1362
2697 2598
2698 1984
2699 4333
2700 3846
2701 1803
2702 5265
2703 3650
2704 5048
2705 2949
2706 1095
2707 3198
2708 5071
2709 4458
2710 432
2711 861
2712 4351
2713 4622
2714 1674
2715 3286
2716 5696
2717 5805
2718 3009
2719 1662
2720 2454
2721 4824
2722 502
2723 2550
2724 4156
2725 1529
2726 986
2727 1222
2728 2590
2729 5534
2730 2252
2731 5647
2732 5116
2733 1881
2734 5650
2735 4608
2736 5221
2737 4305
2738 3103
2739 2891
2740 4010
2741 4444
2742 1257
2743 5569
2744 5651
2745 3061
2746 1970
2747 3513
2748 2340
2749 3948
2750 5662
2751 5728
2752 3559
2753 4583
2754 4922
2755 262
2756 1819
2757 1847
2758 5641
2759 3185
2760 3114
2761 4336
2762 3221
2763 4548
2764 2451
2765 768
2766 544
2767 2679
2768 4322
2769 1969
2770 3296
2771 4118
2772 1786
2773 107
2774 470
2775 363
2776 5475
2777 5911
2778 2118
2779 1887
2780 1620
2781 5158
2782 2962
2783 4440
2784 514
2785 1567
2786 4384
2787 3877
2788 1764
2789 535
2790 2660
2791 722
2792 1230
2793 1998
2794 3899
2795 4746
2796 402
2797 2617
2798 1382
2799 5042
2800 2644
2801 3252
2802 4937
2803 4409
2804 4112
2805 1043
2806 456
2807 4339
2808 3463
2809 5273
2810 2865
2811 5453
2812 4956
2813 4106
2814 5190
2815 2966
2816 4293
2817 4613
2818 2232
2819 1975
2820 3214
2821 4928
2822 4042
2823 430
2824 456
2825 333
2826 3323
2827 636
2828 2603
2829 3559
2830 11
2831 619
2832 1422
2833 579
2834 5304
2835 2375
2836 3605
2837 5762
2838 3368
2839 5956
2840 3114
2841 1969
2842 5047
2843 116
2844 3746
2845 3965
2846 2370
2847 4149
2848 1302
2849 1072
2850 4483
2851 3237
2852 2974
2853 5385
2854 2617
2855 4868
2856 3170
2857 4348
2858 4129
2859 2543
2860 1214
2861 4070
2862 3988
2863 5282
2864 1179
2865 3664
2866 5675
2867 3587
2868 2146
2869 2251
2870 2881
2871 4499
2872 42
2873 1968
2874 1643
2875 482
2876 1818
2877 3533
2878 3778
2879 3984
2880 2095
2881 4862
2882 503
2883 5311
2884 2493
2885 316
2886 4055
2887 5617
2888 2908
2889 4285
2890 1505
2891 4787
2892 725
2893 3544
2894 4252
2895 710
2896 3782
2897 3533
2898 4513
2899 4010
2900 4183
2901 875
2902 1847
2903 4425
2904 114
2905 2156
2906 4510
2907 2963
2908 5699
2909 5651
2910 5520
2911 4730
2912 3355
2913 4170
2914 4241
2915 4816
2916 5851
2917 5786
2918 4316
2919 3360
2920 503
2921 4863
2922 2195
2923 4728
2924 863
2925 3525
2926 4036
2927 1898
2928 25
2929 5589
2930 3839
2931 5553
2932 4232
2933 4195
2934 4816
2935 4059
2936 3011
2937 660
2938 4037
2939 3077
2940 3885
2941 2531
2942 3456
2943 3161
2944 5652
2945 5748
2946 5395
2947 1830
2948 2975
2949 1391
2950 1483
2951 4566
2952 3414
2953 2290
2954 345
2955 5246
2956 3170
2957 1697
2958 4334
2959 2709
2960 5240
2961 1585
2962 900
2963 1809
2964 734
2965 4167
2966 5917
2967 1119
2968 2386
2969 5155
2970 4749
2971 2837
2972 2274
2973 1378
2974 487
2975 4805
2976 2354
2977 924
2978 2603
2979 827
2980 1849
2981 2026
2982 3888
2983 4603
2984 2165
2985 4032
2986 1323
2987 4134
2988 4611
2989 4571
2990 290
2991 527
2992 1424
2993 3931
2994 1037
2995 2951
2996 2805
2997 1323
2998 5762
2999 2019
3000 3164
3001 1953
3002 1914
3003 481
3004 4352
3005 2812
3006 1333
3007 5295
3008 4754
3009 1008
3010 419
3011 3592
3012 1896
3013 4449
3014 5551
3015 5304
3016 1595
3017 5755
3018 2728
3019 3034
3020 4039
3021 3383
3022 4340
3023 527
3024 656
3025 1686
3026 5281
3027 5220
3028 3624
3029 4820
3030 904
3031 3684
3032 1163
3033 3112
3034 1380
3035 528
3036 362
3037 1211
3038 3912
3039 171
3040 5806
3041 3391
3042 3049
3043 2880
3044 173
3045 185
3046 896
3047 4356
3048 110
3049 721
3050 1726
3051 3733
3052 2191
3053 5275
3054 2000
3055 1190
3056 5133
3057 348
3058 5909
3059 1221
3060 4137
3061 5776
3062 1145
3063 3785
3064 460
3065 1963
3066 3464
3067 5005
3068 454
3069 3449
3070 4935
3071 1337
3072 4455
3073 4917
3074 5694
3075 5147
3076 5793
3077 2033
3078 1694
3079 1965
3080 3320
3081 580
3082 2566
3083 2275
3084 4792
3085 4968
3086 2039
3087 1820
3088 3493
3089 1745
3090 4262
3091 1259
3092 5117
3093 5585
3094 728
3095 2664
3096 5903
3097 5828
3098 3581
3099 1377
3100 4841
3101 182
3102 2456
3103 307
3104 5259
3105 5395
3106 1366
3107 2962
3108 4865
3109 4968
3110 4914
3111 2169
3112 4135
3113 3865
3114 5862
3115 3797
3116 1653
3117 3973
3118 2919
3119 2932
3120 2771
3121 3975
3122 5538
3123 4787
3124 5212
3125 1577
3126 246
3127 2576
3128 1111
3129 5654
3130 158
3131 4590
3132 956
3133 5760
3134 4245
3135 4893
3136 3026
3137 1086
3138 426
3139 2648
3140 3553
3141 247
3142 4756
3143 5677
3144 4378
3145 5601
3146 3355
3147 3019
3148 675
3149 3344
3150 706
3151 3099
3152 142
3153 1174
3154 2477
3155 3174
3156 1559
3157 2978
3158 1021
3159 2740
3160 4260
3161 554
3162 825
3163 1846
3164 5566
3165 1292
3166 1154
3167 4700
3168 5539
3169 1020
3170 4477
3171 4672
3172 1157
3173 3508
3174 5220
3175 878
3176 211
3177 3991
3178 5050
3179 2556
3180 4098
3181 4574
3182 5386
3183 4723
3184 2531
3185 314
3186 4391
3187 868
3188 4274
3189 4951
3190 61
3191 2228
3192 4986
3193 4423
3194 5629
3195 1532
3196 3240
3197 68
3198 3308
3199 4168
3200 1260
3201 3512
3202 1192
3203 391
3204 487
3205 315
3206 2333
3207 5063
3208 5087
3209 4448
3210 5807
3211 1600
3212 305
3213 1252
3214 4458
3215 346
3216 179
3217 4000
3218 4314
3219 4321
3220 3192
3221 3846
3222 3267
3223 2918
3224 862
3225 1222
3226 1689
3227 5626
3228 2367
3229 1785
3230 3192
3231 4843
3232 97
3233 160
3234 1856
3235 1458
3236 2227
3237 2436
3238 4475
3239 5558
3240 2480
3241 1585
3242 1382
3243 2847
3244 140
3245 5961
3246 4923
3247 3092
3248 3616
3249 3585
3250 4947
3251 2611
3252 919
3253 5409
3254 5639
3255 3456
3256 2305
3257 6
3258 1912
3259 2461
3260 2379
3261 4280
3262 1496
3263 5459
3264 4904
3265 3664
3266 2151
3267 2053
3268 2956
3269 70
3270 5225
3271 4783
3272 5851
3273 5501
3274 2506
3275 3786
3276 3920
3277 1144
3278 4977
3279 4123
3280 3974
3281 4497
3282 5673
3283 1158
3284 3829
3285 35
3286 3833
3287 650
3288 5275
3289 4886
3290 3479
3291 2374
3292 521
3293 3760
3294 1629
3295 2477
3296 4300
3297 2188
3298 931
3299 4558
3300 5013
3301 2110
3302 5691
3303 2227
3304 4768
3305 4871
3306 3848
3307 5336
3308 2936
3309 1967
3310 4373
3311 5919
3312 4787
3313 660
3314 4366
3315 2412
3316 5248
3317 4073
3318 4444
3319 289
3320 3768
3321 1757
3322 101
3323 4557
3324 2648
3325 454
3326 5067
3327 5549
3328 1102
3329 5182
3330 4806
3331 228
3332 1204
3333 2728
3334 4234
3335 487
3336 4312
3337 1111
3338 3291
3339 1087
3340 3261
3341 3501
3342 2766
3343 2352
3344 4614
3345 3191
3346 1485
3347 5140
3348 2762
3349 562
3350 756
3351 2786
3352 2355
3353 1596
3354 5950
3355 3543
3356 5790
3357 4557
3358 4691
3359 4824
3360 5795
3361 3189
3362 5165
3363 5366
3364 5950
3365 3514
3366 5315
3367 1531
3368 304
3369 2497
3370 1796
3371 3705
3372 197
3373 5686
3374 2447
3375 5148
3376 145
3377 989
3378 190
3379 283
3380 1504
3381 1106
3382 4510
3383 2742
3384 311
3385 2344
3386 3776
3387 2687
3388 4329
3389 583
3390 2565
3391 1773
3392 3204
3393 2883
3394 3285
3395 4060
3396 2205
3397 2182
3398 2375
3399 4037
3400 2295
3401 5579
3402 5189
3403 5814
3404 376
3405 5091
3406 894
3407 4415
3408 4148
3409 1850
3410 2435
3411 5385
3412 1288
3413 5837
3414 4677
3415 653
3416 789
3417 1296
3418 4508
3419 3757
3420 3924
3421 2920
3422 4167
3423 1070
3424 4627
3425 108
3426 4033
3427 4030
3428 4534
3429 1471
3430 1755
3431 5854
3432 1085
3433 1391
3434 748
3435 3034
3436 4900
3437 2112
3438 1416
3439 124
3440 3199
3441 139
3442 1750
3443 849
3444 237
3445 3107
3446 547
3447 218
3448 2975
3449 5272
3450 441
3451 5713
3452 5746
3453 1196
3454 5464
3455 2790
3456 4181
3457 543
3458 3802
3459 2920
3460 5248
3461 3359
3462 796
3463 69
3464 4013
3465 5505
3466 4226
3467 4382
3468 1755
3469 5659
3470 5622
3471 2815
3472 4283
3473 2419
3474 170
3475 4852
3476 3170
3477 3806
3478 2630
3479 2170
3480 5651
3481 824
3482 1241
3483 479
3484 4256
3485 5301
3486 851
3487 5677
3488 2363
3489 4578
3490 4446
3491 233
3492 1321
3493 4240
3494 2884
3495 308
3496 2627
3497 1379
3498 643
3499 4534
3500 5460
3501 5763
3502 5861
3503 2032
3504 386
3505 4161
3506 2789
3507 305
3508 1803
3509 5389
3510 4339
3511 956
3512 1810
3513 5549
3514 2762
3515 2996
3516 2920
3517 4688
3518 5687
3519 3123
3520 406
3521 1448
3522 1996
3523 258
3524 2761
3525 269
3526 1790
3527 4277
3528 4146
3529 5428
3530 5778
3531 5714
3532 5442
3533 2030
3534 3511
3535 3619
3536 2781
3537 5296
3538 1761
3539 4114
3540 1642
3541 3228
3542 5668
3543 845
3544 1663
3545 4901
3546 5159
3547 2838
3548 2412
3549 5899
3550 4221
3551 2386
3552 2366
3553 2766
3554 1392
3555 5477
3556 4266
3557 3979
3558 2827
3559 935
3560 3111
3561 5221
3562 5649
3563 1660
3564 2281
3565 1823
3566 1498
3567 3852
3568 4924
3569 3477
3570 2288
3571 4193
3572 557
3573 4749
3574 4922
3575 598
3576 2146
3577 3621
3578 3025
3579 2307
3580 4372
3581 3167
3582 205
3583 1861
3584 4719
3585 3530
3586 2344
3587 1592
3588 4445
3589 2632
3590 1106
3591 2180
3592 2750
3593 3944
3594 5315
3595 1962
3596 517
3597 5667
3598 2696
3599 3510
3600 4386
3601 5598
3602 431
3603 2370
3604 3107
3605 2516
3606 4293
3607 4755
3608 4819
3609 277
3610 1347
3611 4347
3612 5144
3613 2963
3614 736
3615 4571
3616 496
3617 1388
3618 1708
3619 4968
3620 377
3621 4132
3622 4061
3623 2428
3624 5258
3625 2030
3626 2379
3627 4260
3628 2697
3629 1350
3630 1678
3631 5088
3632 199
3633 4855
3634 367
3635 4653
3636 4654
3637 136
3638 3236
3639 4616
3640 1977
3641 2574
3642 3536
3643 2963
3644 3632
3645 2325
3646 1470
3647 3241
3648 3632
3649 2143
3650 4772
3651 4431
3652 2909
3653 665
3654 5694
3655 3819
3656 4541
3657 2241
3658 2523
3659 1392
3660 4761
3661 4284
3662 753
3663 5480
3664 2516
3665 130
3666 2377
3667 2637
3668 102
3669 2390
3670 5830
3671 1238
3672 4111
3673 1636
3674 2205
3675 2996
3676 77
3677 5777
3678 684
3679 4450
3680 2002
3681 1111
3682 2012
3683 1583
3684 3851
3685 3335
3686 5462
3687 3043
3688 1378
3689 5175
3690 1648
3691 4238
3692 98
3693 1341
3694 1228
3695 4266
3696 1064
3697 2158
3698 559
3699 2614
3700 5827
3701 1685
3702 2610
3703 3664
3704 5745
3705 140
3706 3087
3707 1382
3708 4341
3709 2202
3710 4070
3711 4541
3712 4637
3713 3498
3714 5072
3715 3288
3716 4174
3717 903
3718 2051
3719 1519
3720 4033
3721 3586
3722 2440
3723 1833
3724 4319
3725 4902
3726 4830
3727 2760
3728 3514
3729 3916
3730 4646
3731 3488
3732 1913
3733 1531
3734 5274
3735 212
3736 3169
3737 4700
3738 661
3739 5951
3740 4814
3741 1848
3742 5492
3743 2188
3744 3699
3745 4712
3746 559
3747 1263
3748 277
3749 1934
3750 395
3751 5320
3752 1120
3753 1743
3754 1061
3755 3838
3756 1045
3757 720
3758 2663
3759 414
3760 4740
3761 5275
3762 3358
3763 1530
3764 5809
3765 164
3766 1740
3767 2708
3768 5125
3769 4112
3770 1755
3771 2718
3772 2634
3773 3661
3774 3540
3775 3366
3776 5785
3777 3235
3778 2491
3779 1613
3780 2891
3781 5576
3782 2424
3783 5248
3784 2091
3785 3216
3786 2172
3787 2669
3788 3303
3789 2904
3790 2932
3791 4878
3792 3135
3793 2511
3794 2500
3795 2575
3796 1811
3797 3279
3798 5260
3799 1216
3800 5852
3801 4143
3802 536
3803 1036
3804 1785
3805 3010
3806 1724
3807 4159
3808 971
3809 5192
3810 106
3811 4593
3812 741
3813 5765
3814 1365
3815 4069
3816 2629
3817 497
3818 4648
3819 2690
3820 3337
3821 4254
3822 5095
3823 1877
3824 4856
3825 2273
3826 767
3827 2401
3828 2296
3829 5883
3830 2190
3831 5028
3832 1304
3833 5175
3834 1717
3835 5869
3836 778
3837 1468
3838 5585
3839 2875
3840 2390
3841 4855
3842 3705
3843 835
3844 1625
3845 2067
3846 5524
3847 2804
3848 4355
3849 1157
3850 67
3851 4080
3852 5381
3853 3263
3854 3693
3855 5454
3856 864
3857 4847
3858 30
3859 4360
3860 4272
3861 487
3862 5127
3863 2599
3864 4721
3865 5130
3866 199
3867 2487
3868 4584
3869 945
3870 2713
3871 3096
3872 1862
3873 3375
3874 1533
3875 3000
3876 1067
3877 2579
3878 4420
3879 1242
3880 1633
3881 16
3882 2892
3883 3732
3884 4033
3885 5159
3886 2389
3887 4254
3888 2501
3889 4045
3890 3873
3891 5551
3892 2477
3893 934
3894 2809
3895 3512
3896 3689
3897 2522
3898 1954
3899 5752
3900 625
3901 1464
3902 5837
3903 5805
3904 1228
3905 2931
3906 3646
3907 396
3908 1509
3909 4105
3910 4580
3911 5533
3912 1519
3913 918
3914 5369
3915 3785
3916 5237
3917 2521
3918 2119
3919 978
3920 5202
3921 3688
3922 149
3923 3396
3924 748
3925 3922
3926 5778
3927 472
3928 4358
3929 3611
3930 1198
3931 5382
3932 5320
3933 3190
3934 5525
3935 2753
3936 4994
3937 2017
3938 5922
3939 3361
3940 1686
3941 2849
3942 897
3943 2257
3944 4917
3945 1516
3946 2060
3947 1972
3948 5595
3949 3437
3950 1494
3951 797
3952 3284
3953 1795
3954 5333
3955 5296
3956 385
3957 1422
3958 376
3959 5419
3960 5960
3961 1192
3962 4014
3963 1131
3964 4828
3965 5539
3966 1195
3967 5661
3968 4732
3969 1218
3970 1297
3971 1526
3972 5445
3973 4123
3974 3707
3975 3997
3976 5875
3977 890
3978 3478
3979 2525
3980 5099
3981 1255
3982 4305
3983 4293
3984 803
3985 4504
3986 4069
3987 1610
3988 1311
3989 1319
3990 5454
3991 5150
3992 873
3993 3015
3994 5684
3995 4574
3996 1524
3997 3458
3998 18
3999 1480
4000 4835
4001 2839
4002 2727
4003 5603
4004 1941
4005 1649
4006 3479
4007 3398
4008 2702
4009 1372
4010 1253
4011 4170
4012 2259
4013 2666
4014 4746
4015 2132
4016 2709
4017 1325
4018 5358
4019 2406
4020 4069
4021 4508
4022 867
4023 1915
4024 3311
4025 1950
4026 4186
4027 2965
4028 2658
4029 3537
4030 4150
4031 4610
4032 4268
4033 15
4034 3417
4035 5559
4036 5027
4037 4826
4038 3204
4039 5513
4040 5525
4041 5091
4042 1718
4043 1963
4044 5814
4045 4161
4046 4367
4047 4381
4048 2912
4049 5403
4050 3011
4051 1265
4052 2606
4053 1027
4054 5538
4055 1607
4056 4265
4057 1564
4058 472
4059 801
4060 3394
4061 5384
4062 4922
4063 2131
4064 4799
4065 3244
4066 2681
4067 5452
4068 4481
4069 2794
4070 1611
4071 1909
4072 2259
4073 1841
4074 3542
4075 4142
4076 5567
4077 5474
4078 3084
4079 5582
4080 4040
4081 4453
4082 4398
4083 506
4084 5760
4085 3976
4086 4578
4087 1833
4088 2674
4089 4406
4090 554
4091 992
4092 1553
4093 2444
4094 962
4095 5304
4096 2850
4097 1924
4098 4726
4099 5272
4100 285
4101 3768
4102 87
4103 3905
4104 2625
4105 2634
4106 18
4107 4979
4108 2473
4109 3750
4110 4923
4111 5839
4112 2145
4113 5245
4114 325
4115 4698
4116 5785
4117 664
4118 1327
4119 3582
4120 4177
4121 5726
4122 2579
4123 1045
4124 4361
4125 5690
4126 5020
4127 4250
4128 5581
4129 833
4130 3056
4131 2966
4132 4315
4133 5805
4134 1765
4135 1153
4136 5026
4137 3145
4138 2865
4139 1244
4140 1217
4141 5074
4142 5439
4143 3732
4144 2501
4145 1461
4146 4452
4147 4017
4148 4923
4149 5075
4150 5653
4151 3229
4152 2009
4153 1601
4154 893
4155 3522
4156 127
4157 770
4158 2580
4159 3377
4160 4900
4161 714
4162 3367
4163 5092
4164 61
4165 2347
4166 3158
4167 4856
4168 2306
4169 3645
4170 5128
4171 5810
4172 5828
4173 5282
4174 4296
4175 3228
4176 473
4177 5576
4178 2888
4179 2300
4180 4478
4181 838
4182 4033
4183 4908
4184 4869
4185 3805
4186 4575
4187 4598
4188 2
4189 2708
4190 1314
4191 2240
4192 1048
4193 2665
4194 2943
4195 3875
4196 5626
4197 22
4198 2556
4199 3591
4200 222
4201 5037
4202 4577
4203 1307
4204 1540
4205 1230
4206 2120
4207 3814
4208 1407
4209 4652
4210 1647
4211 4952
4212 4199
4213 3966
4214 1771
4215 3242
4216 3828
4217 1652
4218 3103
4219 2118
4220 2490
4221 2010
4222 2427
4223 2353
4224 3460
4225 3818
4226 3120
4227 942
4228 3451
4229 5030
4230 4917
4231 1558
4232 5565
4233 2825
4234 5651
4235 29
4236 4260
4237 2920
4238 1588
4239 1453
4240 953
4241 4865
4242 3951
4243 4250
4244 2144
4245 479
4246 5276
4247 5663
4248 5880
4249 44
4250 1231
4251 376
4252 5420
4253 3067
4254 4947
4255 17
4256 3894
4257 4906
4258 1289
4259 5867
4260 2789
4261 734
4262 2282
4263 5116
4264 5902
4265 358
4266 773
4267 29
4268 5475
4269 714
4270 4407
4271 5256
4272 5084
4273 3380
4274 5784
4275 3429
4276 3588
4277 2511
4278 5540
4279 4744
4280 1176
4281 932
4282 3050
4283 2942
4284 440
4285 2822
4286 517
4287 5684
4288 3749
4289 1040
4290 1049
4291 3980
4292 382
4293 1185
4294 4714
4295 1913
4296 1354
4297 1522
4298 2353
4299 945
4300 4134
4301 848
4302 781
4303 4283
4304 3404
4305 5197
4306 5466
4307 55
4308 2965
4309 3800
4310 3140
4311 3288
4312 3687
4313 786
4314 5673
4315 4025
4316 5035
4317 5199
4318 4979
4319 2590
4320 5026
4321 1529
4322 5143
4323 2452
4324 4330
4325 2441
4326 4404
4327 1497
4328 2554
4329 2800
4330 937
4331 4711
4332 3403
4333 155
4334 4405
4335 2775
4336 142
4337 1980
4338 1911
4339 4827
4340 3353
4341 3187
4342 1713
4343 2200
4344 3129
4345 5172
4346 2575
4347 4261
4348 1044
4349 3443
4350 1109
4351 3743
4352 3608
4353 5776
4354 2180
4355 5048
4356 1885
4357 107
4358 1434
4359 1319
4360 1020
4361 2180
4362 4392
4363 1314
4364 3187
4365 3129
4366 1956
4367 572
4368 3434
4369 5389
4370 2541
4371 2787
4372 3931
4373 212
4374 2696
4375 1128
4376 540
4377 5781
4378 2274
4379 5644
4380 2367
4381 4607
4382 1523
4383 2635
4384 1707
4385 1038
4386 5182
4387 5145
4388 2205
4389 101
4390 2614
4391 3906
4392 4100
4393 1153
4394 5598
4395 1243
4396 3693
4397 3235
4398 189
4399 577
4400 4874
4401 1686
4402 2624
4403 5930
4404 3573
4405 5013
4406 4285
4407 243
4408 1327
4409 170
4410 2469
4411 1278
4412 4759
4413 4533
4414 5901
4415 3769
4416 4537
4417 171
4418 5699
4419 311
4420 312
4421 2705
4422 4838
4423 1342
4424 5261
4425 2751
4426 2348
4427 2871
4428 4577
4429 501
4430 5786
4431 2988
4432 592
4433 2888
4434 1424
4435 4198
4436 3550
4437 2367
4438 4605
4439 2743
4440 3744
4441 2992
4442 852
4443 4285
4444 314
4445 3533
4446 681
4447 2809
4448 4231
4449 2548
4450 1108
4451 3022
4452 3402
4453 1099
4454 602
4455 1370
4456 2563
4457 3677
4458 485
4459 1585
4460 4161
4461 3897
4462 5655
4463 3234
4464 693
4465 1953
4466 2414
4467 581
4468 2375
4469 644
4470 1010
4471 2872
4472 35
4473 3737
4474 788
4475 4483
4476 3997
4477 3275
4478 2664
4479 1561
4480 4206
4481 4409
4482 460
4483 16
4484 2298
4485 3418
4486 3949
4487 5543
4488 5222
4489 5050
4490 5844
4491 3109
4492 3849
4493 4872
4494 1763
4495 504
4496 1047
4497 2177
4498 1461
4499 2965
4500 1319
4501 2016
4502 3621
4503 350
4504 3914
4505 1464
4506 585
4507 395
4508 4782
4509 5829
4510 4470
4511 3768
4512 181
4513 4742
4514 1290
4515 2694
4516 2473
4517 508
4518 4717
4519 5107
4520 4005
4521 1826
4522 1661
4523 2340
4524 1841
4525 244
4526 1608
4527 3030
4528 5098
4529 187
4530 2977
4531 1884
4532 585
4533 1400
4534 5160
4535 3647
4536 1150
4537 329
4538 158
4539 5055
4540 4085
4541 3879
4542 3171
4543 684
4544 235
4545 4060
4546 3934
4547 4768
4548 747
4549 2475
4550 5167
4551 2427
4552 4336
4553 2766
4554 4783
4555 5743
4556 4246
4557 5378
4558 4838
4559 1104
4560 1586
4561 44
4562 4479
4563 2661
4564 4359
4565 445
4566 4520
4567 499
4568 4167
4569 4596
4570 2959
4571 26
4572 222
4573 2176
4574 3711
4575 3185
4576 1908
4577 38
4578 3960
4579 692
4580 1370
4581 3284
4582 2553
4583 1262
4584 4434
4585 1704
4586 2121
4587 3209
4588 5359
4589 2991
4590 2966
4591 5933
4592 5414
4593 5032
4594 4895
4595 1465
4596 2495
4597 1709
4598 537
4599 1896
4600 5881
4601 5498
4602 5847
4603 5707
4604 5743
4605 1391
4606 737
4607 1948
4608 4197
4609 4475
4610 814
4611 2403
4612 1607
4613 3624
4614 4618
4615 5771
4616 333
4617 1504
4618 5433
4619 57
4620 424
4621 1322
4622 1816
4623 965
4624 3225
4625 4850
4626 2900
4627 5226
4628 2063
4629 548
4630 4346
4631 3735
4632 5756
4633 2043
4634 5172
4635 1100
4636 4031
4637 681
4638 3329
4639 4955
4640 2251
4641 1205
4642 707
4643 5041
4644 1244
4645 2569
4646 5009
4647 3479
4648 3683
4649 4070
4650 2479
4651 911
4652 2094
4653 1891
4654 2539
4655 3837
4656 3962
4657 1226
4658 3936
4659 1298
4660 1424
4661 784
4662 5232
4663 4127
4664 4012
4665 5729
4666 2809
4667 1134
4668 678
4669 3511
4670 4132
4671 1202
4672 5306
4673 2797
4674 4868
4675 2510
4676 2648
4677 5773
4678 2067
4679 608
4680 154
4681 3364
4682 5746
4683 556
4684 228
4685 2516
4686 3660
4687 1340
4688 1629
4689 2637
4690 3810
4691 3448
4692 3206
4693 3602
4694 5602
4695 2830
4696 2022
4697 5783
4698 2845
4699 4419
4700 602
4701 1075
4702 5134
4703 593
4704 5443
4705 4315
4706 827
4707 5103
4708 4208
4709 4418
4710 431
4711 4327
4712 5152
4713 1894
4714 1970
4715 5957
4716 919
4717 1128
4718 735
4719 2072
4720 2319
4721 4636
4722 5657
4723 728
4724 893
4725 1260
4726 4393
4727 5350
4728 577
4729 1106
4730 791
4731 4911
4732 2101
4733 2940
4734 4213
4735 2889
4736 3770
4737 3467
4738 871
4739 5475
4740 4697
4741 1710
4742 2896
4743 918
4744 3856
4745 3527
4746 949
4747 986
4748 243
4749 1823
4750 5105
4751 1281
4752 1342
4753 5558
4754 3538
4755 1985
4756 396
4757 4585
4758 1821
4759 1216
4760 4755
4761 1492
4762 4646
4763 110
4764 2269
4765 476
4766 5051
4767 5160
4768 2167
4769 3241
4770 5633
4771 3339
4772 99
4773 1614
4774 674
4775 3544
4776 2098
4777 4981
4778 3193
4779 799
4780 5494
4781 1341
4782 1087
4783 4532
4784 4087
4785 3219
4786 739
4787 258
4788 510
4789 1868
4790 4780
4791 1649
4792 1604
4793 106
4794 3142
4795 2803
4796 4010
4797 1208
4798 3561
4799 5006
4800 861
4801 5842
4802 2765
4803 144
4804 2545
4805 4041
4806 3404
4807 2415
4808 4351
4809 2962
4810 3869
4811 5151
4812 5291
4813 2621
4814 1203
4815 438
4816 2829
4817 3544
4818 5682
4819 349
4820 926
4821 4072
4822 1010
4823 2922
4824 4904
4825 3552
4826 2775
4827 1931
4828 1267
4829 4978
4830 5248
4831 4970
4832 5456
4833 2827
4834 3325
4835 2011
4836 3071
4837 4778
4838 3544
4839 4338
4840 4610
4841 4941
4842 2742
4843 4232
4844 3208
4845 716
4846 5065
4847 460
4848 2362
4849 4317
4850 2444
4851 2099
4852 4835
4853 1178
4854 2140
4855 4123
4856 862
4857 346
4858 473
4859 4364
4860 4559
4861 5718
4862 537
4863 515
4864 3226
4865 2617
4866 3475
4867 844
4868 5277
4869 386
4870 5877
4871 5328
4872 2777
4873 3208
4874 2474
4875 887
4876 4720
4877 4980
4878 4569
4879 2432
4880 4287
4881 2899
4882 2081
4883 1088
4884 5112
4885 1558
4886 661
4887 1473
4888 4827
4889 4688
4890 3798
4891 418
4892 1761
4893 5469
4894 1902
4895 2543
4896 3415
4897 2637
4898 5139
4899 313
4900 1855
4901 1559
4902 4546
4903 425
4904 178
4905 2300
4906 3479
4907 2447
4908 2313
4909 4133
4910 3001
4911 3004
4912 3
4913 1330
4914 4320
4915 1422
4916 4598
4917 2583
4918 1410
4919 3191
4920 1713
4921 179
4922 5207
4923 4895
4924 1385
4925 3111
4926 3807
4927 3196
4928 1817
4929 5437
4930 1282
4931 1203
4932 3327
4933 4776
4934 1538
4935 537
4936 4895
4937 5884
4938 4070
4939 3624
4940 483
4941 1781
4942 4944
4943 4908
4944 2376
4945 2024
4946 4407
4947 805
4948 5136
4949 2226
4950 1097
4951 5664
4952 3659
4953 1551
4954 4568
4955 1936
4956 4667
4957 3695
4958 4775
4959 2930
4960 4393
4961 5937
4962 1921
4963 4944
4964 4632
4965 406
4966 1934
4967 5237
4968 3229
4969 3815
4970 4071
4971 4197
4972 1980
4973 791
4974 693
4975 4958
4976 653
4977 996
4978 1400
4979 1665
4980 17
4981 3187
4982 5321
4983 4799
4984 3080
4985 5404
4986 2033
4987 3691
4988 5005
4989 3737
4990 5380
4991 493
4992 3372
4993 389
4994 3329
4995 4902
4996 5189
4997 3479
4998 5484
4999 1135
5000 3237
5001 3480
5002 4815
5003 2401
5004 801
5005 4012
5006 3361
5007 1897
5008 712
5009 1180
5010 243
5011 483
5012 5327
5013 2074
5014 3197
5015 4142
5016 2350
5017 4229
5018 3553
5019 3280
5020 1985
5021 3637
5022 4125
5023 4992
5024 632
5025 3683
5026 4434
5027 922
5028 4841
5029 3704
5030 2338
5031 1059
5032 3932
5033 3271
5034 567
5035 1405
5036 4670
5037 1128
5038 4288
5039 4358
5040 2876
5041 2739
5042 2192
5043 5307
5044 3616
5045 3066
5046 81
5047 100
5048 4616
5049 3158
5050 2473
5051 901
5052 1715
5053 407
5054 1658
5055 1137
5056 2611
5057 3883
5058 3506
5059 2170
5060 2919
5061 1281
5062 5376
5063 4961
5064 4721
5065 1711
5066 1413
5067 2144
5068 4448
5069 4193
5070 5849
5071 848
5072 5020
5073 4999
5074 2274
5075 5950
5076 2855
5077 3204
5078 2595
5079 2582
5080 1016
5081 5711
5082 478
5083 4356
5084 5274
5085 4107
5086 4255
5087 2302
5088 4643
5089 1764
5090 4930
5091 1595
5092 3823
5093 5901
5094 1087
5095 1982
5096 771
5097 1892
5098 950
5099 564
5100 4621
5101 4910
5102 3775
5103 4485
5104 1903
5105 5384
5106 4487
5107 4673
5108 4619
5109 2511
5110 2153
5111 4670
5112 1781
5113 3239
5114 3507
5115 4497
5116 246
5117 95
5118 1934
5119 3050
5120 1110
5121 631
5122 1897
5123 4958
5124 2563
5125 2776
5126 4437
5127 5358
5128 4369
5129 3213
5130 707
5131 4530
5132 457
5133 2402
5134 3516
5135 3726
5136 432
5137 2977
5138 2902
5139 593
5140 1138
5141 82
5142 3842
5143 4375
5144 5207
5145 4037
5146 146
5147 1581
5148 5730
5149 4463
5151 3632
5152 2402
5153 5286
5154 3067
5155 142
5156 3916
5157 1209
5158 1044
5159 2305
5160 288
5161 3394
5162 5845
5163 375
5164 2892
5165 1156
5166 3310
5167 149
5168 1409
5169 5346
5170 2248
5171 1413
5172 2365
5173 3247
5174 3638
5175 4914
5176 1532
5177 4040
5178 1686
5179 3184
5180 1742
5181 1112
5182 3971
5183 4806
5184 1518
5185 648
5186 5555
5187 2261
5188 1039
5189 3502
5190 5847
5191 4872
5192 5289
5193 1464
5194 592
5195 3817
5196 5282
5197 4225
5198 3157
5199 3451
5200 2512
5201 2542
5202 3888
5203 2662
5204 4596
5205 4828
5206 3581
5207 1833
5208 4984
5209 4312
5210 136
5211 5708
5212 2419
5213 2039
5214 224
5215 5004
5216 2694
5217 1272
5218 5198
5219 3163
5220 4398
5221 5950
5222 2812
5223 2207
5224 5836
5225 4060
5226 5582
5227 169
5228 4827
5229 948
5230 5647
5231 2204
5232 3407
5233 4164
5234 4804
5235 5960
5236 5258
5237 4170
5238 380
5239 4481
5240 3624
5241 4596
5242 155
5243 195
5244 816
5245 1755
5246 5154
5247 3772
5248 2
5249 2369
5250 96
5251 4906
5252 3641
5253 5401
5254 23
5255 250
5256 2487
5257 4386
5258 4753
5259 4566
5260 1611
5261 2468
5262 2070
5263 5460
5264 1045
5265 4047
5266 386
5267 2089
5268 3344
5269 2281
5270 1773
5271 4316
5272 4525
5273 986
5274 2846
5275 5279
5276 5308
5277 4625
5278 1934
5279 3902
5280 1361
5281 1624
5282 205
5283 964
5284 4721
5285 108
5286 2338
5287 2993
5288 1716
5289 4600
5290 1386
5291 4028
5292 4422
5293 4254
5294 4424
5295 4135
5296 3139
5297 3208
5298 31
5299 1157
5300 3309
5301 562
5302 4944
5303 3044
5304 1967
5305 179
5306 2623
5307 3210
5308 2572
5309 5842
5310 2916
5311 5853
5312 5429
5313 3944
5314 4859
5315 4691
5316 2804
5317 2864
5318 4787
5319 3820
5320 112
5321 2580
5322 5714
5323 2537
5324 5298
5325 2436
5326 4183
5327 2957
5328 2286
5329 336
5330 3231
5331 108
5332 4493
5333 4147
5334 4895
5335 1087
5336 2573
5337 3490
5338 4603
5339 1434
5340 1359
5341 757
5342 2432
5343 779
5344 2843
5345 4204
5346 3637
5347 4694
5348 4610
5349 4066
5350 4736
5351 4837
5352 915
5353 2459
5354 2349
5355 3722
5356 5381
5357 4322
5358 5329
5359 3405
5360 1554
5361 1226
5362 4300
5363 1367
5364 5250
5365 3169
5366 336
5367 56
5368 4511
5369 1033
5370 4140
5371 2758
5372 2289
5373 1137
5374 1839
5375 1286
5376 5587
5377 628
5378 2049
5379 340
5380 2102
5381 5255
5382 3198
5383 2706
5384 4532
5385 5775
5386 3429
5387 2363
5388 175
5389 5752
5390 739
5391 2017
5392 4437
5393 2254
5394 2323
5395 1213
5396 5192
5397 5127
5398 2482
5399 1589
5400 3612
5401 5174
5402 3861
5403 29
5404 160
5405 5623
5406 438
5407 4712
5408 3568
5409 2346
5410 2273
5411 1923
5412 5193
5413 5848
5414 5686
5415 2870
5416 1637
5417 4345
5418 2042
5419 5700
5420 5898
5421 238
5422 3642
5423 1047
5424 3136
5425 1127
5426 1319
5427 1277
5428 1169
5429 3573
5430 1595
5431 5537
5432 1752
5433 586
5434 1384
5435 4193
5436 695
5437 2128
5438 1732
5439 2205
5440 5105
5441 592
5442 4057
5443 3912
5444 2256
5445 751
5446 5879
5447 5000
5448 5844
5449 809
5450 3161
5451 131
5452 3785
5453 1252
5454 5691
5455 157
5456 1495
5457 3984
5458 1583
5459 3193
5460 3848
5461 5629
5462 4175
5463 1443
5464 910
5465 5024
5466 5899
5467 2209
5468 2957
5469 3166
5470 918
5471 3569
5472 1238
5473 1023
5474 3306
5475 4701
5476 1986
5477 4789
5478 3722
5479 5348
5480 3646
5481 5605
5482 4277
5483 134
5484 1504
5485 4471
5486 4892
5487 879
5488 3828
5489 5466
5490 5188
5491 1326
5492 583
5493 504
5494 4287
5495 1948
5496 1969
5497 4506
5498 1283
5499 28
5500 2472
5501 1796
5502 5515
5503 5329
5504 1681
5505 2758
5506 5575
5507 2865
5508 2606
5509 4638
5510 749
5511 5843
5512 3312
5513 5050
5514 5961
5515 709
5516 4911
5517 2705
5518 3513
5519 1539
5520 3074
5521 1347
5522 4895
5523 5344
5524 7
5525 5858
5526 3323
5527 2042
5528 5369
5529 4982
5530 3292
5531 1373
5532 634
5533 3905
5534 4899
5535 4892
5536 2424
5537 4754
5538 5697
5539 5701
5540 3253
5541 3980
5542 4734
5543 3176
5544 2891
5545 2300
5546 4053
5547 907
5548 5263
5549 2711
5550 3300
5551 4816
5552 5711
5553 3399
5554 2130
5555 5315
5556 5781
5557 4567
5558 1964
5559 3714
5560 4309
5561 871
5562 1868
5563 1558
5564 1097
5565 5366
5566 4260
5567 4712
5568 695
5569 2802
5570 4779
5571 4513
5572 3499
5573 5009
5574 3411
5575 627
5576 5506
5577 5085
5578 3346
5579 1180
5580 4438
5581 2713
5582 4515
5583 4631
5584 1912
5585 2826
5586 3660
5587 4066
5588 5803
5589 1220
5590 3912
5591 5917
5592 1515
5593 2100
5594 5026
5595 4976
5596 3830
5597 2868
5598 5051
5599 2232
5600 3956
5601 1505
5602 5596
5603 2151
5604 4496
5605 4576
5606 2261
5607 1200
5608 2836
5609 5348
5610 5830
5611 1230
5612 1168
5613 4111
5614 3327
5615 888
5616 1593
5617 4031
5618 3063
5619 5561
5620 4442
5621 993
5622 3961
5623 772
5624 4288
5625 4498
5626 3677
5627 2110
5628 2717
5629 5025
5630 4099
5631 4515
5632 2559
5633 4433
5634 4284
5635 5935
5636 557
5637 447
5638 207
5639 2550
5640 2603
5641 1042
5642 2230
5643 3061
5644 2317
5645 381
5646 1659
5647 5895
5648 1287
5649 5200
5650 938
5651 1855
5652 4178
5653 4559
5654 1920
5655 5696
5656 1179
5657 5404
5658 1797
5659 152
5660 1371
5661 3089
5662 3385
5663 5659
5664 2458
5665 5566
5666 4049
5667 2306
5668 3802
5669 5963
5670 5508
5671 2175
5672 271
5673 3530
5674 2636
5675 5
5676 5134
5677 1704
5678 245
5679 4392
5680 1680
5681 736
5682 623
5683 118
5684 4119
5685 5859
5686 5047
5687 172
5688 3111
5689 2950
5690 3
5691 361
5692 4648
5693 4796
5694 5059
5695 1343
5696 1545
5697 3789
5698 513
5699 2775
5700 2662
5701 1794
5702 5673
5703 5838
5704 2907
5705 998
5706 1690
5707 714
5708 1134
5709 209
5710 5189
5711 948
5712 3006
5713 3779
5714 4284
5715 1408
5716 4192
5717 4185
5718 5175
5719 4481
5720 2652
5721 5482
5722 3983
5723 2747
5724 3607
5725 732
5726 4141
5727 2138
5728 1227
5729 5469
5730 379
5731 3737
5732 1939
5733 5756
5734 1098
5735 5030
5736 1302
5737 3499
5738 922
5739 1208
5740 1187
5741 2338
5742 3962
5743 5144
5744 2253
5745 4023
5746 1914
5747 2728
5748 3571
5749 3630
5750 5896
5751 5764
5752 3870
5753 2227
5754 5436
5755 5122
5756 2126
5757 1026
5758 5418
5759 351
5760 4992
5761 2142
5762 1301
5763 4095
5764 3109
5765 686
5766 3155
5767 1948
5768 2684
5769 937
5770 1333
5771 1287
5772 463
5773 3240
5774 4504
5775 3550
5776 5089
5777 1342
5778 5189
5779 3234
5780 2940
5781 5856
5782 5411
5783 5420
5784 2045
5785 1168
5786 5066
5787 851
5788 2252
5789 2641
5790 753
5791 5481
5792 2426
5793 317
5794 2444
5795 329
5796 4876
5797 3756
5798 1690
5799 116
5800 1885
5801 5345
5802 3635
5803 5326
5804 3561
5805 5659
5806 3920
5807 2089
5808 3966
5809 3168
5810 1607
5811 1758
5812 1603
5813 5415
5814 1236
5815 895
5816 5779
5817 1948
5818 3435
5819 1946
5820 1965
5821 2539
5822 3216
5823 1621
5824 5086
5825 2602
5826 3543
5827 2423
5828 2262
5829 3728
5830 3647
5831 111
5832 2391
5833 120
5834 1585
5835 5134
5836 3165
5837 4553
5838 5860
5839 3460
5840 675
5841 209
5842 962
5843 3797
5844 3434
5845 468
5846 3458
5847 3126
5848 3025
5849 943
5850 3253
5851 2764
5852 2177
5853 3582
5854 4226
5855 2684
5856 4058
5857 2289
5858 3095
5859 490
5860 3285
5861 2016
5862 5838
5863 2758
5864 4373
5865 1383
5866 1131
5867 1725
5868 196
5869 4941
5870 4214
5871 4341
5872 3037
5873 3116
5874 3653
5875 2855
5876 3579
5877 3366
5878 4694
5879 2002
5880 4038
5881 3848
5882 2769
5883 3288
5884 3966
5885 723
5886 464
5887 3469
5888 5942
5889 1084
5890 45
5891 1863
5892 331
5893 4347
5894 4194
5895 3687
5896 1329
5897 812
5898 3280
5899 1309
5900 1909
5901 5648
5902 4281
5903 4133
5904 4551
5905 4638
5906 5685
5907 4441
5908 3913
5909 5061
5910 4997
5911 5694
5912 1202
5913 3027
5914 5636
5915 3970
5916 230
5917 2682
5918 5916
5919 4654
5920 5956
5921 4175
5922 5248
5923 2183
5924 2461
5925 3704
5926 3802
5927 1950
5928 813
5929 4239
5930 584
5931 2982
5932 613
5933 4985
5934 1140
5935 5437
5936 4181
5937 1743
5938 5532
5939 4149
5940 2035
5941 4452
5942 232
5943 1561
5944 1630
5945 54
5946 542
5947 4218
5948 2696
5949 434
5950 2760
5951 5092
5952 5331
5953 3320
5954 2256
5955 5462
5956 544
5957 4008
5958 4406
5959 2911
5960 1314
5961 4349
5962 19
5963 256
5964 841
5965 1390
5966 4292
