89
30 1125512928 -1813080212
9 176111 163410
8 7668 19544
13 9602416 29449064
31 2126803400 -1744514123
23 -1845175163 644359728
19 961196817 1668167590
29 291234625 -1854456251
31 503924360 1018632462
29 917661836 1392500472
10 287312 815565
30 -1310517062 276765116
16 1880914409 177853789
12 15408280 5588854
14 43683439 68693437
15 564762288 889413753
21 1156551307 237247511
1 4 4
21 538600789 -1589341262
10 734081 706720
23 1821674288 519783476
13 1853082 66869759
26 -32223257 -197546212
18 -2064485409 757636372
3 9 63
18 1414220495 237296048
7 6018 8963
7 6477 9131
22 -240649350 2038191897
8 41629 32835
1 3 3
18 1603839394 -1530999630
9 4510 77045
30 907169366 1399497230
22 -1939369346 818654015
5 651 613
23 -1515134016 -492113572
27 -821913119 -1465820391
27 694191706 1531441925
27 -1724546809 144468089
20 930030050 -1537614487
6 2102 1697
1 1 2
5 235 916
21 -912707527 1582504843
6 3812 1687
5 291 781
5 94 209
24 1916341932 864271112
13 49103245 4660000
12 10653122 479927
1 4 2
8 36954 29558
8 36198 35349
16 483976085 -111939017
31 -1568985760 -1254689685
11 4077634 3671224
2 3 13
12 415537 9999219
6 1196 2478
18 -419980245 1226269146
1 3 1
2 16 15
28 -1021608690 1395763192
20 1933509830 -1668515491
13 64062208 51235948
28 -806093038 -1633122637
17 339902052 -2042495375
26 -843469318 468184092
26 -205033811 -2091378984
6 1705 3123
12 11494913 3829975
26 -544244349 930368231
10 486927 90175
8 17434 61914
19 -2144332243 -797469956
27 1626580593 -878434817
2 5 14
26 727012208 -1344189837
13 21575073 7935046
15 1025121448 121728155
20 296425574 -2115978236
25 -1245071032 1837176192
25 1207725838 1403833135
7 6239 7272
27 -364100455 1699035702
1 4 1
31 -447610731 1333104837
18 623634852 -998883070
