29
19 -2067445798 1167734122
30 -1688477690 663095561
8 12537 61093
30 -1655628619 -714623956
5 846 398
13 15693171 62023895
18 658218416 -2012409731
22 -616415563 479650322
31 1850145354 934317721
31 -588826696 175463425
3 59 28
2 5 9
30 -247638009 11054274
29 1402421882 1278044633
14 118576262 198168039
27 912784708 -833297082
13 64399368 13446367
23 2058195600 1351275219
22 -2051002118 643090639
23 -469387070 -107912489
22 1044931331 914564778
11 2962335 2428687
12 13854244 1256364
14 41376392 243335478
29 1964886800 374451991
8 35321 30434
15 941084872 541400877
16 -1665885118 -470573406
19 -125012101 946918766
