82
3 51 5
5 248 130
12 15093021 2778895
22 109579238 1339954094
12 739131 14728098
31 917634489 -1527290053
24 1012050626 -1384021835
2 10 9
25 1997384160 1277378700
25 -1136819040 -107193339
3 36 61
11 618605 1149235
8 17112 14765
24 -927662388 -137916002
23 1948655200 -1421990757
1 4 4
14 43193715 22021691
3 21 16
24 -689711653 1045136982
30 -1382865248 668460692
22 1327181606 -1131820412
8 65334 42702
7 1581 8031
3 26 62
4 87 87
2 16 9
27 -1754517679 1619901087
14 174113095 31810497
4 40 254
27 -848785614 1447097534
16 -428760283 243991045
26 -1722276251 1119855294
9 22759 105362
2 3 11
10 934082 929670
8 38855 26891
24 1848772697 1491127235
6 3585 1212
13 30661751 53892969
15 7969362 990852016
15 435053875 401936977
18 -77481079 982498646
31 -1093813303 2126655479
5 747 933
19 -1186415470 -164617701
1 3 1
14 195555352 251625016
23 -824824405 346654424
31 770442115 2072422935
28 -383988583 -1688953970
1 3 3
17 1303913068 1254863116
18 1410536767 1550464406
17 1109275108 -1506765563
28 2050400262 -1972579326
6 3091 1896
29 1389137990 744867546
3 36 27
31 119777495 40956177
28 1485241592 25069529
7 2321 13655
1 1 2
1 4 1
4 196 216
17 -732231569 1064393072
6 4036 888
6 1509 1421
14 22446686 208982600
8 58614 25463
25 1314651899 -602152809
6 2341 113
21 35023206 -1913518874
6 319 1867
3 44 40
25 -835012332 -298127749
18 -1896273486 -1647913280
10 470647 908155
12 9195223 10629494
13 27723128 12007269
22 -1411903542 233112763
1 1 2
9 151150 145375
