26
23 -572937642 -1182416555
18 617149972 -61688863
7 4815 13156
26 -1592461620 1550991110
5 168 396
18 -530306890 1020765594
8 20067 54981
31 -744955488 548151422
22 1041016009 153733753
29 578947970 -2023438035
29 -113425036 -1295467559
13 1045040 34788201
9 56856 215072
24 1861595385 1454377229
18 31948495 68656823
6 380 3978
23 1523370914 -1039474726
15 911164379 1014741161
13 35814659 33859438
4 87 133
29 1198241675 -911253217
12 3024941 6557380
18 -1380346128 -1794170434
20 230075056 1967827221
13 5933130 41157082
5 936 239
