75
4 169 174
11 3651677 3140042
18 -626855785 -477073109
30 -1095675019 201340420
6 1466 504
8 19163 23204
17 894945650 1229388030
5 847 170
14 128717784 218190752
10 692865 494517
10 641147 972508
14 42852334 63710276
19 686571610 -1227128929
8 36599 56622
24 -1419160797 1954284649
30 567207491 1590406239
4 170 34
6 2135 3797
5 940 572
19 1641705843 -1939071013
28 -1996201275 -714469366
30 1311780527 1485343620
28 1847164079 -19221665
11 3779159 1816683
24 1043065533 90045034
1 4 1
26 -1793860457 105809106
13 32200443 19542551
9 220216 43534
11 1177419 1007046
16 -1961672410 -487418617
9 139809 204476
11 1736432 2903280
6 3311 2032
1 1 1
3 62 8
10 775475 745410
13 29926736 28699985
25 -128708394 -1782984761
27 -903539846 -641897856
19 1009928034 -1884355222
9 225472 199848
15 954708892 891957756
14 122087986 211380732
16 -1655529611 1933946495
7 5254 9414
7 334 4422
1 3 4
18 1631769715 -1307832113
14 190868062 84791313
4 210 222
27 647206414 457809027
9 75260 159451
11 2682869 4157443
21 -177898146 -1776714131
20 -784002448 -1157050015
15 853953 563097431
15 515757679 555452586
5 511 914
8 29258 57195
24 1398267144 1893975212
14 17834466 125414440
9 13589 238433
19 -847571972 1874412827
16 -1469873109 899474552
17 1131845850 1594275378
18 1686688723 -393982241
3 28 3
23 2125771288 -957411574
20 1392591830 2025789330
5 449 905
29 1880184562 -1791873146
9 204240 157417
6 3272 423
5 59 717
