59
26 -1435043365 564976487
6 2124 3946
29 -810024478 -369787172
31 -1042306711 -872684386
3 43 39
23 -2105773230 -2082389601
18 -1797296834 1472096894
13 57850864 22858284
13 5792106 41771381
22 -636829132 2108310711
7 7253 3976
21 1310223725 381630979
3 42 7
21 -185805098 -279590914
16 -369672270 -50301165
3 14 27
15 314325552 270016859
3 23 52
6 3202 1561
31 537546317 -187605537
17 1517649525 1617637128
23 -1924374041 -554661041
8 31592 54311
24 578831091 1740611629
13 10322214 54684659
22 48342606 2090267511
22 1700169725 -753764639
29 -1972610781 1082382425
13 5427235 59036186
9 103269 19210
20 -1926889398 974282107
30 814317967 1847969512
2 1 11
5 410 471
6 1102 3135
16 1695010623 1636796631
30 -104998134 62599212
1 2 1
14 17323389 26609675
28 -1009857777 67426068
9 100794 226483
19 -1581082376 704851691
17 1683314237 989921746
12 4101935 12424705
31 505293123 -762654035
26 -1216918687 -1141756457
9 39273 217625
23 5104291 330413302
8 23432 41401
21 -1495803800 -2130125751
2 15 10
28 -1138578238 -1629200963
29 -935546845 -1433026484
7 1501 4119
11 3699124 1553186
2 10 6
23 696818656 458299181
23 1891464488 -235047222
28 1375767117 -369266091
