22
15 304655178 991244277
22 -1763867295 1071036551
11 2620809 1261858
13 14886517 34372174
11 3250017 2514380
26 -1679894818 -1651779344
23 618002001 1565229875
5 123 799
16 -1494644052 -716016920
17 1891466096 772324164
18 -472759599 1964779113
13 29745030 31811131
18 -1893731929 1268625412
21 -2090969406 2057792854
13 60599388 4195563
27 -1399239352 -2093677678
21 1362590559 1368157331
17 42244722 -1568965101
13 31259291 46698834
7 16172 16357
24 775865589 -428577224
24 -206498413 -603678474
