48
19 -1281608291 -19124431
9 107144 12050
12 12410345 4448658
27 670771988 1283474933
19 -2125214029 733787053
3 64 28
15 152684192 669204793
22 -1004676370 884461560
3 30 6
28 -418000589 1472250284
7 8772 12799
14 120028045 47361193
28 -1489785171 1054518501
16 -404121239 901167246
11 1481618 3426122
8 9429 36671
26 1558323942 168694605
14 189961602 166112836
21 -2122489545 -731464811
12 946942 9746788
15 352810499 797679887
26 758256176 1693190786
11 3388759 1657836
18 -1317889517 -1324221769
31 738053077 156410033
21 819793161 817750897
3 53 12
25 -1978502069 371661594
31 159374580 838735580
6 3927 1065
20 -1487931795 819579822
30 428886351 1576173580
13 14403393 20541428
10 748610 945353
30 737576029 -247708875
25 -2058876080 1648168461
25 -1604383175 1513589017
9 132752 44187
15 929901721 997741479
26 -1117418230 846814891
10 4263 784572
14 162000370 97464706
30 -675546032 825446095
16 -882350808 -1592598446
29 -955118876 -1817572124
8 65261 37972
8 22249 59854
18 1377627879 673147428
