53
7 5678 4849
8 13391 58690
17 1603440718 1558729296
25 -2029850221 672777088
16 -729004670 638881966
4 186 136
21 -1252869280 -1170936013
12 7044879 16053668
2 5 15
4 103 141
28 -159896400 -593124566
6 1955 3652
17 771489249 -1266672582
21 172880745 -2103109066
21 -636219982 1060569061
18 -1642136545 -1794823024
19 -276538443 1476416072
14 226190376 48486112
24 -528983153 1682011112
1 3 1
9 154773 47272
27 -49909279 -1015508775
16 -493543771 383782410
31 180032998 119887591
19 -1141928790 -148653792
16 1356740067 1695015153
29 -428863240 -564930502
25 2135702386 -1355016005
4 54 46
14 88318646 225668768
22 919033522 1231353581
19 -886274841 -443880851
28 -1992599484 -1287402447
2 12 2
28 -1996520437 -873975905
28 106140425 -1501625491
4 100 27
14 201743957 123705251
25 -1577841621 -288142229
11 1198784 745471
29 1986823734 731127055
15 890227924 475931742
9 66575 48992
5 41 186
5 497 1000
19 -1006292610 827605671
18 -380582395 -1176849919
14 175395349 150016523
15 181815518 281807537
13 24878159 26823970
26 -1635359438 552035524
26 1544509833 1446717362
4 219 43
