976 1000
983 497
61 98
570 630
347 756
1000 253
354 869
249 385
877 180
268 799
652 584
538 443
771 727
248 291
184 937
425 114
664 907
922 247
642 237
316 859
90 236
886 543
112 369
489 787
327 391
458 24
46 177
211 935
50 530
193 432
434 499
272 701
418 384
987 147
817 67
60 672
738 432
18 95
895 175
174 629
905 982
317 345
873 124
625 107
75 535
80 132
902 279
867 974
69 185
496 816
224 836
49 971
284 351
603 575
479 785
680 871
301 104
853 184
382 907
229 231
429 880
84 392
986 351
172 255
633 444
203 515
337 497
371 390
647 754
282 582
416 943
432 711
906 381
891 183
435 141
925 617
480 412
277 571
480 578
818 439
431 59
636 438
292 817
443 544
771 615
421 997
819 447
780 575
128 6
950 478
338 315
36 947
701 275
499 109
872 400
694 559
966 445
649 512
591 692
424 521
432 184
102 755
687 59
678 646
872 81
214 947
883 267
23 412
507 358
783 590
216 273
190 310
470 250
836 905
556 610
410 738
966 212
108 712
684 66
910 629
568 616
796 680
756 415
704 180
530 243
855 39
754 198
764 580
295 915
580 681
898 755
649 482
926 916
376 588
538 204
650 98
842 90
38 340
831 886
357 171
114 564
157 871
557 622
295 233
306 519
434 585
113 664
693 817
743 22
536 287
346 794
292 791
30 872
838 375
682 161
753 418
20 929
897 486
801 985
728 557
974 558
780 912
2 392
791 823
969 620
550 762
122 539
187 307
82 73
763 282
208 966
833 568
966 648
857 52
438 959
558 313
747 664
68 942
4 163
70 636
860 677
313 116
445 535
143 127
824 4
750 732
230 615
574 757
835 267
263 858
581 425
136 260
513 470
153 83
999 650
146 577
865 874
378 917
848 198
257 641
735 372
998 757
966 563
329 441
808 641
26 342
45 398
905 622
577 214
659 760
971 435
516 229
615 385
615 630
245 521
808 491
519 398
379 893
711 346
449 957
910 90
930 171
390 646
46 936
810 491
467 684
641 568
410 217
174 172
690 77
274 238
44 444
769 68
661 452
657 349
935 808
574 455
576 974
1 689
689 937
692 442
528 879
503 225
974 107
527 658
426 60
449 983
477 909
595 757
340 155
116 867
745 130
663 582
666 304
708 688
81 817
327 140
922 457
239 84
744 501
208 324
232 514
258 172
652 116
687 673
497 145
569 308
201 740
506 817
906 690
81 642
822 944
620 738
905 747
241 691
326 502
787 232
714 520
875 875
335 955
229 760
571 454
879 816
526 332
973 680
120 923
288 783
64 134
634 227
294 332
691 197
250 518
567 16
66 429
374 910
960 921
107 307
402 403
758 16
105 236
170 985
386 980
607 80
736 540
369 880
928 324
871 266
811 398
917 155
319 937
554 124
367 255
803 73
38 263
830 211
488 859
544 854
538 995
984 587
293 825
497 103
935 755
676 370
809 77
836 602
578 644
968 557
266 139
300 810
832 250
776 777
653 522
335 710
231 682
290 538
623 789
123 330
867 346
546 774
533 891
27 955
241 62
558 602
779 751
830 839
879 852
931 754
207 312
752 921
977 80
829 596
214 393
798 1000
61 352
746 213
173 8
789 392
774 688
510 530
457 578
386 62
67 494
479 583
239 420
938 48
105 526
105 530
947 436
378 809
339 541
587 87
483 757
767 720
280 801
103 869
156 21
854 233
701 886
284 255
547 89
221 154
501 818
791 802
461 206
127 662
583 409
189 765
863 8
307 340
312 177
994 787
157 646
132 767
91 334
259 530
925 836
225 999
439 902
198 774
740 447
6 518
297 973
792 230
831 291
208 722
924 601
549 84
155 815
460 105
751 302
347 1000
764 567
567 871
599 449
822 293
617 255
726 657
447 248
580 946
597 678
70 4
710 191
362 545
702 543
412 918
345 12
124 74
105 473
229 746
779 35
272 720
810 663
599 55
443 570
186 545
448 231
277 137
389 725
936 665
310 455
478 958
711 226
622 695
570 578
470 305
101 309
635 942
169 582
49 961
548 252
33 715
696 864
406 658
522 586
367 965
300 941
721 705
867 695
714 919
521 962
199 795
612 702
167 686
765 492
277 366
755 164
153 201
909 280
448 397
676 511
848 187
774 555
101 855
292 507
879 794
157 522
817 296
864 118
740 275
999 306
434 22
646 92
75 378
96 751
59 180
498 147
234 413
374 752
211 489
882 599
725 121
999 593
605 281
738 461
74 794
21 678
680 169
871 115
510 430
400 478
152 510
119 614
77 458
876 949
993 510
269 529
877 818
957 23
378 493
321 428
346 877
297 866
647 280
317 682
690 14
245 780
213 300
352 872
337 490
342 752
489 974
334 44
605 352
697 668
665 340
781 778
203 123
787 550
880 521
832 367
87 408
848 273
292 908
7 625
183 118
966 715
971 841
972 901
847 632
498 417
648 478
750 327
661 452
561 568
642 510
73 868
606 462
320 773
700 728
498 698
638 61
227 429
781 112
567 493
850 980
592 421
801 923
572 507
713 96
5 802
501 799
959 40
749 312
181 137
470 775
356 210
454 519
333 167
497 290
400 821
7 298
988 560
939 60
800 247
301 128
214 299
929 34
578 36
494 268
47 180
632 402
626 841
663 572
917 375
222 567
661 556
468 780
741 459
30 336
57 465
467 459
932 171
343 65
266 534
993 700
998 318
828 79
526 376
346 284
474 783
772 768
232 674
203 922
123 476
795 831
903 916
922 729
519 459
630 411
232 752
428 215
675 607
58 912
966 773
926 920
900 686
884 147
625 976
11 386
382 173
785 370
531 917
139 10
792 545
550 616
899 993
273 749
45 551
968 100
861 610
267 423
139 148
516 482
534 333
261 374
727 469
384 848
276 349
685 767
982 7
943 177
835 682
943 998
140 159
240 28
40 486
833 874
728 930
870 485
513 601
455 221
701 733
688 33
418 61
112 311
729 557
330 981
112 977
878 491
617 126
649 198
465 354
337 15
633 727
498 986
673 796
971 624
96 404
346 861
757 660
228 522
561 513
886 708
227 480
831 251
730 469
595 948
815 853
625 584
392 539
38 771
126 462
249 509
360 737
948 580
205 915
969 536
759 893
323 774
890 766
713 702
1 874
286 397
626 615
819 476
909 310
172 583
16 112
815 782
494 671
256 143
155 688
8 914
274 544
977 508
759 36
540 845
606 591
563 18
666 336
327 171
374 593
483 382
32 585
871 746
177 115
446 885
654 101
72 311
754 890
721 957
754 64
888 511
55 963
785 449
216 376
315 942
197 251
651 592
869 546
48 722
1 391
668 822
134 153
377 839
303 948
570 977
169 708
661 236
622 46
768 180
547 664
713 396
417 500
685 390
279 977
418 908
206 234
444 923
580 421
772 835
474 228
228 496
478 40
76 252
610 265
537 770
707 975
192 669
898 724
679 863
431 872
741 738
521 500
405 411
271 279
727 657
234 652
847 435
592 258
668 375
715 427
978 220
240 613
169 225
33 476
563 579
971 758
218 699
25 37
264 238
287 953
700 611
759 348
972 696
600 524
982 966
530 444
125 976
491 307
282 832
317 587
953 323
453 483
464 344
934 326
83 652
260 626
259 96
522 834
346 969
476 76
992 896
941 308
457 464
3 215
653 195
742 761
975 357
732 896
231 967
112 78
288 157
79 346
146 625
137 272
897 54
510 829
948 917
350 156
23 299
680 867
777 41
940 326
535 611
841 395
327 738
880 61
414 266
670 314
219 612
526 397
825 29
509 948
449 982
765 674
621 626
874 478
263 186
976 443
8 700
267 886
385 760
557 251
741 242
835 265
653 507
960 801
387 224
593 179
319 785
864 24
853 427
890 505
269 927
968 71
466 193
242 617
340 825
751 273
598 45
814 887
400 901
312 980
350 318
883 617
367 248
865 822
231 656
559 851
653 103
646 610
406 400
286 410
232 750
558 126
400 724
877 620
756 235
972 791
954 880
306 846
479 979
847 306
425 560
601 428
142 26
2 532
378 315
63 795
965 870
243 170
771 510
570 753
474 764
86 329
903 484
950 834
153 456
754 134
597 972
568 748
464 488
914 398
672 706
838 643
836 777
5 798
351 827
228 709
185 215
454 570
262 876
415 878
117 377
554 513
314 818
829 235
860 346
608 663
840 35
402 714
116 167
412 192
85 867
683 536
49 991
450 75
702 167
6 153
345 581
400 491
384 692
199 594
529 462
459 951
376 408
379 833
93 465
160 810
251 774
32 642
835 953
412 571
863 557
66 547
295 644
563 469
887 273
446 192
231 870
843 742
290 56
513 47
359 686
634 995
403 405
689 620
933 751
659 826
721 735
803 396
878 342
107 182
648 850
370 109
622 466
409 277
189 51
213 484
19 774
288 972
645 615
96 404
153 376
807 480
325 76
