883 1000
434 951
318 430
391 993
823 503
963 346
972 406
854 661
31 989
851 228
263 412
499 178
819 436
672 571
795 549
554 967
215 289
925 19
141 583
969 119
15 281
993 200
835 518
781 616
865 920
504 545
881 783
490 214
82 285
943 307
164 976
933 47
95 812
978 593
714 422
797 536
565 466
936 26
359 181
581 182
144 179
589 994
232 794
322 333
719 246
646 62
19 147
770 291
397 862
617 643
611 925
274 973
64 498
873 407
640 908
302 296
789 581
980 717
388 613
531 544
864 325
952 660
550 590
184 235
56 664
352 520
443 19
112 373
448 793
443 878
822 953
960 700
926 54
884 220
614 830
982 349
447 396
834 766
215 111
743 645
856 377
353 713
343 592
967 537
374 264
862 562
18 774
268 293
557 607
645 334
173 375
210 222
923 635
637 762
430 88
423 179
574 721
387 780
673 356
920 727
569 405
386 472
979 179
649 120
841 670
800 699
457 639
751 723
933 408
138 539
65 31
785 124
360 816
694 915
672 840
545 257
121 419
879 154
377 518
599 863
635 717
348 364
707 39
526 706
396 597
600 614
562 239
755 688
736 894
938 749
228 299
149 70
118 959
822 127
677 905
486 152
785 659
577 263
114 261
286 837
680 737
352 4
656 413
247 344
742 972
728 107
589 885
697 286
104 403
998 935
597 699
535 53
725 305
807 526
686 803
151 35
785 548
600 518
548 651
917 410
224 977
351 787
620 535
166 266
376 861
199 82
235 428
281 110
958 126
95 689
623 104
849 772
655 871
986 331
828 344
731 296
496 54
719 895
224 7
757 376
549 312
250 769
998 445
620 449
461 737
144 798
702 532
436 296
179 528
13 236
138 380
259 505
85 897
136 918
161 663
589 627
800 113
438 867
23 404
664 944
224 37
10 647
89 256
921 864
892 905
666 759
645 887
996 702
647 372
747 449
543 23
759 656
271 306
331 888
301 579
126 498
313 911
277 747
2 971
15 811
218 986
599 214
717 58
902 30
158 334
615 38
659 661
873 24
612 337
681 121
623 730
253 104
359 161
978 194
897 573
614 793
613 961
494 112
371 172
882 289
763 31
612 855
364 91
397 396
582 913
200 284
784 439
357 656
995 850
823 805
732 390
151 826
950 576
174 485
46 157
375 223
693 696
83 99
938 968
778 723
141 319
649 651
661 500
78 652
331 930
294 299
117 751
456 791
36 694
464 558
78 533
477 96
460 864
458 323
293 780
889 517
554 956
523 877
544 80
273 907
97 97
231 548
323 423
587 375
519 507
922 794
147 189
796 405
953 487
571 853
246 591
616 51
500 553
790 523
408 339
885 110
748 152
8 664
526 902
15 594
575 264
70 537
174 364
4 653
155 5
629 331
204 434
761 484
707 581
363 644
69 638
866 995
164 398
251 783
919 988
829 872
61 547
835 499
630 970
734 520
810 427
689 316
143 172
483 64
31 633
984 128
7 536
473 476
402 947
743 154
700 754
436 138
360 654
442 273
491 863
721 431
494 495
462 81
943 117
734 647
656 435
967 735
63 449
1000 576
525 879
828 32
71 151
780 639
960 920
769 938
85 252
742 496
191 787
828 40
53 582
283 762
583 45
32 833
940 465
65 864
261 987
243 849
856 435
589 271
350 418
810 446
717 592
859 685
462 207
315 515
64 629
65 975
931 150
9 135
430 880
507 954
498 118
275 318
653 310
199 899
888 67
604 549
521 515
650 430
434 521
651 617
552 892
328 40
237 743
388 472
782 359
847 160
477 16
892 174
488 145
563 81
112 387
960 383
979 29
698 897
571 307
621 627
429 531
456 397
11 606
280 172
146 901
211 97
197 562
542 553
664 194
784 763
981 42
940 13
923 175
795 976
346 124
232 63
664 464
538 516
111 957
357 99
508 275
841 325
226 226
690 631
397 843
774 248
688 328
2 950
575 296
910 282
301 660
996 535
608 333
541 223
920 851
124 758
892 47
96 381
828 682
671 792
456 932
518 529
207 598
369 491
713 328
1 23
686 716
41 386
365 553
361 181
974 545
403 124
960 723
777 856
76 633
93 917
367 251
974 652
340 379
10 434
584 959
847 344
605 683
248 721
295 236
22 206
314 757
996 53
314 430
482 710
41 488
20 477
332 450
312 939
599 55
747 117
453 886
733 595
472 345
656 690
743 166
973 571
939 289
975 362
289 488
429 591
731 238
12 496
479 120
372 525
902 851
702 187
750 220
428 898
889 302
657 815
516 352
941 635
225 124
18 841
117 130
674 84
482 58
22 567
750 30
104 483
939 126
250 420
613 9
445 428
127 131
204 823
350 849
798 806
100 783
79 244
382 74
167 284
15 783
521 593
443 218
622 515
573 120
912 481
9 589
511 410
362 30
519 771
749 313
240 516
444 928
85 131
453 234
998 503
753 386
822 550
637 46
877 567
484 441
526 249
226 537
866 315
323 634
212 641
546 793
508 918
26 25
636 948
721 466
966 701
184 749
667 766
276 705
253 935
936 201
78 540
913 692
447 351
888 332
338 891
292 975
409 258
69 769
141 433
482 368
615 415
692 39
514 209
897 979
630 937
602 73
159 802
677 830
917 294
963 821
986 80
899 589
543 178
758 377
542 281
641 294
817 468
62 416
762 984
459 725
881 495
449 120
922 740
110 304
532 384
988 678
563 857
247 891
390 454
963 95
521 236
36 267
13 36
789 720
971 42
322 566
173 288
205 230
829 609
300 600
812 894
529 550
141 748
169 335
311 636
638 573
134 626
813 39
594 7
113 392
854 655
486 214
490 276
78 236
570 393
776 16
638 343
436 862
520 971
656 427
448 366
694 314
539 804
547 419
120 414
994 495
242 984
103 749
833 451
141 401
160 580
633 447
496 139
732 804
996 117
172 718
411 763
515 103
434 689
943 830
439 192
881 325
247 756
710 44
760 982
281 589
936 851
903 942
740 747
657 778
50 987
949 88
224 27
38 290
930 657
744 744
648 125
29 659
733 563
354 954
321 780
370 176
1000 828
578 67
626 661
507 687
401 795
236 873
901 751
550 973
539 605
918 185
394 525
574 487
69 925
563 31
908 669
752 890
202 825
835 128
432 843
3 91
865 527
152 802
628 382
483 975
910 155
289 73
445 729
12 683
557 722
570 995
263 177
52 292
469 426
528 548
264 325
712 15
626 430
561 906
180 216
925 321
113 309
393 345
161 831
488 838
472 403
126 711
612 993
901 333
410 181
547 264
377 321
858 130
525 449
880 561
254 333
61 473
830 970
159 704
543 826
536 169
411 967
807 266
354 108
475 77
903 140
980 634
155 873
170 92
601 270
755 960
920 461
553 577
933 251
386 326
702 71
831 338
255 30
765 628
113 938
167 637
102 494
385 220
183 284
967 5
870 471
660 557
964 569
723 952
60 702
546 436
158 927
186 91
533 273
640 693
673 531
591 371
166 108
444 117
764 250
337 894
877 659
26 586
641 56
691 551
293 605
24 425
919 659
811 612
908 623
641 734
579 432
317 985
200 556
564 374
674 339
600 509
884 275
22 535
144 267
679 660
207 224
18 221
898 466
696 963
645 552
479 837
462 808
88 639
130 576
58 413
305 56
932 260
773 829
134 850
159 528
833 345
482 373
826 64
310 421
916 946
926 956
619 332
714 899
617 331
654 647
548 980
529 72
926 667
399 275
764 509
880 321
88 933
127 902
375 363
771 378
564 576
713 563
707 891
440 306
87 775
203 929
372 386
691 963
845 64
275 956
743 495
962 61
460 1000
732 418
194 220
954 603
9 645
205 662
65 992
175 915
257 970
722 15
913 640
846 354
481 677
384 457
464 80
357 620
358 19
827 929
586 373
809 447
860 729
34 868
964 541
287 224
426 940
761 8
891 453
874 52
563 833
365 496
781 560
858 375
397 389
188 619
991 310
690 455
852 173
369 5
364 49
272 792
495 54
570 100
723 400
904 793
985 404
957 379
384 16
304 573
