4
92 89
243 616 526 379 117 609 484 824 984 346 34 19 510 526 729 435 855 485 662 434 337 131 992 444 333 946 606 266 861 946 807 556 328 399 431 829 666 492 271 40 82 487 712 32 421 504 375 125 26 441 227 532 588 724 572 395 147 775 696 376 78 802 429 530 289 183 817 539 338 299 724 466 455 612 269 951 949 777 622 51 413 788 306 319 248 136 415 125 16 
134 962 97 630 225 193 573 667 757 806 813 747 262 255 606 495 509 958 155 276 237 65 992 249 855 886 424 768 544 24 313 609 210 345 847 989 96 400 432 350 957 222 952 60 744 921 12 144 561 920 741 60 387 2 125 633 815 72 984 120 121 373 992 711 409 475 549 917 23 227 732 710 68 411 968 469 194 877 894 135 258 562 277 4 703 30 240 486 412 
566 211 654 256 528 175 84 623 181 539 887 890 908 536 710 581 10 299 919 238 262 59 508 115 755 507 118 952 57 316 462 626 119 445 399 436 478 680 102 486 55 901 794 880 445 382 931 597 152 613 162 651 989 900 269 11 780 76 70 136 989 415 880 958 129 905 93 189 848 299 607 868 208 568 982 710 675 393 13 768 843 725 841 548 855 955 319 720 472 
620 301 115 197 708 378 448 433 795 624 77 81 511 416 906 145 620 743 335 230 704 773 95 465 913 919 770 216 187 102 33 465 736 323 370 98 444 371 833 622 736 925 198 271 75 152 311 423 138 410 498 770 934 42 726 92 457 738 640 24 579 48 206 396 219 470 372 700 363 814 885 584 582 103 230 418 340 210 24 252 730 6 115 838 788 707 131 330 358 
634 649 790 769 810 928 750 335 780 65 304 775 633 999 910 398 388 130 519 913 203 606 798 485 984 780 594 927 567 390 872 939 282 445 444 701 901 189 474 423 359 163 642 765 798 688 572 944 431 471 305 182 812 999 130 841 350 961 327 617 870 960 223 24 665 925 759 10 843 180 95 695 230 205 23 104 681 651 889 280 801 748 545 432 877 584 450 328 382 
275 864 151 100 47 564 441 301 496 241 193 382 16 582 766 218 652 932 861 489 421 528 869 45 576 226 744 195 69 622 411 836 427 916 118 619 654 876 941 864 169 238 563 943 262 417 791 733 909 559 36 357 8 951 22 573 156 702 238 211 836 196 830 909 15 311 587 731 107 612 597 109 773 938 996 166 486 581 546 728 320 334 823 9 634 326 944 630 726 
730 392 666 62 82 931 360 310 741 294 927 781 69 256 743 418 998 315 282 142 47 606 61 648 100 69 416 153 974 216 11 174 489 572 568 660 950 486 63 604 293 612 702 204 447 729 725 13 213 177 13 640 681 314 391 642 29 764 523 347 63 328 644 783 835 818 129 977 478 383 725 518 740 415 50 945 165 600 912 502 271 251 685 29 964 418 565 293 318 
98 593 181 180 938 833 90 292 405 734 869 625 877 529 989 407 594 58 722 731 195 445 905 965 334 858 952 123 287 96 648 225 258 478 809 871 312 111 414 808 754 383 283 611 339 4 206 7 219 441 891 136 935 796 587 65 48 487 292 1000 1 772 695 345 696 268 438 404 230 969 744 442 472 598 727 960 188 863 561 788 763 405 546 681 790 910 119 302 835 
119 771 995 719 262 400 642 383 942 748 573 662 420 5 372 147 277 404 108 575 207 630 635 735 781 287 479 583 353 800 401 392 673 268 331 939 213 257 451 318 878 580 453 134 478 995 938 638 279 902 856 36 411 62 129 0 487 438 191 542 817 480 138 372 972 53 457 362 643 133 960 789 335 3 353 375 679 436 139 97 369 621 985 722 483 422 768 939 636 
324 774 383 348 580 762 905 639 338 799 200 446 319 981 105 681 733 672 809 807 769 740 745 856 163 852 563 940 562 152 60 479 33 312 389 386 116 414 885 551 843 220 294 676 369 550 246 900 819 755 187 746 250 530 589 592 46 293 129 98 466 299 665 622 600 931 747 630 611 605 351 353 249 688 310 198 940 221 716 800 808 573 891 467 616 515 68 937 676 
493 587 838 260 167 580 943 755 313 204 749 460 433 125 663 315 976 245 871 57 596 115 795 746 892 219 698 604 936 498 293 138 508 746 619 900 103 25 931 269 860 879 147 373 656 817 748 424 484 589 44 535 221 761 36 900 666 149 942 541 419 870 911 587 54 197 355 141 210 350 954 855 321 649 749 503 514 786 502 509 720 748 358 447 397 750 824 492 825 
820 848 164 716 825 126 208 647 906 118 367 605 371 512 34 526 57 783 488 75 287 902 904 457 510 585 798 928 130 362 850 39 96 368 943 338 433 401 445 703 73 672 994 241 428 464 932 870 112 75 801 856 710 276 568 216 721 16 612 782 122 140 44 593 615 278 150 552 625 976 300 306 19 736 404 674 375 467 510 851 107 330 381 219 576 186 24 897 866 
297 700 614 26 236 921 134 639 900 46 559 331 514 806 572 633 168 401 503 887 717 280 820 383 701 500 630 941 179 28 970 181 947 36 992 827 875 963 902 200 786 9 394 48 726 177 923 27 700 427 676 184 805 886 734 719 223 991 79 528 583 155 822 358 878 124 770 706 852 683 176 780 530 606 132 23 998 117 11 429 855 970 622 948 179 787 610 239 266 
160 370 52 820 659 620 804 781 45 594 328 574 744 161 93 739 377 479 600 350 374 133 453 864 627 611 893 805 244 972 320 498 583 550 850 5 690 581 896 518 115 542 870 345 977 628 209 114 233 244 507 814 851 127 611 736 153 938 23 152 818 193 366 138 320 732 472 877 386 801 457 604 389 83 88 593 994 302 308 129 511 872 625 477 755 462 701 142 343 
34 962 354 676 295 521 119 548 866 860 622 431 960 680 786 509 999 665 940 222 987 342 915 542 425 698 627 376 586 343 148 41 261 276 870 667 579 580 930 446 938 798 397 236 902 60 456 778 186 182 774 98 736 368 648 743 220 180 502 447 956 942 157 75 725 574 627 641 653 311 653 14 944 407 919 382 502 993 808 38 273 913 345 585 167 132 745 649 639 
161 885 340 503 436 149 78 921 168 986 39 222 88 413 136 433 327 439 38 619 380 279 233 725 246 299 94 351 834 405 23 124 828 616 328 850 740 605 331 338 751 659 712 637 180 753 730 8 838 584 316 900 680 438 284 130 28 760 353 678 680 890 300 136 515 565 551 875 912 537 340 159 215 767 62 568 6 319 396 291 548 878 734 820 837 560 874 497 759 
451 298 3 788 275 653 172 707 787 530 248 886 374 812 930 275 944 515 227 163 494 931 809 154 755 941 50 647 130 687 125 372 364 452 657 849 632 393 794 288 95 719 583 482 904 284 704 725 455 133 706 985 983 478 459 296 904 310 413 592 99 398 81 236 919 787 32 92 497 538 603 852 749 195 888 188 989 466 135 766 626 279 997 834 634 987 188 972 139 
8 818 35 652 424 607 763 675 779 518 325 434 82 873 336 664 127 454 89 308 21 369 689 880 241 430 555 989 728 620 859 234 512 539 620 441 346 69 465 901 70 62 129 269 425 977 372 310 834 53 884 882 82 82 100 567 403 249 779 19 759 713 842 125 734 837 42 190 571 169 979 834 874 17 152 324 50 707 804 990 662 288 834 767 512 772 126 285 131 
854 190 245 843 788 626 604 998 802 979 429 712 303 357 0 660 391 603 877 108 437 414 137 106 246 203 276 707 274 386 67 292 171 775 896 502 266 63 267 471 390 194 56 922 260 130 880 908 615 686 300 367 530 873 936 95 529 91 718 30 967 20 783 775 617 138 115 867 761 780 79 194 366 927 54 854 728 393 986 930 782 709 224 955 779 351 682 461 455 
399 411 83 116 621 678 506 17 222 413 366 879 981 583 327 628 887 73 682 55 445 714 709 552 217 39 647 888 832 876 161 149 404 266 698 874 167 157 914 753 815 704 464 364 31 446 615 952 722 69 718 195 696 988 718 982 355 506 585 574 552 414 78 962 899 112 868 936 919 274 654 738 122 806 379 842 851 582 802 398 841 992 411 478 347 569 969 112 806 
867 912 935 768 937 115 969 431 110 201 116 672 724 9 397 56 29 260 911 27 8 489 390 304 332 622 504 911 377 586 76 96 881 505 128 899 917 216 583 289 543 423 826 277 18 378 814 370 921 455 434 313 683 139 263 367 384 208 21 505 845 550 685 333 965 562 150 817 139 942 388 902 929 854 825 942 782 441 18 654 310 24 310 411 880 156 21 493 607 
839 307 989 584 131 301 191 950 892 65 52 741 119 29 904 65 511 371 844 597 813 601 906 982 433 231 478 865 496 267 520 455 278 522 314 496 930 622 596 142 454 507 719 496 615 5 969 491 907 389 613 371 817 890 915 854 501 896 920 989 217 613 198 892 531 995 53 317 162 21 681 134 973 696 276 22 849 972 417 124 522 780 751 418 581 299 626 422 292 
269 324 105 762 125 692 810 635 431 137 548 790 96 335 351 231 606 647 705 43 672 26 328 985 478 25 78 282 175 106 107 710 158 423 538 856 628 561 264 947 544 273 838 755 848 546 496 197 377 16 902 840 697 419 985 597 700 45 377 921 700 217 647 778 73 930 771 394 270 524 760 430 475 849 679 784 434 232 892 66 578 872 652 64 130 826 237 44 505 
339 952 233 793 426 700 256 883 255 739 650 664 589 100 1 347 984 995 842 864 227 74 110 930 325 413 882 604 9 933 892 563 798 544 278 864 832 170 814 938 377 501 347 444 272 216 454 466 438 720 37 858 883 772 564 894 128 767 978 863 253 32 550 508 791 739 469 880 762 218 31 789 867 501 296 478 760 61 304 324 216 599 622 945 333 407 301 310 823 
331 505 809 382 31 183 438 108 499 398 278 672 804 867 972 92 653 884 829 794 946 903 313 243 323 163 924 499 523 43 20 95 811 670 30 412 180 672 658 227 487 442 647 699 864 555 62 124 468 733 14 207 417 888 408 316 283 817 503 698 435 514 648 615 4 816 108 21 43 678 172 74 625 821 896 150 674 917 246 179 344 147 606 73 417 41 291 619 998 
989 283 703 862 188 582 690 828 603 931 674 748 975 92 221 155 882 697 918 993 740 331 217 907 899 897 896 41 626 349 46 310 35 807 692 914 623 866 635 316 445 333 223 791 824 880 618 232 172 18 239 906 46 487 548 341 600 590 91 679 757 525 929 897 472 139 714 960 328 862 665 742 197 580 8 686 740 923 418 920 169 414 511 386 995 988 116 392 777 
827 588 623 444 97 380 366 873 384 682 482 804 667 819 467 655 309 609 193 993 195 811 0 366 759 1 144 332 813 67 946 717 309 603 266 19 423 35 348 152 967 951 218 412 896 267 564 844 897 176 97 401 14 87 470 623 936 451 579 918 30 679 189 198 123 501 279 990 517 230 562 630 809 965 753 414 734 921 97 669 945 220 399 959 323 515 987 287 900 
970 441 188 673 41 229 53 846 220 990 557 419 951 153 114 976 163 719 149 941 206 411 416 706 20 237 109 192 710 260 50 72 765 98 78 438 890 836 440 738 152 610 348 384 346 8 827 589 181 416 57 84 93 496 238 905 828 438 899 558 374 817 253 346 267 328 448 497 735 120 808 950 81 477 306 955 157 863 4 725 708 481 30 849 676 437 989 974 221 
298 931 933 407 581 253 964 81 267 12 13 389 117 972 791 553 882 225 400 180 563 176 990 594 853 820 53 39 596 630 831 888 271 656 713 486 575 417 331 585 965 897 141 500 91 525 630 702 822 7 817 848 784 159 722 280 249 768 102 380 556 506 354 135 408 406 782 637 437 127 13 376 238 354 712 948 884 620 138 995 384 225 51 758 780 779 910 141 206 
519 251 40 42 82 430 675 480 478 135 345 319 638 599 358 422 618 214 145 585 264 983 243 249 558 591 835 189 983 655 415 274 141 744 377 313 764 857 857 261 520 742 349 732 805 774 727 132 66 884 997 845 689 987 891 113 863 304 441 525 172 817 259 886 201 51 538 699 660 0 558 129 313 516 407 686 237 647 861 575 663 852 918 520 178 826 51 546 819 
440 55 969 934 172 259 102 307 661 82 989 674 473 160 287 571 170 20 295 949 621 296 400 635 966 358 349 934 820 81 107 958 87 706 67 774 865 0 387 463 793 37 74 762 582 904 829 150 636 420 963 632 765 120 50 627 508 577 957 468 32 688 816 598 751 646 880 946 466 49 0 713 950 308 763 872 541 945 641 329 786 219 657 307 139 5 251 599 140 
408 255 340 729 286 899 199 280 101 175 218 146 993 884 700 11 617 600 859 108 235 133 762 456 454 679 181 976 104 463 103 104 578 926 425 351 420 880 991 807 379 352 138 906 20 971 939 285 994 510 505 153 928 234 651 919 677 610 17 574 236 762 31 105 416 672 618 871 420 603 359 531 536 961 267 833 363 633 983 560 519 552 654 973 214 62 755 472 909 
392 4 670 939 498 460 569 980 150 767 806 27 739 840 456 444 31 859 281 777 544 10 601 324 363 87 972 313 454 982 316 349 965 94 467 123 11 835 979 943 157 975 809 875 567 484 512 269 501 412 494 751 597 7 663 487 204 540 389 348 201 160 669 858 929 539 394 464 805 340 894 456 480 66 219 700 77 505 982 204 557 22 807 898 558 716 247 514 422 
644 875 22 644 879 827 595 86 200 686 672 613 70 882 873 931 711 256 784 635 176 613 545 618 406 522 396 778 734 555 916 480 688 998 589 507 72 14 592 716 244 893 7 868 549 15 639 959 831 921 937 140 372 944 693 109 272 694 847 707 785 519 275 497 296 205 842 659 89 539 671 990 496 453 501 505 616 36 968 766 525 554 515 460 212 831 962 836 211 
460 533 984 989 816 197 375 912 567 432 706 296 40 740 932 757 13 808 895 636 839 935 546 301 586 899 583 119 284 991 671 580 354 322 566 710 669 477 850 470 374 909 640 749 565 609 999 53 430 355 380 417 89 441 426 813 120 0 297 182 638 373 736 340 635 149 981 777 935 510 96 215 870 306 986 702 702 747 509 754 622 207 837 501 85 89 329 779 334 
173 709 150 552 989 442 294 196 183 755 713 272 377 856 695 579 727 321 953 178 814 51 305 59 624 684 254 730 563 766 7 306 747 736 479 520 469 917 792 114 502 516 717 719 546 655 776 122 911 697 856 475 413 229 491 383 176 537 511 367 471 550 61 108 768 409 724 86 754 778 451 722 505 958 275 907 892 300 57 404 935 164 302 407 369 129 761 138 813 
929 694 329 661 965 285 502 27 553 946 475 747 613 946 332 454 27 236 218 798 425 176 465 173 138 536 444 255 426 143 799 192 976 758 311 222 6 404 805 524 793 312 65 409 811 494 266 771 891 474 275 239 774 598 288 404 282 990 783 631 474 155 493 192 945 163 833 759 257 314 598 962 187 604 296 769 237 75 494 689 238 769 707 883 917 314 88 661 736 
989 670 125 986 954 357 278 650 464 372 834 817 57 526 185 378 726 653 426 887 299 629 617 603 662 676 638 984 199 117 362 471 89 743 107 217 190 864 687 356 883 138 295 732 530 973 467 946 841 282 876 702 871 761 83 757 801 304 504 357 277 321 555 390 538 486 478 689 445 339 935 301 822 615 811 129 345 508 979 106 546 21 809 973 276 430 186 630 933 
335 619 266 616 466 703 135 798 166 620 313 165 915 486 793 964 595 565 25 39 564 789 385 46 596 192 284 997 271 478 558 942 174 473 1000 206 171 175 705 359 789 132 38 37 78 96 505 281 608 803 344 0 129 655 137 931 554 544 539 172 380 10 459 628 905 109 382 772 44 312 433 313 719 511 804 978 209 926 315 795 111 806 29 33 999 972 489 396 814 
439 314 687 539 685 57 546 380 966 546 805 767 350 991 597 984 887 128 281 904 690 759 891 955 107 94 944 78 72 742 913 297 778 778 752 438 545 335 13 540 867 404 477 945 203 538 224 757 676 233 641 325 748 23 19 914 692 897 26 666 23 949 711 855 637 565 541 29 82 988 432 596 500 787 734 507 419 297 879 321 401 340 331 128 90 121 478 4 261 
346 120 670 525 874 886 610 901 195 512 207 501 36 964 386 804 44 378 857 420 329 861 896 835 87 918 642 467 852 872 381 867 145 395 710 311 924 453 626 441 46 627 258 946 84 25 738 738 163 970 948 630 942 799 738 948 125 46 151 801 608 95 939 484 596 207 457 527 407 380 980 635 78 467 170 920 543 884 35 506 19 618 277 521 205 316 303 471 641 
152 396 910 313 47 429 200 932 456 103 978 509 127 782 402 934 745 647 84 871 758 264 424 770 700 243 598 973 325 981 291 4 888 146 606 19 456 241 369 519 12 43 542 842 286 469 274 843 17 65 183 692 711 135 393 2 174 864 215 559 232 672 165 441 717 583 912 633 91 673 379 878 522 263 61 700 745 956 108 579 881 363 225 431 555 320 840 905 166 
657 370 228 403 703 830 782 740 89 607 286 520 58 182 610 346 127 506 73 513 128 228 401 831 261 556 477 660 369 420 268 180 309 868 323 226 961 796 804 333 955 8 788 198 237 565 826 361 903 155 737 786 579 567 36 573 674 769 439 592 545 499 488 121 754 133 876 980 274 98 917 133 68 52 818 146 57 476 879 925 5 69 262 968 531 112 870 301 462 
773 945 339 657 124 935 708 511 866 681 975 97 800 827 474 390 619 14 633 725 790 389 868 858 707 607 78 244 32 887 536 401 798 968 401 71 661 332 94 126 483 438 235 561 355 179 393 120 283 390 687 356 184 872 933 31 91 445 962 161 770 40 416 5 659 213 153 147 254 322 387 860 2 177 794 96 82 611 666 705 503 640 280 729 916 349 262 316 256 
841 944 63 592 118 520 425 662 488 311 504 505 440 760 884 310 814 991 710 523 335 500 500 138 537 812 424 712 798 733 316 936 380 532 611 539 477 993 77 90 925 439 799 221 452 175 650 152 127 418 902 859 228 363 907 716 596 782 7 44 587 172 64 345 537 789 872 242 795 486 1 317 596 734 463 440 653 122 237 285 397 300 196 785 946 382 979 929 90 
310 763 713 532 927 649 558 750 667 322 348 984 536 804 752 988 166 748 659 685 445 208 539 695 235 210 545 920 236 888 479 802 523 374 24 83 540 315 722 928 797 328 390 194 797 641 490 201 294 273 288 74 659 852 15 53 370 832 589 207 203 485 247 266 394 13 410 378 180 869 127 528 333 671 873 369 697 700 363 401 375 389 289 541 173 123 262 381 796 
603 29 909 163 308 976 136 886 876 657 750 87 528 629 107 889 15 630 283 784 678 875 270 689 965 257 844 438 449 137 657 420 78 267 312 101 786 668 245 550 473 355 882 396 547 222 823 934 576 285 841 297 811 141 125 525 362 671 106 379 328 24 465 702 383 277 850 843 264 437 647 537 548 547 542 269 307 810 262 578 567 729 665 960 729 211 70 176 188 
81 288 546 986 480 623 36 312 709 325 272 372 673 253 190 605 475 645 558 36 248 465 873 107 248 810 577 894 320 911 36 242 937 168 65 928 269 375 477 656 77 847 208 82 185 784 482 770 361 415 438 129 612 26 170 313 662 552 179 115 83 234 779 35 407 741 915 719 309 771 712 744 424 832 946 266 716 982 380 471 184 136 858 837 734 119 617 649 555 
34 175 311 862 658 454 567 452 652 174 987 835 687 581 580 495 8 881 100 105 12 273 702 308 175 44 100 628 396 439 742 77 913 833 120 510 987 809 280 156 175 581 949 446 210 735 715 1000 394 291 552 684 849 370 785 68 360 112 202 982 885 643 572 868 329 924 331 288 997 584 393 50 279 258 60 761 402 139 689 123 63 119 73 422 865 711 417 335 216 
81 671 857 944 224 334 421 727 812 779 597 131 983 60 561 983 467 204 761 140 131 817 498 650 687 650 418 153 336 391 911 523 121 452 279 121 524 316 480 637 953 368 366 280 481 259 175 325 293 453 521 229 337 244 334 219 975 834 288 832 651 974 897 366 908 31 766 404 64 932 641 335 195 802 161 774 684 271 983 533 988 535 848 594 364 126 212 906 311 
108 382 17 257 373 309 23 26 739 552 685 184 792 967 516 680 850 274 437 933 726 988 561 792 918 432 924 209 241 328 237 532 571 871 56 46 389 976 807 429 501 727 19 199 459 444 386 657 328 348 910 444 772 100 65 688 867 477 896 38 261 815 611 953 388 717 133 425 520 840 43 596 358 738 31 178 82 763 140 733 912 184 42 688 998 387 394 778 36 
238 340 802 198 805 929 457 151 757 114 937 21 432 292 769 459 738 271 590 729 675 86 585 139 533 399 998 479 771 234 884 500 498 63 437 285 434 715 301 787 399 471 666 661 745 803 342 394 663 682 285 221 235 726 279 625 986 554 941 869 655 537 97 790 645 734 36 41 78 982 764 468 142 242 723 630 17 839 893 592 964 109 144 633 870 786 470 29 550 
928 96 690 770 872 243 563 354 173 861 109 584 778 41 65 543 246 672 156 897 608 879 495 163 68 160 816 1000 158 212 739 654 292 936 495 169 426 257 396 956 26 860 587 63 465 872 278 967 581 631 105 151 205 503 657 438 901 134 231 486 702 768 714 351 393 708 375 170 714 378 485 177 347 949 680 887 992 51 390 207 270 916 369 91 493 969 172 388 269 
476 135 937 466 206 633 527 137 933 539 929 599 532 84 271 971 479 352 314 730 529 707 224 278 770 711 895 304 230 355 229 34 413 247 403 514 52 121 717 442 935 81 758 317 364 713 587 324 725 104 224 147 818 480 566 727 459 265 368 156 501 212 820 581 885 594 754 783 419 672 54 67 477 374 825 20 434 382 576 188 18 325 763 989 2 815 588 785 706 
516 354 176 972 648 307 316 196 519 894 341 112 956 562 651 256 812 994 745 316 86 33 336 419 452 982 250 393 788 396 17 459 606 253 968 989 66 282 642 585 718 638 933 811 679 283 155 393 195 613 237 219 118 674 96 958 761 463 804 449 221 761 808 888 929 275 964 451 451 822 853 28 998 747 839 873 687 132 912 150 226 649 319 278 18 563 443 680 303 
53 703 965 960 87 996 227 455 943 146 333 922 229 522 966 841 491 698 583 161 608 885 419 948 184 489 120 659 847 891 844 678 483 44 855 796 879 761 730 860 333 557 762 570 176 874 735 561 857 289 481 388 814 200 707 152 216 796 684 643 552 360 975 125 304 304 900 376 157 993 485 11 421 435 587 449 42 941 288 657 710 94 969 400 85 169 973 6 572 
422 541 349 101 894 378 482 883 865 912 772 901 640 535 597 888 836 484 706 573 213 318 908 572 845 719 312 485 291 827 281 481 670 976 366 412 855 327 239 63 347 713 799 975 677 608 350 121 200 313 365 515 745 358 965 40 680 502 914 495 427 110 431 706 127 837 991 699 550 671 658 895 785 761 865 805 238 105 413 52 765 949 77 410 407 445 225 750 850 
843 782 138 620 363 624 712 276 673 985 98 649 486 771 359 362 755 132 63 274 853 745 866 437 720 562 611 620 686 206 589 821 710 344 210 533 946 638 766 133 407 469 473 979 838 966 7 974 865 317 686 350 873 630 668 655 448 607 232 71 996 64 741 572 279 517 264 976 865 672 503 940 314 538 213 486 473 142 662 368 377 903 31 45 293 377 448 713 434 
326 965 950 434 557 968 476 178 502 280 820 48 838 603 453 39 828 23 122 724 616 596 363 25 700 896 34 868 147 977 798 70 752 4 325 252 579 873 311 277 477 634 874 750 655 661 453 863 910 857 117 71 191 428 127 542 942 286 390 772 129 523 260 599 774 775 428 138 386 896 764 297 644 0 65 374 231 195 275 406 596 670 166 56 295 469 626 765 294 
306 524 684 716 293 556 478 907 28 663 975 217 107 357 41 69 611 385 218 81 832 319 854 522 721 636 716 200 578 591 956 293 338 680 934 707 775 108 526 390 796 123 406 979 979 575 849 526 667 534 226 818 836 482 821 946 145 75 394 532 688 149 814 127 539 43 744 336 109 951 765 332 30 43 81 972 155 348 856 690 614 259 888 207 390 617 853 333 763 
605 104 844 998 109 76 1 737 885 708 219 130 884 319 316 338 712 495 509 324 266 930 516 94 129 454 770 952 417 489 97 2 361 190 336 878 993 250 695 497 913 922 737 367 268 867 268 648 148 710 473 741 741 565 225 569 869 651 208 939 660 973 691 948 594 224 191 916 56 131 627 412 998 850 428 637 823 750 607 920 716 568 781 277 929 542 821 872 704 
478 111 154 675 297 91 975 271 120 371 794 391 369 129 941 11 951 937 208 941 164 418 257 645 299 35 699 21 499 709 904 828 800 713 920 531 553 530 611 613 80 92 437 553 693 686 944 539 134 802 991 238 118 197 856 716 0 284 611 43 908 962 107 86 29 361 195 427 277 88 892 913 23 181 510 921 81 989 329 33 233 370 97 50 724 651 401 34 551 
592 34 205 680 554 485 941 581 126 764 417 338 110 107 618 717 940 760 284 763 653 934 670 315 164 884 605 686 82 929 440 420 102 439 321 10 873 324 209 557 217 903 411 363 805 995 449 444 448 27 194 547 192 371 773 676 93 446 551 477 345 693 990 797 220 253 144 251 720 30 574 122 190 19 58 926 874 415 572 355 429 951 495 582 547 37 129 164 606 
63 628 109 874 986 647 433 586 319 884 68 97 181 549 582 822 5 588 285 97 644 742 615 806 10 943 976 994 944 414 747 6 138 367 690 513 609 324 787 169 9 917 788 367 699 621 264 664 470 849 429 257 306 581 488 872 927 849 679 127 163 226 58 296 267 312 752 85 462 26 528 970 163 394 833 416 769 807 720 798 953 714 326 842 873 139 369 834 51 
265 644 838 458 469 947 477 18 623 183 505 175 350 925 27 212 772 506 812 463 865 590 590 393 219 369 468 61 950 917 982 256 110 75 305 27 538 282 695 633 429 669 977 373 771 301 696 831 191 17 55 63 516 11 948 452 480 563 159 86 868 950 626 434 621 381 824 478 882 187 793 381 346 48 113 25 711 756 239 481 121 687 590 894 766 209 184 820 436 
417 656 465 962 873 507 593 801 736 409 128 959 230 721 860 354 331 201 350 185 149 84 524 789 527 814 750 998 263 704 430 667 725 681 126 219 732 937 379 331 452 467 760 491 407 368 997 189 203 535 881 643 644 306 912 101 393 368 173 29 323 681 29 753 581 169 501 525 509 679 254 720 994 629 18 795 596 245 25 343 786 357 823 35 284 566 183 446 125 
209 149 994 595 274 743 584 907 672 689 983 522 725 65 708 317 727 599 158 261 250 257 576 788 609 920 256 705 11 33 744 130 858 626 116 765 661 188 940 366 0 156 609 524 307 545 763 139 362 302 234 951 518 767 682 195 719 979 382 997 886 462 572 347 923 142 97 236 191 335 798 312 230 809 641 374 548 87 471 357 31 572 921 418 555 503 835 446 280 
818 578 644 277 167 336 536 692 366 521 527 557 91 101 225 161 466 374 712 42 26 407 60 212 240 998 616 233 383 79 632 246 472 76 51 653 255 891 387 336 567 514 131 67 705 597 533 347 670 750 0 996 6 744 313 485 469 78 624 115 328 657 158 809 210 709 43 388 434 397 128 159 841 829 709 348 38 274 698 275 742 355 664 818 41 187 748 72 812 
599 238 26 832 118 142 975 47 978 127 179 680 942 598 386 764 238 731 415 312 622 174 346 590 569 787 938 971 93 198 346 494 678 418 157 676 445 37 793 88 513 98 196 871 33 45 879 434 745 184 895 13 269 196 767 749 481 153 794 947 289 451 824 286 277 337 130 13 379 708 116 588 734 785 727 976 926 468 560 826 959 320 933 328 554 62 124 119 70 
556 992 569 870 309 371 176 46 440 282 470 435 950 694 79 701 993 235 815 151 911 701 831 112 837 978 577 199 211 895 135 874 306 517 845 380 382 751 112 526 599 219 622 895 836 873 808 271 392 968 871 187 678 707 613 737 323 612 375 360 725 89 309 93 494 239 107 271 685 30 101 640 234 338 155 490 360 740 19 963 537 686 409 178 629 287 647 718 223 
689 12 113 647 395 272 880 180 870 38 115 274 909 591 747 885 747 417 375 61 441 65 4 567 950 838 381 295 931 715 491 7 952 807 492 507 575 418 968 282 201 253 315 531 605 179 853 189 626 767 874 132 867 640 53 555 458 372 634 589 57 986 456 647 575 710 523 71 303 419 590 917 129 687 944 56 226 686 407 459 507 962 547 942 618 811 896 377 841 
606 172 808 643 388 976 533 388 58 520 479 730 625 181 200 813 856 32 958 933 26 517 876 343 752 599 985 730 9 728 727 968 602 322 475 195 361 327 105 992 371 895 729 447 427 536 622 374 18 155 342 582 102 246 659 822 132 761 608 80 664 480 742 19 648 983 902 67 486 145 299 100 791 802 909 950 443 241 409 397 397 50 743 873 846 909 735 869 19 
68 321 237 367 683 785 36 801 290 968 625 18 765 569 532 343 427 566 755 705 285 5 298 281 481 819 56 573 723 819 535 396 100 315 102 64 297 203 896 201 663 166 208 214 820 352 169 142 26 33 615 799 53 710 886 570 273 799 482 140 501 241 563 658 705 625 965 566 776 792 665 647 191 663 937 262 273 374 69 131 735 577 47 470 77 959 682 397 447 
744 8 610 131 408 471 260 842 145 882 891 658 912 535 23 632 381 682 193 103 966 898 861 471 948 344 333 741 482 414 535 229 101 54 39 553 245 258 226 486 446 474 62 372 880 738 251 267 163 549 136 472 819 395 959 730 960 166 26 987 770 394 80 262 827 186 379 724 116 384 592 521 596 156 612 447 850 278 113 575 886 823 166 665 213 38 925 719 945 
408 255 979 772 688 234 644 46 187 490 470 912 602 971 571 580 901 255 702 313 400 562 509 856 748 150 387 826 757 653 929 832 189 249 63 158 59 859 944 828 674 789 233 410 737 706 981 988 567 748 255 929 655 243 480 77 277 839 39 151 635 670 975 833 634 738 380 390 898 799 116 697 513 43 518 536 282 249 936 222 802 766 846 884 703 593 616 927 439 
647 585 300 685 533 132 291 631 349 680 108 856 278 280 991 520 342 214 983 391 241 636 292 437 307 697 247 276 758 993 61 996 14 626 648 4 688 347 611 476 20 210 646 16 7 260 166 138 224 921 355 604 697 761 604 533 261 915 770 293 473 981 970 383 686 477 871 837 810 631 975 81 101 87 680 38 610 460 156 89 29 641 193 549 420 30 205 220 980 
908 683 914 332 755 596 307 218 892 540 947 70 136 54 861 67 57 728 376 991 101 739 915 771 315 107 137 749 372 8 198 52 181 963 211 157 256 339 3 327 979 703 340 25 479 156 526 405 597 960 459 909 362 600 365 430 707 875 540 839 967 219 15 949 621 870 368 468 666 837 30 329 877 380 355 744 978 399 147 933 141 136 967 908 756 304 34 686 762 
993 19 725 771 343 365 715 76 204 844 192 484 746 532 462 56 160 34 399 165 142 192 977 63 617 406 436 486 834 221 601 278 277 247 686 314 632 949 203 678 697 906 65 68 441 548 608 979 463 181 713 529 259 654 498 221 842 463 638 577 7 59 910 456 332 317 367 885 844 431 269 945 461 488 617 768 401 686 2 225 30 169 220 258 860 419 625 94 584 
425 263 932 957 734 981 999 425 980 68 158 231 776 754 199 421 389 59 733 839 949 639 155 868 419 289 574 741 816 775 478 162 814 723 332 227 229 50 38 78 877 960 273 272 720 735 15 935 571 814 711 91 422 211 250 834 654 365 568 305 204 899 798 169 854 900 131 807 944 366 979 463 295 35 345 348 838 651 357 609 864 187 84 4 480 296 647 485 59 
974 293 963 439 211 430 385 699 951 252 32 266 280 996 789 782 826 529 689 176 556 395 908 593 628 677 272 523 957 922 226 996 528 826 359 10 440 363 51 950 709 333 578 654 802 448 351 996 183 130 416 788 504 408 44 388 601 39 274 707 787 416 756 830 758 781 424 187 776 885 990 613 266 236 559 479 948 973 763 847 103 784 847 268 365 361 95 455 944 
924 984 560 105 689 6 573 354 189 962 411 524 791 39 96 116 161 558 197 823 168 409 227 363 621 841 213 324 874 221 557 739 484 316 611 73 210 621 268 37 588 1 166 15 165 364 258 125 128 649 988 867 999 435 215 826 255 161 517 953 139 1 644 815 949 794 382 432 335 757 159 566 688 50 87 375 971 982 422 249 403 156 753 728 965 932 47 307 496 
439 191 552 573 961 519 15 396 784 830 27 415 8 748 351 27 63 347 748 809 963 494 367 788 741 940 983 4 998 936 225 568 747 775 276 864 695 884 222 731 635 602 58 792 55 845 752 719 183 581 484 829 567 101 356 254 38 963 569 774 794 177 960 846 933 803 304 2 318 798 475 256 311 944 747 25 372 376 899 910 933 884 634 355 874 166 763 273 90 
988 895 84 143 344 861 490 919 670 128 275 707 942 247 253 106 521 630 522 285 488 60 861 779 580 318 462 428 48 368 910 967 531 144 766 123 843 312 827 114 814 646 538 592 163 383 100 877 778 724 358 967 878 27 155 496 638 461 360 17 223 479 169 76 27 826 301 98 584 330 622 894 840 454 589 477 1000 210 986 14 641 314 903 210 635 259 152 204 727 
620 998 558 749 833 320 964 916 672 70 539 229 182 311 144 555 444 818 370 52 552 281 687 265 229 808 248 754 4 368 618 64 264 925 971 76 85 927 129 132 8 853 974 839 297 664 642 155 291 849 563 236 964 313 516 519 281 694 905 827 88 864 525 981 747 381 769 887 12 477 318 345 884 376 367 363 692 672 132 404 757 31 672 895 503 274 583 340 30 
543 762 983 118 317 138 902 101 639 174 804 215 331 945 567 593 474 121 787 151 858 180 175 729 851 798 553 986 937 571 920 738 533 941 763 501 817 360 209 799 290 980 421 172 695 438 393 870 613 319 562 298 921 714 317 217 590 68 450 207 468 386 200 62 321 79 784 114 926 209 306 269 835 813 734 123 3 48 600 357 710 981 782 454 842 478 382 446 227 
136 945 755 797 504 285 643 238 615 58 320 752 248 64 768 477 177 694 774 165 871 693 663 490 862 391 916 801 352 279 776 779 156 412 946 427 557 108 29 796 756 342 118 318 488 171 78 273 572 338 287 563 349 133 3 227 707 558 230 991 348 300 780 156 596 307 34 334 730 855 2 964 706 664 613 750 224 891 549 916 760 16 913 465 540 798 808 912 83 
318 34 140 904 917 962 516 387 886 847 173 278 428 432 910 540 588 697 890 594 103 379 150 282 896 104 573 698 163 371 818 922 221 711 189 687 178 572 432 676 818 603 190 485 771 494 828 610 786 299 557 577 395 550 879 785 296 934 500 928 650 659 118 925 734 469 417 195 555 5 849 66 861 395 380 267 906 161 53 14 29 735 652 525 533 126 39 155 774 
119 283 740 235 214 101 845 662 737 579 984 609 744 887 306 778 1000 184 25 745 423 403 81 684 663 932 487 837 825 833 973 84 789 628 625 193 188 244 756 987 263 287 589 49 994 998 534 434 607 748 593 578 391 714 470 614 781 189 726 579 342 127 683 247 709 912 59 572 471 504 422 846 458 633 844 388 123 276 454 61 324 293 796 447 423 174 253 29 14 
344 428 371 310 706 745 858 793 479 152 814 579 571 161 68 41 615 183 702 963 351 249 637 893 935 395 819 253 923 943 539 831 447 168 950 421 76 856 845 821 248 173 497 232 846 740 482 990 312 804 320 699 977 479 106 939 243 247 824 635 845 636 256 263 657 599 986 628 321 171 568 289 812 161 957 408 353 295 742 943 638 447 678 424 841 787 307 136 595 
358 355 17 112 881 673 576 853 914 370 296 94 853 559 588 962 903 102 384 93 939 59 351 462 682 248 24 826 927 782 480 610 181 455 670 893 719 539 451 329 149 494 921 300 923 265 743 143 989 242 568 335 522 119 112 645 748 939 334 0 625 457 158 132 171 810 240 962 758 686 29 148 439 269 319 814 78 598 83 474 409 683 255 911 707 753 225 229 220 
750 109 616 632 812 908 902 396 491 753 593 405 633 527 932 978 400 612 703 558 546 622 171 238 283 749 378 27 765 172 453 111 988 53 709 627 538 664 782 718 10 337 629 1000 948 514 139 541 628 140 976 774 475 821 831 288 701 578 706 190 540 70 719 594 70 727 714 720 45 830 316 174 107 474 782 845 852 183 80 170 240 414 732 239 70 655 279 954 649 
821 580 234 8 116 396 310 716 489 896 567 512 714 475 199 230 238 806 785 266 950 248 439 847 163 445 662 102 428 105 832 997 935 363 806 850 803 277 274 51 363 813 21 38 155 663 965 186 476 314 825 900 526 703 197 973 865 969 431 615 999 13 330 261 714 76 400 141 15 58 516 708 450 542 461 267 731 790 705 396 693 647 872 701 330 659 338 291 263 
85 75
485 84 812 42 693 432 222 426 208 724 173 527 399 874 665 255 508 484 660 535 719 185 295 23 624 30 86 582 487 383 316 919 702 410 119 882 827 934 27 885 521 992 436 194 262 588 874 515 604 14 686 6 688 536 158 914 539 360 762 858 454 330 919 826 503 566 601 263 490 391 71 756 123 736 238 
328 478 702 705 378 810 443 436 315 365 737 287 794 701 596 625 395 589 354 280 965 279 210 257 172 441 425 909 128 103 577 509 462 251 185 745 694 950 204 106 393 647 19 344 665 807 826 15 475 277 724 286 437 82 484 871 171 663 76 306 452 576 7 133 959 86 846 295 238 956 632 590 635 942 112 
422 598 525 511 314 278 169 203 113 7 753 600 222 55 74 217 728 713 307 779 91 824 652 6 538 501 741 601 91 969 276 753 911 14 672 631 19 972 846 306 710 848 955 813 331 396 400 78 12 713 442 823 682 9 868 592 217 289 520 194 978 178 29 955 249 460 642 235 668 261 987 794 850 215 665 
571 263 220 26 891 867 927 189 769 66 626 580 70 1000 234 447 868 298 481 118 391 883 573 865 633 277 508 775 57 674 183 855 746 155 181 134 558 534 461 163 80 858 414 370 806 4 923 292 962 117 921 677 632 696 668 117 880 898 474 110 671 644 718 49 39 606 44 674 623 866 571 581 166 217 438 
120 907 339 491 266 798 342 152 869 823 786 510 738 295 878 280 937 862 434 233 488 914 387 751 192 762 858 340 768 230 109 36 155 819 551 722 210 600 953 241 984 729 184 576 264 486 521 810 527 79 327 481 550 576 881 718 542 182 418 521 907 916 835 701 888 161 454 147 523 943 932 442 473 630 428 
194 978 326 501 259 763 342 548 272 652 980 611 769 218 659 214 831 9 75 993 569 20 854 830 113 722 964 179 638 244 26 811 54 208 630 465 418 92 103 554 839 984 51 872 629 659 38 718 90 61 806 830 345 966 384 521 418 282 634 986 690 456 751 820 927 222 2 618 93 634 271 77 93 820 830 
90 307 152 437 508 347 965 56 850 830 734 21 963 96 138 639 637 444 35 543 773 782 542 52 46 77 794 382 130 185 228 267 228 999 927 902 669 390 719 288 274 778 365 501 696 265 222 843 249 129 441 320 550 878 56 520 483 460 202 892 951 721 758 323 597 902 613 94 86 965 609 921 78 908 982 
320 997 144 248 136 943 968 520 506 258 720 753 85 407 441 926 145 97 325 404 565 206 149 54 786 978 596 499 455 959 175 419 592 903 146 710 311 372 580 187 587 993 621 547 291 188 960 15 687 908 983 838 323 14 442 191 275 808 642 952 288 654 678 220 295 320 575 850 446 317 836 198 718 459 547 
314 434 182 202 467 702 359 999 645 853 93 65 424 102 163 375 578 584 656 434 591 514 237 776 260 47 276 542 212 26 59 386 773 83 349 990 705 549 273 47 653 310 296 578 470 696 535 283 598 808 854 72 947 848 587 31 696 789 108 851 528 138 557 334 203 430 767 280 320 589 133 341 880 600 488 
119 472 99 137 895 40 655 304 375 420 7 478 366 430 736 716 496 532 963 361 287 774 813 841 760 7 14 984 303 753 392 333 816 231 313 587 339 368 796 331 126 956 434 333 163 761 579 34 87 246 170 653 747 80 414 594 560 739 915 547 459 369 705 498 248 725 113 14 976 620 921 623 33 608 363 
152 789 244 94 566 469 887 464 523 111 655 396 729 373 534 34 484 953 210 319 916 693 776 823 706 912 240 968 967 102 408 688 43 455 724 347 436 546 573 205 142 593 659 202 587 1 571 21 742 976 658 664 206 886 52 640 133 952 111 171 452 228 196 901 952 999 77 359 594 587 786 332 58 311 285 
377 463 59 219 335 695 49 770 583 341 965 216 25 91 52 739 850 121 26 864 864 299 15 510 349 207 699 986 272 709 327 810 55 881 785 373 469 389 231 892 771 892 171 784 112 395 424 698 593 875 410 221 85 100 654 208 77 966 54 283 223 532 738 810 697 857 673 699 204 120 11 746 703 997 315 
237 602 916 346 384 742 810 242 906 37 114 34 787 684 167 151 520 503 253 401 487 417 162 831 235 688 913 356 332 647 37 601 150 243 578 427 162 226 658 819 665 589 915 386 716 964 769 808 71 575 381 925 721 164 656 805 95 933 761 449 200 937 703 638 133 94 705 848 43 768 585 741 587 696 734 
969 10 720 260 701 404 899 131 642 147 458 941 129 640 328 250 218 189 132 854 294 273 872 361 476 392 472 231 192 646 593 128 127 943 649 488 226 552 778 670 204 226 270 686 82 600 916 918 970 242 850 215 413 756 673 730 641 413 181 751 235 75 855 424 131 636 789 65 234 228 345 16 558 157 295 
194 561 429 22 56 330 957 396 353 987 626 686 996 303 672 333 175 322 312 480 355 438 551 102 628 946 934 888 498 77 49 988 35 132 40 915 859 780 746 637 930 815 729 653 991 657 573 593 584 95 973 494 779 604 77 961 617 695 259 866 989 126 574 161 42 583 541 33 545 206 779 69 977 875 272 
669 959 384 856 453 583 495 914 661 788 830 804 551 673 66 627 205 540 852 595 351 410 466 409 430 579 469 355 137 333 738 452 965 609 880 159 153 290 524 396 864 571 323 769 344 735 341 911 609 376 289 555 73 12 169 193 601 234 157 281 744 137 556 950 24 496 880 149 102 204 87 673 379 598 802 
733 824 35 272 14 669 843 30 129 157 376 5 273 963 599 717 814 123 42 928 642 424 122 632 159 696 413 761 981 927 608 883 724 368 830 148 356 477 100 214 640 460 110 498 416 867 628 610 804 384 134 368 172 258 370 137 728 640 408 203 845 428 257 926 774 305 222 893 392 731 737 156 117 753 569 
812 546 13 763 72 540 7 410 828 633 15 200 425 631 255 449 57 964 576 836 350 559 754 480 672 251 937 798 772 810 49 956 922 729 183 235 282 760 657 687 672 194 747 461 157 607 482 189 547 221 795 381 36 244 317 443 854 990 984 79 883 223 631 411 610 201 330 104 585 37 995 266 510 660 219 
193 886 965 814 672 538 535 508 553 854 626 618 707 295 419 905 631 836 599 949 57 226 748 836 118 63 826 457 463 788 18 653 370 7 456 539 295 713 110 664 439 688 534 760 732 446 78 949 501 262 796 227 449 644 483 63 691 706 183 217 30 250 111 804 757 827 168 166 680 594 414 653 621 861 976 
166 283 359 264 629 296 595 819 126 999 157 290 945 54 479 184 669 884 977 947 892 852 694 599 846 594 107 137 292 160 308 205 732 156 347 138 377 955 79 562 492 485 91 725 478 489 107 91 342 617 446 852 40 172 665 660 693 650 923 756 962 471 906 584 809 195 66 62 865 709 907 656 780 91 386 
715 679 949 729 137 430 131 228 326 192 865 257 352 219 533 546 380 377 42 164 375 306 742 835 588 971 963 428 566 211 540 530 24 867 666 991 211 243 103 848 616 520 713 879 598 637 881 73 542 769 47 538 437 803 54 69 220 399 34 789 373 205 514 19 411 591 718 173 422 468 579 449 768 674 681 
857 974 372 957 308 876 231 27 705 916 746 309 368 251 807 986 126 612 575 671 73 643 665 392 70 324 802 673 962 665 351 92 257 170 647 323 412 259 592 908 832 773 949 232 275 200 212 209 195 51 983 744 271 491 888 728 492 335 14 186 57 256 491 994 914 915 562 378 602 229 336 322 932 416 431 
554 341 19 266 612 335 643 349 718 408 25 212 205 65 104 504 838 132 588 422 492 589 646 265 768 809 916 288 566 638 162 219 922 655 84 276 598 411 737 28 742 186 811 152 575 887 420 555 183 369 210 726 386 479 430 408 782 582 845 47 108 902 295 543 900 733 666 536 563 405 525 983 33 496 877 
751 977 100 492 861 530 242 590 194 87 218 540 972 463 96 848 295 506 620 854 80 762 963 414 631 206 106 533 773 34 4 507 755 735 758 126 456 945 374 902 377 525 880 137 486 39 64 189 790 244 168 645 784 4 605 33 78 604 426 876 610 331 879 1000 538 272 77 890 255 724 141 963 519 455 74 
878 853 579 699 628 799 106 684 48 192 935 143 572 13 379 963 839 180 88 305 631 14 594 551 465 74 65 465 198 244 690 186 870 880 649 749 527 91 84 663 589 290 917 955 676 422 978 584 520 695 216 635 901 153 552 549 53 562 383 591 735 694 500 334 898 739 684 663 566 439 500 110 399 634 873 
787 204 546 414 528 994 798 140 773 377 994 411 782 258 422 383 556 166 671 703 679 433 108 600 231 303 599 69 968 743 578 980 665 868 635 814 22 97 14 678 317 27 422 283 356 767 934 829 952 477 198 724 146 11 300 296 651 318 835 572 511 954 244 852 840 608 307 916 618 9 225 58 543 43 922 
131 526 523 894 333 14 400 963 33 955 439 222 784 729 317 800 199 182 795 271 653 401 718 869 384 298 182 310 20 621 629 745 791 352 104 427 926 130 392 188 874 326 42 450 103 541 802 98 750 514 195 446 886 134 946 78 619 80 177 954 577 507 619 975 630 449 499 268 102 467 251 322 154 596 861 
833 309 656 248 19 892 804 271 340 14 92 971 54 407 501 733 283 462 746 162 312 108 729 875 844 251 284 703 899 911 769 841 328 399 117 249 929 934 863 166 700 862 1000 467 27 526 354 165 207 704 140 515 741 978 263 40 486 38 130 86 288 774 287 557 359 783 145 321 243 414 496 984 522 912 119 
374 225 338 161 563 827 24 913 960 102 663 926 345 144 972 593 711 223 716 672 849 335 444 4 134 798 909 405 429 660 872 6 972 326 712 976 644 173 174 413 328 369 311 406 356 747 997 102 415 729 127 802 258 387 551 661 316 286 454 663 228 542 169 460 437 457 666 741 439 582 455 87 423 792 198 
965 495 62 648 270 187 414 310 308 957 747 471 356 386 153 297 779 288 264 89 11 291 927 215 197 297 152 323 514 467 288 58 627 413 424 278 465 264 78 426 410 208 76 929 49 544 476 208 936 693 734 834 851 974 410 396 741 81 130 996 167 95 484 136 627 826 642 673 816 279 28 491 672 723 566 
89 426 127 683 885 835 898 303 932 637 624 753 707 350 506 726 243 157 848 530 788 903 5 791 843 67 975 197 345 973 602 277 401 829 800 136 235 679 109 713 326 870 732 704 753 128 110 166 543 40 82 469 320 565 480 671 356 593 924 716 995 697 18 324 480 395 664 724 462 969 611 461 489 367 171 
915 23 614 698 539 475 259 189 278 926 674 878 910 407 366 328 948 829 226 101 281 514 552 712 962 809 80 310 66 639 199 347 36 489 920 620 971 474 780 318 97 72 313 336 641 53 442 413 190 655 507 536 675 870 666 437 225 149 821 308 544 672 370 552 653 445 640 860 2 259 292 756 302 583 319 
385 629 184 606 154 114 907 529 413 335 284 991 989 288 490 603 104 298 857 304 594 419 357 98 600 196 861 330 470 698 459 983 609 789 507 197 127 266 56 593 343 790 12 691 604 280 192 932 755 401 961 65 812 99 255 98 116 837 473 289 183 319 81 244 837 235 830 269 648 852 386 218 126 376 245 
268 469 217 410 913 580 923 425 203 343 384 437 559 199 228 317 590 617 509 488 251 178 90 651 1000 981 980 83 415 430 737 665 428 548 358 830 372 72 734 155 550 161 165 878 447 485 939 409 361 479 515 367 280 822 547 952 485 999 125 8 396 952 297 840 2 791 848 804 87 661 77 706 756 498 122 
278 694 14 191 626 830 645 487 178 902 826 523 782 688 71 444 956 271 960 464 788 619 595 575 724 359 747 313 206 287 651 209 658 588 909 381 299 68 221 123 902 533 951 935 421 510 337 6 914 667 817 724 91 67 905 950 636 275 594 92 492 0 924 205 333 340 765 560 414 900 800 558 374 122 93 
504 711 982 735 278 376 902 485 971 547 779 198 75 298 870 154 383 8 974 299 925 685 708 466 402 583 518 800 853 249 912 290 106 628 169 483 575 392 15 186 239 659 714 729 170 817 544 524 903 703 508 338 414 209 656 667 86 297 552 932 342 989 836 998 10 920 949 527 156 706 476 668 505 492 960 
71 789 416 702 209 260 743 18 830 8 257 314 565 83 771 962 500 384 640 884 409 408 897 271 128 970 901 940 970 861 57 806 898 310 945 314 638 4 999 383 955 417 612 775 916 613 812 104 485 440 177 638 483 493 221 456 338 17 738 687 373 985 751 993 418 16 879 402 606 249 823 824 99 133 761 
106 474 150 248 929 860 228 509 587 910 297 422 174 991 726 867 951 44 1 430 103 873 439 619 532 466 290 722 730 696 324 730 187 497 643 59 172 694 524 972 775 182 403 698 797 824 896 350 886 512 136 110 898 620 630 550 347 579 751 655 287 604 442 504 76 731 326 507 444 393 752 10 92 659 905 
282 139 235 206 663 342 807 519 320 394 166 221 560 17 383 567 935 277 282 141 153 847 435 799 127 316 166 530 407 139 334 573 430 589 62 963 313 292 402 58 480 94 478 123 522 172 864 651 211 901 457 839 890 69 509 248 933 101 924 652 460 794 46 798 968 986 978 545 878 652 795 510 316 682 602 
24 963 363 168 565 799 82 722 726 543 58 12 456 90 887 409 699 59 272 199 241 83 43 624 626 51 116 746 672 437 188 341 189 155 728 205 545 366 167 454 597 734 324 511 879 898 997 563 767 99 258 680 773 580 303 737 718 691 611 176 310 298 192 594 697 825 795 304 944 159 168 150 568 32 863 
9 283 351 217 623 788 37 780 616 778 929 916 762 632 86 915 214 82 965 326 878 557 219 377 632 918 540 210 76 599 274 366 625 773 120 930 963 129 871 268 234 310 787 120 444 358 346 695 431 229 569 215 830 738 310 733 975 507 886 888 914 391 249 41 374 807 768 800 697 651 233 776 333 696 974 
427 59 889 782 394 799 168 796 356 888 866 718 191 153 95 968 915 818 482 102 588 442 566 430 449 98 775 842 923 553 602 971 868 225 697 393 325 595 951 193 137 516 435 855 675 755 655 859 731 431 315 371 593 374 857 59 469 835 382 759 198 36 276 50 160 127 674 397 27 259 497 763 36 825 196 
994 681 367 669 781 896 820 518 402 665 93 247 392 179 72 504 887 14 634 82 38 814 185 114 91 788 509 420 631 195 462 399 702 479 756 700 710 877 679 77 555 670 551 904 995 140 719 313 324 254 527 722 805 609 842 912 121 899 903 462 627 966 938 547 704 771 173 219 250 820 778 621 38 184 702 
370 998 771 882 180 50 927 832 611 767 254 491 738 490 718 972 810 392 728 812 167 849 610 408 504 226 378 633 567 164 507 674 210 748 556 629 285 55 985 569 500 365 286 666 506 131 746 772 889 601 665 730 373 34 95 254 822 72 332 589 588 182 863 497 963 717 584 717 345 108 753 196 921 538 192 
70 247 277 136 306 174 443 414 896 462 184 721 786 404 904 127 772 60 466 133 511 554 234 435 469 241 609 838 384 755 544 629 516 666 953 710 471 527 751 253 56 172 35 265 677 296 63 369 581 982 636 340 427 427 510 766 847 264 246 170 615 721 814 564 862 165 877 878 493 209 652 299 430 199 780 
990 943 905 120 184 139 971 793 422 857 901 150 822 529 40 146 600 499 408 571 722 739 603 797 34 807 486 668 146 102 901 783 275 992 648 154 492 63 255 435 66 244 868 90 913 300 483 806 840 859 559 366 519 885 680 65 78 826 361 274 158 652 120 921 425 641 469 26 534 358 864 320 908 452 114 
223 476 130 142 571 948 954 545 384 448 462 675 420 415 867 652 96 370 599 326 377 524 194 717 962 559 111 151 798 387 65 780 887 653 192 892 455 876 473 729 580 986 871 532 524 71 363 965 639 996 262 650 758 435 348 371 940 463 582 832 866 101 519 755 118 538 239 29 183 304 268 321 331 732 273 
266 474 430 113 275 291 260 308 801 876 818 807 381 542 837 96 312 527 43 675 101 658 626 273 432 769 754 352 756 104 287 208 200 613 229 27 273 337 201 891 929 238 865 792 255 411 716 704 623 268 335 166 529 518 458 388 336 767 374 313 934 289 185 266 562 966 569 473 556 592 131 845 115 327 81 
768 424 186 855 344 272 933 516 304 927 682 972 321 437 180 64 64 36 691 251 565 367 557 125 830 163 435 530 114 923 124 233 725 575 631 210 601 159 940 533 815 840 741 462 949 965 53 845 657 995 570 445 441 629 208 721 967 165 513 131 300 430 570 821 879 253 730 560 565 135 828 401 104 933 777 
475 747 115 867 611 903 204 517 120 189 706 563 168 201 176 598 236 996 945 663 906 752 250 59 329 365 770 921 545 65 904 425 595 426 316 580 592 994 939 755 113 491 114 883 709 908 222 282 631 314 437 348 635 655 593 43 99 361 535 881 143 946 587 463 64 660 214 793 940 379 148 279 917 452 728 
409 451 394 988 898 826 863 132 485 913 783 296 744 517 117 682 256 369 932 235 807 311 761 354 164 695 670 147 932 196 822 41 1 641 117 829 696 117 221 595 798 483 669 292 229 367 910 237 814 600 161 696 999 178 876 500 483 613 781 128 716 161 755 943 930 759 992 336 698 70 736 91 269 862 547 
708 615 304 119 183 44 427 399 568 229 256 463 422 233 211 658 185 750 414 241 20 400 938 908 434 592 906 342 944 891 552 916 374 151 855 582 118 525 848 972 345 427 563 456 685 134 655 706 430 657 718 934 340 330 122 972 732 753 241 333 555 171 49 171 440 589 296 264 389 367 908 961 668 353 9 
647 177 326 278 338 188 315 44 875 299 697 925 951 708 848 675 103 739 411 242 779 913 691 678 433 573 311 737 536 253 87 826 754 222 605 868 995 338 390 791 168 170 215 989 360 855 646 520 268 56 328 117 635 199 537 825 670 168 172 42 403 541 800 713 465 903 390 628 58 107 120 676 890 728 768 
648 583 309 816 754 380 453 456 478 217 251 198 556 278 414 418 374 83 761 796 411 842 502 665 160 964 877 109 200 402 393 753 810 124 433 429 839 789 905 289 674 395 538 651 411 850 124 555 352 191 363 907 696 236 714 846 113 147 863 86 997 982 801 222 145 437 520 820 136 13 822 124 135 152 317 
994 879 538 172 353 518 740 497 868 632 241 714 455 716 846 635 319 137 481 251 677 343 995 131 408 665 976 617 798 753 994 617 905 220 273 754 947 932 287 282 157 128 654 888 182 650 584 587 933 390 343 958 736 356 529 75 486 21 708 566 916 755 339 805 568 229 963 814 754 411 20 839 38 259 525 
207 572 594 721 185 107 253 590 579 142 987 446 149 852 614 505 706 312 127 592 356 923 695 906 150 128 23 173 283 232 351 517 486 185 302 447 977 369 571 777 232 200 846 105 617 258 910 926 224 484 440 641 252 173 380 493 107 90 122 627 492 368 49 293 913 209 997 137 528 581 967 526 269 46 457 
175 115 802 728 488 548 699 191 263 44 258 579 683 358 904 323 754 817 264 187 304 256 171 969 95 472 394 599 246 826 118 167 597 394 28 235 846 877 613 736 569 851 327 315 971 891 409 319 631 365 776 9 874 293 289 27 298 294 231 658 491 664 279 342 174 505 466 282 143 543 841 870 187 826 87 
536 116 830 381 683 506 296 22 901 414 404 312 560 456 81 408 110 788 33 746 917 149 646 352 517 350 222 36 19 213 113 634 813 494 846 783 739 234 955 447 401 824 128 826 431 200 933 641 644 105 433 314 437 874 439 446 904 576 786 360 262 126 616 366 764 31 267 863 62 83 121 188 491 402 297 
903 198 458 679 407 476 308 953 75 305 379 18 831 820 225 56 837 720 102 756 377 142 632 712 58 879 543 663 503 436 283 766 987 596 198 390 240 686 334 704 644 591 822 150 530 724 737 304 98 149 757 208 845 923 406 929 267 811 847 773 779 755 306 364 604 291 6 873 271 403 832 940 407 233 450 
19 882 953 34 960 121 250 822 441 18 893 31 488 146 424 530 38 531 0 25 991 320 211 383 691 730 708 533 571 447 311 802 789 475 315 251 968 684 75 781 283 841 414 195 38 593 640 803 352 765 907 243 27 464 97 473 842 37 618 88 876 712 811 709 432 426 507 821 631 5 42 947 146 401 752 
622 818 500 809 759 956 360 318 597 301 286 114 760 138 240 495 460 198 248 674 677 348 299 919 661 60 294 423 670 776 574 31 335 164 855 440 875 713 160 657 520 843 697 896 163 293 429 265 104 289 593 376 960 286 658 70 584 429 102 455 693 804 117 870 491 115 774 690 847 44 373 541 153 887 5 
809 655 827 614 891 204 236 45 79 233 16 326 706 527 109 363 342 472 918 908 927 827 469 927 473 548 646 9 680 108 763 920 574 265 525 796 650 98 884 371 619 537 536 721 37 255 66 978 835 705 86 71 483 213 234 733 113 808 158 241 396 56 132 332 210 522 291 934 975 460 416 658 93 299 333 
311 781 730 935 670 343 811 436 402 755 347 581 728 745 689 616 985 34 721 507 461 949 972 453 88 414 225 247 516 552 168 781 575 54 673 312 630 81 932 83 488 60 314 9 830 203 927 55 42 436 229 538 491 166 167 506 191 735 938 478 563 1 934 796 786 568 636 619 811 318 960 482 846 322 447 
859 429 207 287 677 957 727 55 919 929 815 587 378 719 606 923 787 90 947 61 497 722 349 803 196 592 17 626 624 837 694 145 19 417 358 829 575 320 938 346 404 498 938 235 993 955 675 147 586 377 30 669 112 908 420 289 385 432 520 120 470 798 183 275 394 575 311 793 883 878 441 260 689 448 536 
726 710 172 350 423 805 750 534 379 971 561 113 200 778 266 949 873 23 521 544 473 60 860 590 230 586 947 487 728 403 428 114 56 100 622 987 86 571 462 859 490 214 4 521 984 374 89 2 450 484 731 681 966 269 306 36 355 811 484 634 648 958 932 562 35 389 545 302 891 913 633 434 222 516 204 
530 514 19 25 546 413 410 724 930 905 166 490 667 497 570 756 45 794 666 363 434 981 724 515 232 723 472 973 246 21 784 659 10 404 641 951 904 435 522 577 372 439 158 539 809 897 905 4 868 815 597 721 297 942 580 727 862 605 25 959 599 844 861 379 766 160 192 460 345 133 920 395 366 838 2 
487 618 391 922 569 239 386 304 19 357 114 495 106 541 824 59 673 930 319 70 802 233 432 639 496 542 631 242 397 417 654 124 382 171 457 620 443 597 975 314 487 286 848 853 788 837 867 748 171 3 211 280 307 80 469 698 307 705 739 31 962 172 935 708 309 464 454 502 367 229 159 154 664 496 534 
199 574 821 107 739 803 949 621 324 567 827 426 379 311 359 11 734 25 954 556 220 550 509 708 457 83 394 786 341 571 991 890 304 916 376 802 330 506 851 696 728 693 646 762 651 841 516 192 94 805 208 959 288 581 142 406 648 947 213 907 788 138 69 269 761 724 170 7 297 270 484 61 291 138 455 
995 295 216 844 25 753 110 517 82 2 882 840 378 385 424 981 373 841 838 781 346 544 166 86 594 282 798 859 333 443 286 436 422 164 805 518 308 324 963 424 912 289 150 347 291 347 975 939 395 259 566 863 390 763 10 82 221 521 538 902 770 824 685 810 43 596 102 991 482 635 903 356 465 638 522 
643 619 689 472 202 630 142 977 322 932 809 141 149 581 832 71 750 943 228 746 621 926 696 673 963 388 541 903 89 673 104 727 29 815 370 844 451 722 373 579 722 863 905 949 758 769 921 427 192 82 527 389 342 539 832 776 960 528 734 170 711 639 206 161 411 498 295 618 799 960 514 688 341 854 22 
411 840 986 265 627 626 133 834 396 303 127 113 847 228 515 835 83 141 343 146 442 75 802 153 398 823 572 294 389 458 743 841 550 179 984 830 769 554 26 487 659 722 452 697 683 809 833 625 707 134 387 269 645 755 319 912 845 912 4 643 428 231 677 126 415 277 395 842 344 478 240 690 856 276 170 
726 650 691 84 765 775 386 348 713 236 616 221 878 943 208 382 436 553 605 715 950 417 446 701 662 188 334 673 823 317 837 686 612 391 307 209 431 772 229 155 691 325 37 584 147 963 465 984 816 703 52 413 230 91 293 834 736 753 463 911 784 381 299 890 649 629 471 719 803 733 929 493 514 165 478 
699 944 130 804 108 850 909 767 863 966 613 525 407 146 27 699 986 763 590 672 867 672 789 951 472 467 493 21 179 295 232 611 18 411 288 388 653 712 248 719 360 583 603 953 241 133 547 837 650 578 605 57 109 78 219 9 151 427 721 227 376 251 25 872 818 370 25 246 547 218 831 795 954 615 763 
129 51 123 92 94 7 48 362 217 552 528 333 86 280 529 32 478 676 254 486 119 237 657 211 788 183 497 715 658 216 383 943 545 465 500 477 305 210 194 365 851 542 788 661 65 695 967 654 73 570 47 692 192 685 3 634 116 682 840 157 852 724 64 844 285 533 225 762 176 25 78 459 561 117 542 
121 707 331 65 218 344 582 466 856 690 244 257 436 45 6 756 612 416 912 492 842 968 224 59 153 936 344 625 569 517 190 221 135 988 689 962 432 353 346 426 112 612 132 945 55 706 705 419 471 96 323 24 893 344 378 368 808 509 697 251 199 302 142 787 45 135 629 523 614 600 774 497 392 993 286 
372 269 602 121 184 296 678 252 65 728 614 952 488 342 252 49 539 978 161 920 174 202 114 531 660 408 40 277 815 471 135 229 798 659 957 408 311 892 787 408 148 341 236 960 125 744 282 647 126 153 771 112 162 304 608 548 307 398 995 956 78 221 793 293 872 79 163 978 406 263 122 56 205 99 967 
390 450 92 519 392 959 57 51 573 413 301 693 825 362 354 477 601 51 118 42 112 633 849 314 370 494 964 939 221 857 372 351 680 227 596 160 819 532 848 173 183 134 817 553 554 132 556 773 385 976 573 212 156 400 760 518 697 281 480 134 199 289 791 527 811 547 295 573 595 8 450 228 801 510 580 
634 21 26 108 579 417 661 588 423 322 47 90 667 449 504 223 7 526 319 656 175 457 591 911 853 909 827 89 593 224 166 42 214 593 711 281 825 163 772 944 566 637 701 811 593 768 478 746 536 818 808 954 418 885 549 223 31 170 2 762 411 792 539 636 772 654 634 326 917 166 543 377 71 169 986 
997 97 249 483 953 759 569 955 403 286 608 641 588 582 34 903 882 764 311 785 469 181 872 722 350 294 745 413 517 137 644 427 381 801 696 187 587 366 902 657 768 615 147 656 422 453 856 760 386 587 474 384 93 454 654 210 318 381 494 463 410 844 571 314 324 782 752 169 620 487 942 697 45 492 755 
19 264 822 759 706 711 532 590 891 58 956 167 429 843 262 600 977 946 970 411 703 769 408 674 374 241 900 632 319 876 515 556 220 895 287 248 796 638 324 676 934 734 363 817 183 416 374 956 543 606 624 653 866 972 263 323 918 148 839 543 473 89 448 507 25 693 359 113 831 637 39 866 724 22 788 
697 722 115 892 649 19 630 649 641 452 484 474 709 815 541 853 997 214 453 992 386 306 612 956 732 895 28 821 878 895 920 686 577 919 41 795 261 503 372 209 104 515 741 521 943 396 183 634 73 111 975 899 334 883 212 822 790 555 228 796 197 745 974 78 941 716 785 312 4 81 4 679 174 453 505 
270 199 319 327 429 253 607 936 819 830 390 44 928 622 805 88 119 544 634 720 80 38 200 205 150 342 761 844 623 873 648 785 42 767 297 161 618 89 219 781 102 26 907 263 52 762 194 275 984 726 400 202 867 783 762 408 155 82 491 206 260 14 933 348 860 685 847 473 72 189 590 595 660 815 773 
110 740 602 637 858 290 377 321 768 730 273 239 848 837 206 13 681 416 682 655 284 782 667 21 975 403 789 395 475 13 287 187 635 12 995 20 762 652 813 147 864 506 541 337 391 710 911 782 86 977 401 302 109 675 654 83 957 963 358 953 55 958 356 948 557 465 849 245 955 119 81 915 236 415 963 
416 914 653 676 170 734 695 69 125 405 925 258 246 64 759 811 673 876 765 230 55 679 115 38 815 388 811 364 656 255 697 180 540 418 808 750 176 400 750 3 483 41 529 75 737 453 844 71 847 465 424 908 843 978 53 595 241 463 283 451 949 254 669 298 824 363 226 742 333 86 291 323 127 243 892 
786 830 284 323 70 470 829 553 442 124 550 522 24 720 227 820 428 123 855 242 734 823 436 227 703 342 573 309 722 718 84 555 321 678 732 380 413 19 283 805 237 100 20 493 278 861 747 588 753 119 846 306 818 209 507 11 512 687 418 110 699 900 870 605 579 964 673 180 48 122 270 474 868 360 790 
74 76
175 470 761 900 332 925 313 595 547 382 124 26 791 373 330 308 843 192 853 892 153 892 956 207 46 667 607 603 188 393 857 217 596 202 127 16 720 309 132 880 793 685 447 687 732 361 432 300 610 819 856 413 761 925 507 207 758 995 749 6 914 308 681 555 685 531 475 419 478 389 514 330 46 398 1000 657 
597 203 385 680 425 629 970 423 281 507 579 287 115 160 917 768 32 637 71 474 311 803 815 808 699 4 197 110 726 203 878 795 324 237 114 290 953 165 936 740 771 264 547 955 22 25 379 134 931 205 57 409 320 915 726 683 370 446 513 649 960 950 616 128 803 457 304 840 771 423 451 366 562 900 879 671 
275 204 75 177 638 188 266 201 22 153 912 778 857 812 633 187 616 583 675 429 263 483 767 786 932 706 117 488 907 168 66 799 262 252 463 791 870 806 247 524 138 885 339 774 584 719 366 896 786 624 472 191 172 5 443 872 37 974 662 15 32 418 494 837 175 574 238 613 746 919 20 136 130 749 650 922 
920 715 770 858 288 725 992 658 458 37 829 905 339 387 967 363 108 159 150 905 366 960 896 365 17 404 230 294 483 877 441 187 838 305 224 364 170 49 328 809 689 816 776 146 3 852 862 520 957 406 844 366 598 767 841 867 787 126 673 42 181 782 700 804 108 526 392 839 881 365 621 836 276 174 758 720 
770 989 178 350 182 876 618 314 134 856 306 94 170 473 411 291 558 908 91 878 240 805 775 328 412 171 305 85 175 737 335 444 809 109 120 953 520 883 467 255 670 283 395 975 331 232 609 566 10 792 334 504 781 869 299 299 367 809 313 369 426 859 226 979 135 771 180 291 624 69 769 67 327 539 158 872 
324 708 886 419 552 471 55 776 428 631 904 926 979 535 431 532 428 413 376 504 578 298 515 486 46 571 396 467 531 207 87 352 504 941 486 974 447 58 532 730 360 526 682 898 842 966 310 626 253 350 565 510 643 772 67 16 895 425 279 785 106 400 383 90 335 596 570 467 74 971 122 200 569 252 685 980 
325 696 107 269 117 572 248 63 586 618 113 346 529 794 101 135 938 553 642 567 443 894 808 715 777 419 669 542 253 285 522 67 715 799 569 365 803 880 286 863 70 48 974 635 438 305 55 5 233 853 968 708 59 444 483 905 364 249 966 782 720 267 5 532 869 901 141 474 381 813 374 268 234 848 998 320 
201 454 807 585 404 950 511 291 21 562 198 960 158 549 281 951 553 627 390 97 129 845 62 492 105 190 618 989 276 790 536 931 788 294 637 54 645 40 306 822 197 86 82 478 390 608 145 888 481 916 358 716 401 963 700 399 464 518 677 559 664 215 567 83 394 95 411 143 962 603 304 767 213 424 986 234 
54 589 712 755 241 294 704 190 969 205 330 882 837 844 841 122 187 133 811 688 55 157 167 283 737 52 217 779 805 324 907 74 939 997 585 325 244 866 521 81 541 814 393 834 642 368 419 24 157 644 781 687 297 501 54 133 274 95 987 41 504 149 170 976 231 93 343 774 495 115 374 489 339 529 217 112 
529 317 545 610 415 421 737 321 239 449 76 337 218 278 302 561 957 946 835 594 81 896 650 5 950 767 505 959 163 52 461 683 10 775 977 713 275 816 193 644 451 848 208 206 17 537 319 576 981 835 439 441 352 46 231 684 522 768 563 655 460 115 656 676 445 247 821 396 665 768 727 638 310 910 878 863 
141 777 578 412 226 777 237 113 337 605 948 993 579 631 407 581 349 840 562 306 702 282 712 499 978 492 626 159 493 590 477 692 759 522 898 674 240 933 63 734 669 380 153 904 810 474 893 213 655 623 456 369 864 871 785 591 228 418 776 708 94 563 404 141 377 204 625 945 554 698 807 160 617 543 622 967 
890 778 811 3 475 190 499 656 89 114 198 815 81 86 794 211 433 768 174 461 353 569 693 23 513 434 234 356 198 452 386 119 926 236 547 492 390 43 708 192 89 300 682 873 864 501 136 397 402 223 335 119 42 700 707 90 633 228 230 779 421 16 979 742 503 710 696 230 235 115 893 108 920 681 305 475 
495 884 187 431 39 663 975 147 300 924 198 587 421 627 713 821 304 112 694 826 106 418 636 56 244 426 364 385 258 922 679 899 534 821 675 32 811 353 149 202 560 473 496 345 927 348 659 514 170 533 362 215 909 50 114 215 984 157 505 656 485 375 857 939 611 512 915 547 681 576 794 325 882 167 680 294 
818 396 239 902 10 304 507 916 531 627 212 88 26 609 392 997 330 823 836 702 177 367 587 97 13 429 62 32 979 377 15 496 39 489 382 403 249 181 381 684 59 439 888 766 811 872 280 305 314 396 823 614 495 193 522 617 108 131 447 799 166 799 584 909 613 998 856 310 70 94 112 84 930 636 677 409 
697 549 932 374 996 316 759 514 968 18 498 425 939 824 864 71 42 687 928 539 219 152 256 40 186 288 972 764 757 943 620 192 206 621 209 872 819 100 420 109 389 265 532 484 335 650 195 664 645 251 740 474 959 218 447 844 762 290 197 11 728 907 235 209 1000 687 100 978 604 359 834 747 409 931 982 115 
421 65 315 148 123 16 406 592 355 848 688 576 33 224 82 27 811 340 746 801 133 564 114 767 599 948 2 434 63 636 698 561 747 598 852 25 231 684 293 62 302 560 369 163 218 771 580 315 193 280 299 225 132 32 970 37 414 689 624 319 767 69 144 675 789 771 40 137 961 580 143 476 120 959 276 153 
471 959 246 933 896 424 89 903 247 53 835 525 370 388 179 251 969 401 987 565 872 237 927 590 593 134 64 639 976 980 76 85 27 618 516 109 148 439 505 493 743 919 594 182 677 419 955 287 32 872 453 556 889 684 630 230 743 474 63 42 711 830 36 925 817 659 527 741 265 629 447 380 311 22 703 815 
277 186 483 804 727 534 708 373 881 134 15 820 765 686 506 606 471 486 712 41 225 942 842 619 623 84 560 609 712 639 84 25 100 351 505 178 797 279 429 226 460 569 378 483 310 285 771 32 733 885 580 759 917 627 82 872 105 968 618 482 756 803 803 928 876 554 787 682 641 647 923 268 840 366 156 461 
171 239 405 57 585 364 421 634 70 480 248 699 857 397 776 485 221 920 713 929 33 631 215 715 45 169 170 892 285 266 986 90 114 260 876 554 593 336 61 326 285 651 703 406 449 187 903 85 24 624 352 847 743 649 673 542 577 70 916 838 338 631 700 663 55 320 372 384 265 746 211 903 892 422 24 234 
823 649 574 391 722 413 301 245 738 653 727 120 372 469 971 336 879 965 113 295 344 677 651 298 480 32 730 326 208 411 796 519 66 938 0 844 242 562 94 566 268 697 323 299 588 174 722 417 113 333 862 107 349 968 794 227 495 4 172 32 522 326 412 22 43 185 919 930 67 105 438 700 18 846 999 685 
0 7 366 933 570 472 672 56 63 990 278 510 868 516 902 842 857 881 442 615 40 378 321 756 26 32 29 283 240 960 877 118 913 519 100 217 436 439 803 425 415 533 134 846 574 295 509 305 477 501 429 645 45 523 214 843 522 861 693 440 733 222 913 534 794 598 692 437 843 926 931 68 1 206 699 719 
670 116 233 823 474 180 920 514 419 299 726 67 450 237 681 660 520 168 351 395 373 670 973 270 0 306 908 981 837 962 301 316 852 109 54 365 422 943 140 274 949 799 646 623 411 855 864 534 926 8 46 869 738 18 556 989 715 504 434 711 739 86 52 352 615 382 201 646 955 101 87 194 534 960 521 422 
338 314 447 564 651 905 686 955 486 163 825 678 23 579 506 149 149 324 278 273 965 884 256 653 342 608 157 32 92 744 570 523 574 426 368 938 427 724 78 586 218 5 96 104 976 792 192 16 874 279 624 889 834 205 781 7 863 705 26 773 244 782 105 10 5 480 686 937 209 451 747 551 565 16 717 668 
783 869 330 384 414 848 492 640 882 348 448 164 603 433 402 610 301 709 288 336 680 563 652 732 155 39 110 456 625 546 866 97 367 623 508 37 297 481 496 811 675 554 364 864 447 34 140 104 70 514 87 124 590 833 733 9 358 268 69 954 577 625 917 636 578 459 773 952 591 232 713 306 367 654 802 261 
288 29 469 721 526 59 504 945 562 365 16 561 336 873 970 805 636 52 835 476 803 648 936 429 11 253 949 989 277 401 759 538 636 575 177 708 635 869 280 332 280 131 853 135 193 534 356 143 625 729 353 163 538 221 645 124 571 649 275 780 383 21 171 26 249 818 528 685 793 330 135 107 352 765 884 529 
358 599 283 241 820 114 15 515 595 363 797 792 457 507 161 62 871 271 428 962 148 742 103 174 164 65 499 84 216 468 499 786 755 80 513 608 328 377 336 36 83 521 331 219 84 385 381 864 860 662 129 523 713 692 409 674 293 171 161 828 758 266 341 358 477 419 456 875 781 721 996 114 772 283 909 910 
88 203 133 182 490 4 751 849 162 735 732 488 150 15 240 437 795 152 6 114 782 666 354 481 506 772 718 983 941 85 482 362 963 442 278 315 393 331 788 89 120 182 693 815 943 729 740 958 30 231 838 424 368 940 795 327 523 340 134 515 901 577 897 357 264 993 318 200 754 788 800 354 903 994 848 854 
948 952 248 649 933 282 654 486 728 144 781 177 315 134 341 467 657 535 463 534 139 29 121 881 429 210 753 728 334 488 832 283 35 275 369 47 11 620 737 87 421 29 752 612 723 398 868 871 254 376 892 935 123 656 474 402 116 846 286 638 921 676 485 356 45 225 875 921 543 972 19 631 115 847 120 378 
278 381 250 840 459 869 280 224 885 714 977 662 6 218 439 934 460 400 551 351 615 218 371 48 980 271 533 612 871 798 585 885 468 146 305 182 651 408 445 912 758 438 160 509 988 441 11 572 355 901 760 111 421 330 94 215 670 228 738 160 554 268 419 613 35 560 709 390 308 386 818 387 969 744 188 86 
956 518 990 404 241 79 980 442 254 269 882 566 788 162 512 862 525 161 833 228 520 100 283 148 510 445 372 511 510 455 299 697 247 66 819 12 652 675 442 649 968 92 700 138 765 628 503 301 881 986 507 849 950 736 597 119 550 33 87 370 7 55 680 424 133 207 380 678 545 831 244 547 392 448 17 181 
762 22 610 169 666 752 977 918 181 422 392 250 816 669 425 990 300 983 102 420 859 339 251 710 360 542 259 624 944 33 658 232 656 811 557 445 632 648 475 237 225 104 874 402 309 744 733 697 115 681 888 822 945 457 200 445 676 880 30 84 5 786 733 37 897 529 912 642 558 559 14 534 192 735 242 638 
130 1000 256 746 971 559 654 560 651 514 897 604 832 396 821 455 784 205 893 640 967 472 855 901 78 451 814 442 728 395 611 786 470 506 28 392 654 39 305 678 306 168 482 650 68 702 759 280 937 179 552 370 436 790 560 339 653 855 406 495 230 116 347 285 729 95 205 425 683 638 327 200 138 65 309 349 
920 227 102 601 903 828 240 908 817 682 45 749 600 349 894 348 148 158 265 515 187 5 295 818 969 736 758 111 317 25 505 988 402 22 194 332 849 771 111 542 340 437 711 876 164 614 516 251 632 327 81 819 848 913 648 838 630 369 618 792 996 184 977 575 791 166 368 102 153 189 233 336 391 0 610 557 
915 925 667 227 842 870 368 670 422 320 596 527 917 722 99 218 97 408 792 349 74 226 442 660 137 100 920 915 898 247 863 538 672 770 300 767 957 390 0 728 947 466 895 172 973 846 490 786 962 571 623 872 727 696 966 492 766 183 116 610 265 415 567 206 742 720 917 729 280 722 993 861 867 411 904 1000 
716 672 406 710 239 400 588 672 108 418 458 524 393 921 49 356 740 62 753 109 85 165 498 241 191 191 155 102 952 899 184 68 928 978 876 621 396 251 500 983 608 594 940 77 658 244 814 719 422 388 319 549 529 47 413 826 810 216 913 492 310 159 340 613 136 790 52 251 691 723 243 315 559 533 478 722 
967 559 214 625 7 59 851 595 439 893 700 710 6 841 793 729 127 746 477 590 673 545 531 154 183 690 746 778 912 805 797 363 765 869 89 491 655 353 332 28 593 69 654 746 792 911 803 73 648 346 696 839 783 746 857 833 912 760 268 992 554 316 140 456 135 380 455 569 669 730 287 219 912 691 903 610 
572 634 289 810 251 566 111 269 313 75 120 178 280 347 679 534 858 419 85 181 333 125 561 883 791 54 668 516 3 275 973 294 237 374 965 967 116 345 432 604 432 776 100 524 343 842 860 25 388 919 530 885 475 546 221 279 447 302 247 744 762 957 744 460 324 413 686 448 928 290 796 677 817 317 492 605 
540 724 375 666 398 865 626 279 513 99 746 125 721 276 477 92 944 145 986 760 553 932 846 825 830 966 134 174 745 796 10 364 930 60 413 203 885 488 799 175 982 40 662 590 924 621 983 322 297 957 750 356 949 606 573 953 132 222 427 737 963 932 786 825 952 642 834 334 359 680 22 279 9 917 448 24 
997 410 139 382 362 864 490 832 146 120 378 498 884 595 850 829 177 214 163 911 883 485 892 303 698 16 765 258 191 210 462 550 426 395 587 996 165 60 585 282 475 209 228 495 449 172 355 584 765 404 317 89 249 253 703 934 163 409 650 681 727 900 18 984 637 597 764 104 451 671 943 988 475 382 537 671 
742 599 410 446 690 70 199 711 774 32 687 913 157 688 950 630 840 725 179 138 402 347 944 889 419 171 90 485 109 456 320 563 482 928 739 255 665 275 332 665 184 864 831 763 899 60 947 168 711 975 937 183 178 169 183 440 57 674 536 568 294 98 684 556 629 374 74 557 520 616 1000 430 218 300 423 712 
276 628 424 418 482 758 234 242 792 775 314 551 133 263 983 213 847 828 474 259 688 357 977 98 506 537 662 6 395 434 62 466 491 65 98 876 490 101 385 949 753 264 92 834 401 0 349 1 343 39 574 916 605 762 28 984 227 644 395 806 700 558 148 242 27 175 737 713 314 363 697 627 950 699 80 598 
883 171 40 531 833 772 356 724 770 105 796 531 681 305 63 548 796 661 348 1000 533 12 862 582 371 41 431 986 928 804 187 214 241 974 549 399 318 298 388 955 538 60 903 225 245 126 458 760 482 811 533 814 701 478 857 180 27 1 893 898 947 263 185 627 775 369 429 902 981 165 350 63 579 361 148 620 
361 644 227 440 548 197 277 734 347 773 522 931 896 613 74 60 110 679 137 648 598 257 504 446 65 691 818 21 758 707 632 169 207 751 225 469 229 924 787 913 382 209 620 540 864 381 546 263 639 297 710 746 937 488 875 238 811 169 730 329 978 28 945 975 527 136 568 545 994 616 908 91 410 30 333 694 
262 442 514 159 879 868 762 23 387 23 914 802 630 228 966 77 640 551 861 341 281 95 998 346 624 835 10 910 908 500 405 43 896 332 788 579 532 442 618 614 527 761 152 425 334 308 10 118 451 496 210 499 801 751 436 755 758 311 64 683 610 223 415 288 281 770 845 394 424 75 93 200 823 583 777 742 
944 745 618 62 425 124 401 202 300 530 765 667 278 413 978 652 287 388 82 548 13 758 1 726 401 824 202 590 988 291 198 48 662 267 755 684 510 71 696 96 791 262 384 852 966 384 826 121 573 518 10 608 67 676 975 655 891 152 218 665 404 101 837 638 266 288 964 501 900 352 423 544 305 133 165 892 
189 425 233 178 149 430 616 506 81 650 256 839 273 114 236 299 173 322 877 420 536 965 631 229 712 626 385 314 850 159 463 373 190 942 513 65 497 664 496 505 591 470 672 926 747 316 44 593 772 725 395 516 412 806 10 918 733 271 27 808 371 460 313 515 284 247 272 314 670 609 178 62 911 352 873 249 
500 906 341 608 863 182 390 376 681 940 595 610 340 114 368 102 333 336 637 663 775 646 485 203 169 2 866 607 154 721 833 640 78 266 932 333 889 862 499 942 16 104 914 255 120 260 933 577 271 713 92 537 647 734 340 907 670 532 37 398 43 385 244 608 19 998 389 510 730 149 336 119 99 858 730 67 
745 909 622 662 334 214 255 164 383 730 978 750 849 599 9 252 397 177 221 666 429 334 330 513 357 463 385 854 390 853 155 574 52 880 522 35 109 420 867 170 567 266 888 831 29 967 342 688 868 336 764 356 511 227 103 40 406 416 526 508 778 235 301 654 189 514 230 273 852 903 106 918 448 149 601 484 
65 301 67 566 454 296 388 762 318 461 1000 973 245 220 903 539 807 35 777 602 667 839 174 172 24 548 16 0 583 207 406 638 250 674 556 743 733 628 673 938 27 303 443 770 797 68 340 826 856 191 449 666 447 174 652 925 618 514 611 525 723 304 544 302 628 936 566 844 30 916 139 551 499 36 947 805 
144 935 512 984 218 210 518 900 902 999 858 332 33 720 186 12 224 854 193 68 315 689 802 689 591 863 69 549 666 547 127 547 259 167 228 162 476 46 129 866 734 102 336 613 904 545 518 141 403 351 330 742 403 282 464 128 711 892 552 503 222 803 845 274 598 833 760 446 183 39 259 947 732 783 905 817 
552 704 157 472 904 162 737 416 944 137 663 451 899 634 932 539 957 119 981 96 835 254 326 902 547 119 555 638 537 302 781 486 607 921 848 663 101 184 452 261 927 112 570 580 172 651 228 147 63 220 402 809 817 693 581 213 334 578 291 192 304 372 100 452 247 731 196 628 874 768 93 463 455 913 975 972 
88 564 870 981 848 320 462 805 236 165 913 659 115 918 268 483 782 456 702 672 161 189 176 628 625 81 885 48 40 176 241 654 331 723 548 695 5 829 728 586 847 412 259 420 236 823 132 321 453 697 739 926 728 881 658 99 86 371 135 369 689 378 449 722 802 939 932 577 874 398 685 50 387 619 507 790 
300 243 687 849 966 342 364 268 17 340 768 487 236 609 566 504 528 5 390 382 990 149 795 708 266 88 585 650 430 902 552 453 695 239 346 345 296 473 437 727 64 744 118 190 653 815 291 329 78 976 55 116 838 520 748 648 465 309 727 821 25 884 674 697 686 402 702 403 483 762 134 3 656 714 65 34 
274 898 677 229 720 893 539 167 557 654 796 18 688 694 74 733 246 998 136 815 252 906 763 61 414 398 970 480 801 613 442 859 690 933 838 531 464 539 988 519 369 454 28 998 143 9 360 0 971 49 268 617 936 596 832 535 932 394 589 931 469 799 699 544 390 941 749 861 269 929 299 804 698 136 151 385 
354 881 553 395 559 728 395 596 635 463 718 39 673 689 460 865 598 92 541 209 220 296 262 625 905 973 628 92 540 427 766 724 608 93 840 835 497 385 165 517 987 824 99 575 345 420 10 565 390 588 861 986 310 884 684 404 285 987 43 24 303 399 657 630 742 147 446 184 954 535 740 608 698 484 351 451 
154 175 402 767 441 805 493 821 868 545 972 31 256 720 832 128 402 925 816 126 15 900 695 481 962 7 535 105 182 56 251 269 473 855 159 45 390 92 184 97 882 162 742 879 797 702 850 770 807 506 767 974 466 499 218 53 9 364 462 145 273 637 55 457 118 265 543 32 437 164 631 645 605 325 772 646 
737 497 615 277 996 65 729 836 96 199 490 290 67 999 588 203 55 770 180 496 596 361 507 315 993 738 534 493 495 813 949 718 321 177 922 122 897 961 594 130 526 274 810 38 354 108 125 463 164 888 431 748 402 887 398 560 296 8 881 375 608 722 245 784 955 38 516 543 151 86 12 892 649 315 322 893 
836 466 469 297 294 446 287 739 238 401 647 964 136 803 185 48 296 247 180 825 687 838 64 431 136 101 846 801 949 625 293 734 613 758 899 463 299 621 196 67 200 789 957 676 98 290 677 39 506 379 867 948 452 903 583 91 304 302 886 645 330 839 429 641 27 961 457 270 149 695 730 823 596 190 752 1 
690 171 143 313 633 19 714 343 803 681 116 805 737 795 255 628 151 504 485 402 372 809 523 572 485 413 641 139 110 563 417 165 301 724 667 768 567 85 821 376 860 225 784 870 951 724 549 638 873 111 247 737 383 987 936 904 63 917 309 989 855 412 117 275 460 393 249 388 84 410 310 919 189 578 753 494 
589 939 507 15 595 478 859 329 75 86 231 105 118 500 839 61 365 627 535 54 976 456 901 45 9 361 413 818 771 899 240 832 967 738 643 36 89 674 351 50 858 688 823 72 908 824 591 519 129 423 661 606 62 606 61 169 954 770 660 318 300 533 679 971 929 27 488 295 242 507 130 273 250 721 306 935 
628 365 936 126 392 506 892 692 295 573 6 915 535 67 253 469 528 887 866 403 991 265 462 677 393 523 118 0 910 860 967 609 594 935 163 926 794 413 894 976 63 742 84 522 664 113 530 352 339 991 344 959 80 1000 879 16 240 963 786 318 829 961 769 392 298 713 233 815 962 885 205 714 842 62 907 984 
722 922 627 323 642 947 120 467 234 922 853 63 815 674 224 385 196 876 164 756 271 556 641 78 164 789 727 52 693 312 948 792 997 861 26 507 489 760 229 587 734 490 204 803 763 40 836 120 54 218 868 591 327 595 748 834 575 18 106 535 842 50 255 491 854 109 657 651 784 719 107 63 912 54 666 80 
594 415 525 740 645 344 665 294 136 281 185 294 536 486 161 850 167 720 242 18 966 40 98 400 903 119 787 151 133 662 584 358 778 964 442 859 844 950 457 507 509 692 516 300 835 120 233 25 870 483 360 555 746 869 699 596 308 244 279 756 916 644 364 718 214 260 301 403 556 891 13 724 322 611 85 933 
439 627 997 977 627 944 940 647 338 801 140 770 78 669 298 543 82 179 936 30 453 465 659 579 299 754 851 853 315 507 709 670 197 923 154 46 428 156 641 588 194 551 373 174 486 602 699 342 72 348 535 798 637 788 191 402 464 427 630 22 214 92 463 103 259 892 608 280 430 473 437 18 628 663 919 930 
518 454 155 457 40 411 896 26 77 84 84 66 826 46 757 682 223 349 112 682 99 196 228 370 883 727 185 360 745 189 309 67 762 750 432 462 596 908 234 328 689 398 308 160 655 746 213 873 231 887 306 40 372 872 560 850 25 65 938 573 492 625 639 252 341 752 540 818 881 692 105 62 161 980 971 406 
554 472 92 717 472 542 791 629 732 180 0 61 410 76 464 168 320 857 123 136 764 482 921 945 53 172 808 683 834 249 801 233 811 90 224 326 786 795 322 696 760 427 26 452 810 433 223 206 937 145 639 503 410 229 789 58 47 765 725 273 893 676 257 1000 485 222 173 58 354 562 199 837 628 339 901 938 
690 988 977 283 109 334 452 0 811 157 849 770 246 167 428 643 757 519 96 1 727 521 656 989 380 291 982 930 166 854 606 73 662 859 837 2 754 701 703 356 574 367 154 541 674 759 993 101 633 15 378 741 306 863 890 335 677 202 682 428 98 671 185 933 691 30 378 356 820 80 697 401 143 951 557 299 
362 585 707 412 272 953 457 774 600 26 647 787 982 915 339 778 72 682 624 559 49 40 296 77 885 47 405 429 592 498 147 725 59 940 385 267 823 777 121 277 422 92 810 867 640 955 4 163 686 834 917 136 905 521 727 601 528 203 910 35 715 914 98 388 370 611 81 716 978 495 344 180 900 695 898 620 
898 981 228 771 582 232 354 413 165 446 296 890 254 792 624 49 451 294 267 927 844 869 697 946 840 845 784 581 406 693 112 156 407 111 792 206 178 105 93 208 883 348 382 917 480 214 877 658 426 77 86 318 658 56 175 95 464 503 683 706 846 143 988 694 179 175 701 549 71 196 301 183 447 383 990 43 
88 154 654 576 900 528 985 864 95 579 164 195 267 49 508 700 88 653 108 162 20 744 754 484 530 273 23 471 598 113 101 842 67 576 207 816 357 829 872 60 106 525 984 943 449 120 116 215 474 658 438 470 493 516 849 556 652 774 570 431 273 896 73 418 628 256 347 412 709 348 359 476 956 353 398 600 
394 730 948 220 853 461 743 299 210 508 348 58 43 404 329 970 303 703 696 269 939 104 386 534 922 100 236 225 387 843 164 182 927 55 897 395 65 228 549 792 210 351 593 166 353 775 871 309 77 685 614 574 523 896 392 539 700 936 9 264 147 649 648 164 73 595 988 309 215 539 724 767 746 274 469 725 
55 619 955 446 171 253 778 465 307 375 78 590 150 218 952 301 652 542 237 769 294 270 453 344 171 221 695 852 746 691 926 169 82 883 621 52 336 255 980 103 964 478 660 310 155 342 606 31 353 975 491 791 758 492 554 541 364 104 54 670 339 347 40 689 199 939 573 857 591 891 133 601 278 919 597 75 
495 428 229 232 616 90 694 129 99 114 363 722 552 275 892 640 60 575 691 683 774 773 2 311 958 202 635 577 414 286 321 239 426 807 479 324 88 312 659 329 122 925 544 155 519 503 733 710 637 324 559 711 840 880 520 60 118 577 970 907 752 443 302 875 634 158 129 284 87 997 620 325 157 513 908 280 
490 479 518 209 562 100 892 55 126 679 408 127 184 515 379 15 647 767 528 893 755 760 968 90 966 431 650 864 801 216 634 466 468 744 55 831 948 49 542 201 506 775 863 419 469 191 456 737 781 46 79 517 874 803 205 881 479 250 928 794 452 452 978 375 783 387 569 740 624 518 661 962 642 738 235 192 
67 41
614 878 599 854 603 951 311 544 914 448 929 897 680 358 146 447 279 655 615 587 355 878 822 216 333 288 400 542 882 151 478 538 192 436 633 748 629 777 684 542 378 
828 770 322 50 688 370 90 821 685 937 949 415 143 990 199 192 334 590 630 259 116 127 634 835 22 742 902 114 92 532 508 512 740 524 603 415 959 996 945 442 405 
861 565 976 514 965 456 709 191 620 102 707 792 382 143 324 540 959 590 603 655 937 486 107 314 575 147 226 15 226 965 90 441 634 265 221 544 943 705 922 132 140 
372 987 361 8 492 399 340 125 102 800 277 531 424 924 43 537 441 583 947 523 490 464 133 970 811 447 378 784 207 764 682 315 275 534 953 770 395 970 522 107 900 
922 181 223 695 306 310 84 935 752 760 371 717 125 237 89 421 852 873 384 451 607 534 663 218 79 273 88 511 350 780 971 671 276 328 840 95 383 100 696 87 376 
887 178 559 769 157 329 479 336 883 906 789 636 939 794 93 810 723 530 503 189 257 993 487 203 317 872 344 431 134 606 668 966 626 455 316 434 426 865 965 127 87 
749 468 628 669 36 63 556 996 425 852 532 906 185 924 965 538 908 40 436 369 631 405 602 334 226 774 371 494 329 203 776 833 415 33 201 131 280 704 72 490 685 
457 509 475 704 326 272 168 801 403 988 351 561 827 393 360 426 401 382 931 803 746 828 887 849 97 823 606 593 258 700 93 104 274 863 670 610 311 561 844 279 97 
383 6 568 985 106 742 468 678 13 644 461 197 28 882 844 601 998 671 694 242 355 955 550 879 874 777 55 869 620 683 834 285 921 422 858 215 362 475 182 644 729 
2 706 651 178 596 163 224 172 167 597 488 333 278 217 385 875 564 183 316 178 262 236 687 95 831 453 60 126 930 908 92 663 104 664 316 980 801 949 838 420 148 
1 165 273 879 294 427 636 813 999 55 703 994 398 92 362 623 522 100 21 633 538 464 227 889 67 802 510 64 573 502 990 182 451 818 769 387 672 354 356 58 889 
865 83 503 817 736 929 449 657 785 723 988 951 875 895 556 182 117 769 364 75 851 922 963 728 768 485 574 40 782 49 37 377 599 55 556 928 125 658 702 581 733 
592 176 377 750 167 620 965 689 121 591 745 466 214 193 295 611 741 807 5 428 361 221 665 884 371 444 956 925 571 79 749 507 66 297 625 238 897 752 977 80 873 
198 415 546 192 386 203 70 334 996 551 984 627 887 180 291 541 484 97 179 568 64 554 804 742 410 783 61 449 930 811 747 777 760 507 304 895 53 182 551 111 906 
679 680 798 55 668 435 649 826 53 388 228 260 565 80 554 182 225 225 337 452 584 351 715 250 28 280 877 820 970 659 63 808 911 813 450 714 783 499 467 246 364 
277 958 372 613 57 234 315 35 538 422 387 77 338 326 230 826 105 611 786 244 74 555 171 203 594 601 595 8 4 882 658 442 850 160 118 87 138 330 887 303 431 
904 562 4 439 395 326 438 625 714 112 619 538 546 661 172 832 5 16 346 618 245 507 934 310 885 905 775 609 741 482 735 905 667 112 972 552 263 130 515 913 423 
928 164 626 121 638 987 480 928 636 762 291 898 362 556 301 52 46 918 496 385 735 652 986 603 162 79 315 865 207 286 563 412 192 828 448 52 849 168 172 446 778 
170 462 877 783 33 807 622 893 742 572 66 125 929 417 806 348 414 287 403 171 648 685 773 367 617 461 549 376 754 926 135 334 345 761 38 584 134 47 551 850 572 
679 711 571 870 789 761 810 863 690 151 941 328 737 559 508 107 258 935 99 295 715 980 835 486 544 215 871 160 143 401 897 953 629 567 540 390 891 382 842 297 709 
938 198 1000 86 867 690 579 306 358 492 418 59 313 25 528 21 138 696 515 424 802 261 181 993 49 633 946 312 397 733 518 520 949 854 50 389 434 18 538 537 356 
629 118 74 860 191 272 243 177 451 578 631 925 97 750 549 724 212 481 207 221 182 467 734 53 447 382 762 681 690 478 380 625 178 802 171 207 503 542 4 424 853 
9 187 924 522 800 772 39 131 499 993 849 35 929 805 343 399 79 157 353 264 803 383 226 612 282 947 516 692 357 207 846 801 472 972 356 445 252 342 216 880 133 
506 43 763 782 886 687 498 432 999 583 648 739 585 582 731 308 469 77 60 994 373 255 280 886 210 122 896 978 564 627 355 71 904 513 35 213 768 869 213 899 169 
675 648 272 199 625 195 820 92 967 745 161 515 858 419 174 916 858 4 729 180 964 926 775 939 918 877 447 221 376 887 341 889 838 386 360 743 925 611 769 280 504 
470 331 691 386 55 873 426 877 792 961 889 860 634 614 588 13 33 90 108 646 289 13 784 712 705 335 122 106 908 272 265 511 38 857 754 494 494 175 800 789 624 
240 937 845 584 167 643 149 81 139 890 199 944 262 466 846 775 675 70 121 819 828 797 188 410 632 550 957 758 78 618 149 251 386 817 866 842 243 608 935 255 271 
572 631 116 312 934 693 773 56 760 441 701 587 891 674 186 850 973 993 197 11 685 289 608 9 572 387 509 186 561 31 555 783 890 699 899 141 673 340 302 512 387 
100 470 363 552 262 50 935 531 763 509 320 225 614 912 656 807 422 557 499 572 164 451 460 955 679 578 31 97 54 667 240 294 382 235 57 62 257 276 163 642 634 
753 144 789 535 136 777 699 422 810 797 919 617 276 935 485 835 221 42 935 136 464 413 730 462 424 658 380 378 415 675 926 755 26 18 52 109 720 891 718 340 381 
327 581 245 124 979 768 452 277 859 274 784 292 693 47 644 795 513 268 940 213 937 834 770 79 317 1000 543 764 619 964 205 704 217 252 554 410 888 981 194 965 315 
774 284 531 551 439 284 322 735 230 785 348 654 79 286 232 981 22 595 767 324 127 566 528 604 330 847 983 802 680 752 41 959 946 179 873 929 396 792 547 433 456 
319 110 454 960 798 918 337 450 209 986 357 865 311 533 407 632 403 265 415 176 892 10 673 462 582 145 60 759 302 652 65 227 984 861 570 660 617 871 363 282 856 
439 47 641 706 842 777 353 201 728 111 261 117 351 172 950 786 920 589 533 118 347 319 887 355 623 609 954 589 176 433 364 669 642 420 510 612 234 428 427 329 899 
480 720 919 19 915 362 786 774 328 74 240 751 73 915 314 509 89 540 433 837 817 993 551 861 158 609 524 837 453 552 335 548 500 649 572 346 467 160 182 456 309 
139 566 426 198 41 687 761 568 929 561 402 929 664 584 709 632 911 941 286 494 761 890 336 246 297 471 271 920 528 407 821 110 972 506 96 52 201 135 434 665 742 
455 636 10 373 268 566 102 815 691 844 932 534 918 309 84 502 253 652 728 637 424 460 717 564 133 729 131 394 585 891 381 737 588 776 275 946 577 155 627 281 38 
719 25 187 45 408 798 292 679 676 179 985 295 580 421 20 854 610 488 616 299 1000 270 954 201 637 846 756 737 72 478 729 49 808 852 73 964 479 450 605 459 868 
767 156 656 150 821 681 117 915 333 789 251 354 492 577 2 893 799 817 860 708 395 533 19 549 379 355 22 860 485 573 195 200 132 240 474 246 374 672 876 905 234 
862 786 267 754 330 247 162 985 799 623 261 93 589 612 821 138 574 461 600 14 438 826 412 776 539 870 150 255 883 643 672 692 664 520 640 721 195 119 957 609 126 
426 30 170 617 17 908 372 456 295 835 287 3 613 640 984 693 664 483 368 46 886 638 880 601 827 89 994 123 70 305 489 139 379 918 335 392 797 675 566 871 923 
57 795 926 534 850 273 1 490 495 913 408 749 483 894 293 436 17 195 919 794 805 172 667 22 852 465 885 181 733 995 554 397 447 115 273 776 284 768 708 115 518 
806 251 656 692 102 978 189 791 405 139 385 79 33 427 773 517 893 711 459 337 995 693 466 733 977 658 240 646 60 69 731 451 943 894 578 894 157 330 904 492 554 
43 622 533 122 570 324 496 185 269 432 910 104 578 2 143 988 760 256 50 772 202 195 380 587 234 333 846 319 667 252 584 793 972 668 835 106 327 236 877 37 431 
657 184 817 253 833 515 529 365 295 749 483 555 95 510 782 608 683 347 894 976 442 433 714 522 577 817 471 97 350 597 717 841 968 701 219 23 681 55 121 463 718 
477 9 295 301 363 780 234 398 778 215 773 557 244 752 182 868 914 924 3 781 117 150 264 91 388 319 21 780 557 218 740 387 178 590 650 369 123 977 0 717 214 
686 505 311 618 8 845 923 431 269 775 604 333 401 403 274 478 513 235 62 570 20 181 977 268 746 830 334 265 717 931 330 268 567 764 535 488 50 383 494 565 127 
337 711 469 891 640 803 36 725 649 290 540 462 683 782 12 213 224 403 509 143 320 895 981 176 179 4 619 446 961 188 689 831 586 796 355 906 994 232 732 294 38 
686 97 702 873 437 31 137 780 99 583 865 367 709 185 404 196 907 644 867 800 875 969 637 737 153 52 824 748 258 475 222 843 187 716 326 917 99 856 750 368 202 
775 501 736 46 60 833 654 788 672 681 344 278 812 408 885 348 950 259 954 909 986 806 521 890 889 623 873 26 800 546 579 285 0 113 191 623 691 34 962 17 715 
663 142 426 797 520 394 311 813 434 223 24 929 737 43 838 479 715 41 145 310 939 581 849 531 965 897 666 958 408 22 395 83 311 348 904 477 493 901 81 678 692 
42 492 575 303 650 683 744 43 130 288 321 406 563 365 0 514 999 510 641 724 759 40 734 334 856 33 454 151 547 84 118 958 770 462 553 526 988 69 84 432 151 
270 566 199 750 238 201 852 171 633 496 648 742 605 128 986 654 808 356 534 903 237 202 37 766 23 444 598 900 492 160 511 159 25 921 595 769 585 307 16 211 87 
74 44 387 790 871 598 149 990 913 693 841 697 265 970 89 22 969 486 951 210 779 210 458 357 160 764 984 562 413 503 507 646 56 461 475 665 258 765 45 345 940 
366 388 103 888 736 628 176 909 529 114 959 366 380 42 181 976 929 810 124 248 993 618 528 573 316 170 6 877 327 792 625 962 201 667 98 919 513 169 128 290 837 
809 755 206 857 465 678 511 81 608 85 668 190 891 905 915 855 977 506 444 552 204 499 845 670 469 536 659 720 222 577 460 758 211 362 110 342 731 80 291 836 56 
546 125 112 385 71 851 879 641 459 596 90 651 685 269 826 323 171 713 759 193 14 178 669 801 715 192 978 859 734 73 303 732 781 363 108 925 553 103 778 770 156 
543 386 98 733 706 364 163 924 76 885 274 253 574 356 25 852 706 500 324 573 524 409 799 109 383 858 779 49 117 589 247 745 171 404 718 48 134 620 622 42 865 
873 827 517 586 92 590 538 71 498 823 771 417 441 278 179 370 635 94 375 480 909 784 828 126 74 519 796 312 108 679 495 861 274 349 225 931 464 933 851 759 30 
859 530 922 521 41 837 9 728 883 721 634 588 751 484 994 479 648 668 184 326 225 152 514 107 344 77 863 930 160 792 909 293 281 511 921 45 9 287 373 59 838 
863 613 893 818 224 568 672 32 783 453 701 839 405 44 644 66 764 134 408 22 273 810 446 726 847 470 420 992 454 744 63 930 558 868 405 383 901 700 721 299 0 
870 500 415 572 805 986 339 341 830 149 364 278 346 307 497 960 168 938 428 543 602 119 654 521 443 189 234 614 673 612 966 223 517 795 446 115 843 636 585 138 862 
297 655 565 522 813 946 577 535 53 780 728 382 618 929 622 792 15 628 231 670 735 386 839 669 999 510 192 28 32 609 322 122 955 174 901 334 451 663 79 20 751 
963 518 796 486 927 204 106 886 844 902 766 862 450 881 650 816 9 800 35 632 562 13 584 738 448 537 131 46 436 304 116 873 446 492 83 243 612 694 383 885 926 
53 693 569 143 360 470 270 1000 171 296 2 807 999 86 195 867 292 443 691 233 246 325 612 607 811 449 151 191 901 304 795 724 528 12 138 222 194 636 74 346 218 
924 163 27 805 870 232 604 940 736 522 720 419 129 131 897 137 15 825 181 265 332 936 211 155 82 772 353 849 104 196 618 115 390 179 647 112 826 613 93 232 542 
239 812 706 175 269 352 41 259 429 302 858 830 86 112 604 38 343 801 219 563 125 404 310 157 136 437 106 610 897 320 879 693 319 151 441 890 640 881 996 740 835 
