565 61406
700 948904
9400 496339
4000 935578
2100 961702
9800 431941
6400 903449
5400 896210
100 57823
5100 207713
3700 850913
6000 443076
1800 459580
3300 120450
5700 367937
1500 976853
6200 885940
6400 358764
8700 37070
10000 878506
8000 563772
6200 238565
4100 599261
7200 848935
3000 316039
2600 301489
600 592130
8700 85683
3000 826187
5600 959957
300 107283
1900 396402
6300 172158
8200 219799
2900 962085
5700 174985
4800 660116
1600 823036
3600 199500
3000 200604
3200 82882
4700 360264
4100 241374
6700 933394
600 411454
7600 849728
7800 263216
3300 25870
200 593083
8500 104362
6000 156823
8400 229367
1300 193200
2300 731787
5500 204775
6600 926768
9200 334033
9300 278886
8500 667254
4000 955872
2000 537171
9800 797379
8700 901656
9500 895530
7400 241259
5800 120548
4500 522404
5200 553780
2700 47759
6300 704016
4000 700141
5900 831715
4800 602227
6800 884556
1100 918601
1900 351581
3900 59276
7300 355420
6400 958924
7900 908229
7100 53647
9600 406853
3100 786700
1300 351489
6700 1009
2800 956045
2700 502366
7000 244214
1800 483112
2900 244921
5700 88151
6700 836617
5900 125991
1200 13773
7900 283211
3600 652767
5000 435877
9900 445198
8200 700752
1500 591581
1100 22743
9800 924290
600 85754
2200 251496
9300 777840
7100 729517
500 639968
8400 1316
2000 722791
8600 569429
5100 466837
6200 470200
2500 110319
4400 122558
9000 748975
2700 655368
7700 933567
7400 818733
4300 835010
8600 813433
6600 809804
6600 375784
8600 615908
5000 475375
9500 451401
5200 232116
9300 810090
7000 516625
5000 115437
5300 346197
4400 249833
4400 320066
5700 292075
4300 363152
100 253173
4900 923625
300 681082
6200 663275
2400 255396
4100 561833
300 666191
7200 177962
4300 133003
7100 907113
7300 731869
8800 163219
2300 587710
2600 402828
8100 886427
100 84586
400 156563
4800 796088
3800 984380
2000 494325
8000 526559
6600 409683
8000 638519
5600 466040
700 797110
1700 56256
7600 479425
2900 569657
5900 912879
2900 255845
1100 422925
500 295100
6400 361437
7300 958951
6200 482642
8700 867782
8800 584853
7600 612395
6700 592644
8700 627485
1600 744173
10000 380822
6500 937560
5400 861701
3200 675578
6200 34893
6600 931715
7000 232708
6600 138193
3900 55413
7200 752826
2300 179230
5400 526023
8700 995571
1000 872435
1000 60377
2600 809904
100 927532
6700 684066
5700 853369
8700 132130
800 378437
6300 840700
400 536836
9700 255793
4200 874402
4200 666934
800 196926
1400 688307
5600 927850
7900 231814
4300 397421
1000 858429
2600 2817
1800 440607
8500 884565
3100 95716
5500 771915
8000 953336
9900 3899
9700 433596
9800 723631
8200 463685
3100 677221
8200 304923
900 811472
1300 915579
7300 832663
1900 388374
500 719829
9100 457424
7000 741655
3600 291202
7500 42849
1900 431544
3900 251497
4300 579251
6800 374363
7900 647591
1400 977619
6400 874047
10000 204454
4900 806421
3600 71129
6500 80250
6200 517480
4000 502452
9600 83969
8600 360442
8500 7238
9500 514234
7700 836879
3700 565972
300 11302
1400 343133
4700 684809
7100 163933
6100 570411
6900 60113
1200 13299
4000 246505
8300 37243
9900 243659
8400 562962
1400 50830
1200 896891
2000 218112
3200 553516
6500 462945
1900 590672
3700 589030
3800 968069
7500 968631
4600 458655
7900 2737
5000 510499
900 540068
1800 153997
1200 590805
6500 924042
8700 741886
4000 728446
8700 590090
3200 234368
7900 866201
4000 218009
3000 269250
1300 265609
7300 87500
100 841090
700 524339
6500 588779
9900 313386
9400 920222
4900 757843
6300 767978
5300 188168
8900 209425
5500 350166
3000 892427
7700 169597
7500 471170
5600 830449
5400 514260
8400 489116
6500 191445
4700 437146
9700 604618
8600 277307
3100 632302
10000 508932
6700 43185
9700 612462
7600 29236
8800 113894
500 642574
500 588747
3500 906570
4800 434804
1200 571431
5200 396775
2600 824534
2500 778211
9800 816320
7800 35863
600 314110
5600 900904
9100 383967
8500 259951
5600 170661
8200 37241
2100 199496
4200 794117
5600 543345
400 969418
8800 288768
900 356270
100 497159
3600 314192
2500 88973
4000 135615
8600 435405
8100 872064
2900 222196
9100 924428
6100 969190
1400 999247
9400 3641
3600 653227
5100 269112
7000 98675
800 908513
7600 248880
8400 24360
9200 80415
5300 823602
300 812401
5900 589275
3200 833354
400 478576
2200 353923
700 132150
8600 408041
900 253409
9100 75323
1800 429341
6100 248047
6600 699401
7900 333549
2100 598199
2900 205587
9400 976942
5500 725487
2100 432360
6700 35336
8900 278740
7100 494806
6300 473365
8800 685317
1200 164289
3200 629879
9900 67234
3000 944063
3300 173753
5600 547110
1100 789366
8000 317673
5200 385793
3600 608569
4900 878837
4800 955642
6300 301727
1600 157060
1600 388163
8000 513637
6900 910424
8600 142238
7300 412615
4300 538465
4900 791535
3900 30298
9100 999524
2000 380835
1200 13740
3100 613837
2100 496129
3900 378718
9800 68177
7100 839950
9400 202305
2800 225161
5600 586662
100 168304
4900 161610
6600 386647
8700 384301
6200 593865
9200 492865
2500 990591
8500 426797
1000 128877
300 374220
3000 594166
600 66987
6300 651826
8900 896782
2200 373615
3100 21675
3800 242669
500 444269
1000 350753
1000 586610
4300 335603
3400 775950
4700 568512
9100 500742
2800 664856
3900 262102
7100 179393
9500 980460
6100 423026
7800 305450
7700 513497
6400 424808
1600 519574
4300 877679
10000 680637
6600 902591
100 365720
9700 832970
9500 249187
4200 828983
5400 189966
3100 373664
5700 298815
3800 224276
3100 539789
7600 706261
7700 535622
9000 962779
5900 298026
6300 732560
8200 650157
300 223250
10000 230009
8500 759733
3200 57578
3100 689150
4500 146064
9300 166760
2800 521584
7400 240419
5100 269124
7100 49232
7100 972342
7700 53894
700 483881
9900 820113
4200 20464
9400 937965
4500 899605
9500 100175
5000 999700
3300 415901
4600 494877
4400 58481
9300 599509
3900 105306
7600 572245
7100 517338
1400 882346
3000 924265
2000 654355
9300 950576
1500 121927
1800 640911
4700 995180
3800 790041
1400 23265
3600 369875
6400 218101
1600 491064
6200 445933
3700 175351
700 459778
100 79539
2200 858784
9100 627778
7900 423977
2000 205807
9800 231536
4700 10873
3800 446911
4600 861009
9800 441297
2400 411360
7200 230424
1400 705471
4100 626424
7700 785724
2300 54602
1500 950812
9900 140634
1400 834003
7900 997674
800 951822
5700 703277
9300 814762
6200 408588
3200 452154
800 391205
3400 823940
1200 433607
9300 819524
4100 564599
3800 870697
7900 697645
4000 951315
3800 754392
1500 210651
4000 109206
500 201995
6200 198973
8900 210593
1100 756437
3500 978193
4800 288732
6900 95104
1400 365120
3300 173578
5100 992232
2400 244348
1400 522156
2100 165402
4200 169560
9600 848987
2300 712173
4400 496424
2000 619680
8100 159201
1800 378714
9500 256407
4800 770486
6500 117651
900 740805
5400 411022
5800 878093
7200 213431
6500 178886
2700 199920
2300 508124
4300 381905
