78 177712
686800 375460
822400 236055
815500 215783
937400 195801
276000 349837
386200 80115
250200 846205
387000 881686
759300 919698
123400 996645
32400 799769
926600 239355
755500 714774
457700 492387
275500 683583
512700 422046
723700 733055
811200 496033
339100 173301
812300 200404
637800 425074
719700 756308
952500 692863
636300 20209
681600 816660
782700 952241
561800 673442
8400 447435
427600 678859
660800 29933
589200 330340
268900 214519
792300 199290
561800 152830
295100 10442
376200 530442
743400 88775
746100 699032
423300 957143
155400 215640
869300 195735
61300 372720
879000 312147
305500 792439
17900 842702
736100 627195
428300 45760
285300 499004
625500 579603
333300 654574
91700 204838
257800 124283
938300 761994
33400 106943
523400 27399
99400 760778
882400 825048
568900 117601
910200 188522
461100 954942
228600 953826
910700 966923
549400 678100
648200 274027
682400 506828
829800 334962
151200 791753
946700 511143
3300 402045
791300 873801
648000 518799
660300 62279
407100 583320
692600 468935
622000 675369
854500 901152
843900 783748
842300 127903
