275 608956
874300 739495
896200 765061
446000 221000
273200 868418
519400 523220
195400 26603
200900 257645
720500 671662
906500 109992
617500 455915
725700 637970
372200 449015
91300 753640
584600 803354
148100 867677
738400 61457
246400 133080
35700 452620
635800 68019
82700 994929
958600 381373
80900 327447
486000 36729
803400 881868
496400 216541
628700 158224
242600 857940
476100 354008
989100 547453
187400 623052
356300 225833
836500 271496
478100 110560
785800 609375
839700 415389
218800 985619
699100 951310
569000 903455
985200 105173
836900 993005
136400 183049
327200 213792
349500 584054
857000 713100
972300 829400
890400 740793
98500 490404
595700 969379
38400 742016
130400 608573
510500 589318
786900 129513
478500 686917
874000 44161
66600 368768
587300 780434
714600 813165
649000 773660
877000 482294
519600 142163
487200 70652
903100 242849
584500 344783
508500 854817
58400 215927
131900 112870
835400 952622
105600 575090
407200 280932
690400 854399
896400 896378
225800 649850
512400 520647
59800 970946
700200 896918
881600 669550
154600 989542
252700 3652
134300 881961
141500 942531
122200 523653
497500 894362
979300 846934
270800 274094
909300 264810
194000 327000
442800 109699
520400 693093
595600 827289
813900 632724
649500 208534
670800 521691
740900 16088
129600 982883
765300 883122
48200 416903
160800 406315
857700 873689
193200 791805
439300 242910
783100 601879
15400 630221
110500 379612
213600 399187
119400 806050
322500 260625
771300 108660
292200 983581
143800 806545
943500 822397
957700 504426
273400 559151
616000 976615
679600 662308
981300 545891
227200 476416
932600 23212
692100 364444
603600 858948
31600 483588
307600 599842
392100 581562
17700 343538
731300 607153
737600 229201
364600 692562
925800 525266
180300 189050
342100 504187
604800 665018
934000 696136
360700 959574
922600 486823
174600 899655
769900 511483
745900 274169
197200 652314
300900 198541
646200 383887
807400 326680
11900 90904
252300 77923
791200 513768
445800 297
342400 707623
599700 773532
252700 146861
827200 535967
418800 722762
435500 816141
296000 609794
634600 870257
799300 901961
194700 120908
647200 941771
557100 729811
73900 910887
243400 331566
216400 857966
543400 397434
920700 743913
232400 836232
547200 795217
479500 95900
925100 2005
887800 879470
84200 444695
225800 848940
849900 809199
681400 627127
651100 310951
775800 137889
821300 508989
227300 276789
502000 700004
233100 473839
805200 978819
491600 666944
763000 339828
744600 16652
649500 226054
94600 274347
601800 502780
711600 383531
289900 628108
626700 157516
77200 535841
409000 692995
151500 268058
956200 300472
997000 95752
604600 430215
250200 427444
679700 96643
224900 777366
792300 184303
86500 549279
652800 758467
983000 528880
901500 541677
170300 71009
958500 955213
373400 169915
480800 753079
48700 883326
606000 471285
946200 16796
451300 807107
735800 78588
614300 306897
181000 395192
180900 446597
888700 559135
979900 90614
844000 542068
454800 74418
139300 451757
684800 498297
698100 306356
368600 752447
935300 491626
664700 121646
245400 474975
888600 555873
49000 295131
585100 944619
501600 396377
235200 435790
11500 727878
269400 803908
850300 64390
622500 622906
286500 161200
583200 629328
112200 353805
264600 29914
156700 269085
582000 514786
566800 975121
735600 427235
394800 851154
195100 130832
823500 829305
132900 822539
171700 571925
555200 374254
904400 419368
217600 631174
933300 191082
752900 825938
215500 152901
160700 541128
447500 837719
946600 36625
699100 259379
259600 586376
539500 722784
919700 96320
636300 668568
774600 337723
241100 554699
593800 24307
583700 640410
998400 681684
486300 841180
973200 104192
181000 842652
778600 142218
882800 127896
804900 150075
493500 46788
985200 238289
846400 636741
941300 412603
796100 540855
