275 608956
4300 739495
6200 765061
6000 221000
3200 868418
9400 523220
5400 26603
900 257645
500 671662
6500 109992
7500 455915
5700 637970
2200 449015
1300 753640
4600 803354
8100 867677
8400 61457
6400 133080
5700 452620
5800 68019
2700 994929
8600 381373
900 327447
6000 36729
3400 881868
6400 216541
8700 158224
2600 857940
6100 354008
9100 547453
7400 623052
6300 225833
6500 271496
8100 110560
5800 609375
9700 415389
8800 985619
9100 951310
9000 903455
5200 105173
6900 993005
6400 183049
7200 213792
9500 584054
7000 713100
2300 829400
400 740793
8500 490404
5700 969379
8400 742016
400 608573
500 589318
6900 129513
8500 686917
4000 44161
6600 368768
7300 780434
4600 813165
9000 773660
7000 482294
9600 142163
7200 70652
3100 242849
4500 344783
8500 854817
8400 215927
1900 112870
5400 952622
5600 575090
7200 280932
400 854399
6400 896378
5800 649850
2400 520647
9800 970946
200 896918
1600 669550
4600 989542
2700 3652
4300 881961
1500 942531
2200 523653
7500 894362
9300 846934
800 274094
9300 264810
4000 327000
2800 109699
400 693093
5600 827289
3900 632724
9500 208534
800 521691
900 16088
9600 982883
5300 883122
8200 416903
800 406315
7700 873689
3200 791805
9300 242910
3100 601879
5400 630221
500 379612
3600 399187
9400 806050
2500 260625
1300 108660
2200 983581
3800 806545
3500 822397
7700 504426
3400 559151
6000 976615
9600 662308
1300 545891
7200 476416
2600 23212
2100 364444
3600 858948
1600 483588
7600 599842
2100 581562
7700 343538
1300 607153
7600 229201
4600 692562
5800 525266
300 189050
2100 504187
4800 665018
4000 696136
700 959574
2600 486823
4600 899655
9900 511483
5900 274169
7200 652314
900 198541
6200 383887
7400 326680
1900 90904
2300 77923
1200 513768
5800 297
2400 707623
9700 773532
2700 146861
7200 535967
8800 722762
5500 816141
6000 609794
4600 870257
9300 901961
4700 120908
7200 941771
7100 729811
3900 910887
3400 331566
6400 857966
3400 397434
700 743913
2400 836232
7200 795217
9500 95900
5100 2005
7800 879470
4200 444695
5800 848940
9900 809199
1400 627127
1100 310951
5800 137889
1300 508989
7300 276789
2000 700004
3100 473839
5200 978819
1600 666944
3000 339828
4600 16652
9500 226054
4600 274347
1800 502780
1600 383531
9900 628108
6700 157516
7200 535841
9000 692995
1500 268058
6200 300472
7000 95752
4600 430215
200 427444
9700 96643
4900 777366
2300 184303
6500 549279
2800 758467
3000 528880
1500 541677
300 71009
8500 955213
3400 169915
800 753079
8700 883326
6000 471285
6200 16796
1300 807107
5800 78588
4300 306897
1000 395192
900 446597
8700 559135
9900 90614
4000 542068
4800 74418
9300 451757
4800 498297
8100 306356
8600 752447
5300 491626
4700 121646
5400 474975
8600 555873
9000 295131
5100 944619
1600 396377
5200 435790
1500 727878
9400 803908
300 64390
2500 622906
6500 161200
3200 629328
2200 353805
4600 29914
6700 269085
2000 514786
6800 975121
5600 427235
4800 851154
5100 130832
3500 829305
2900 822539
1700 571925
5200 374254
4400 419368
7600 631174
3300 191082
2900 825938
5500 152901
700 541128
7500 837719
6600 36625
9100 259379
9600 586376
9500 722784
9700 96320
6300 668568
4600 337723
1100 554699
3800 24307
3700 640410
8400 681684
6300 841180
3200 104192
1000 842652
8600 142218
2800 127896
4900 150075
3500 46788
5200 238289
6400 636741
1300 412603
6100 540855
