5 43 17
7 8 4 1 10 1 3 9 10 7 2 10 1 1 7 4 2 7 3 10 6 3 5 10 9 1 2 8 4 3 6 7 3 2 4 3 3 3 9 3 6 4 
6 8 9 8 3 2 5 5 3 8 9 3 1 1 5 2 1 8 6 6 1 10 2 8 9 4 6 3 6 3 2 9 6 9 6 10 7 2 5 2 6 2 
8 1 4 1 8 6 4 10 1 7 2 5 2 10 6 4 4 5 3 8 3 4 5 2 9 9 9 1 5 9 8 3 1 3 8 5 10 8 1 3 5 1 
4 10 3 9 5 5 3 6 9 6 9 1 6 7 7 6 3 4 2 4 7 9 6 1 8 9 8 5 4 2 7 10 4 1 5 1 10 10 3 5 4 5 
10 10 1 2 8 1 6 1 2 1 9 8 8 10 6 5 9 5 3 9 10 10 8 2 3 9 8 8 1 4 7 10 9 5 8 9 2 8 4 4 7 1 
7 10 7 8 7 7 7 2 4 2 2 6 4 3 4 9 5 5 10 9 2 4 4 7 2 10 10 6 10 1 10 3 8 2 10 6 6 5 9 5 3 4 5 
6 5 10 4 5 10 4 6 9 5 1 5 4 2 1 9 8 7 2 3 9 2 7 9 10 4 5 7 1 5 2 4 5 10 10 6 1 6 1 5 5 7 9 
8 5 6 3 5 5 7 9 3 5 7 6 2 1 10 10 1 10 10 8 8 6 5 3 10 7 5 2 4 3 7 9 9 9 6 10 3 6 8 6 9 4 6 
5 7 8 9 4 8 9 5 6 3 4 2 10 8 5 5 4 2 3 2 5 8 2 7 7 7 10 10 10 5 9 6 10 6 10 6 3 3 10 4 3 3 8 
4 12
1 3
1 29
5 24
4 29
2 11
5 30
3 3
5 35
1 28
5 18
5 33
4 24
3 6
1 35
3 22
2 38
