26
906 733 590 234 446 360 902 276 578 830 118 732 262 704 11 964 285 667 528 226 816 415 472 529 658 217 
376 752 67 137 169 921 821 597 803 564 634 788 685 657 635 84 238 306 642 245 151 447 594 20 23 223 
169 761 110 862 997 273 226 505 100 692 485 924 794 360 516 556 431 372 25 430 790 974 731 958 416 534 
329 769 655 512 387 547 899 150 753 129 608 436 769 681 342 762 445 221 552 430 211 516 382 951 611 857 
403 891 461 282 639 682 496 602 22 944 52 951 599 679 441 404 189 195 214 161 842 740 635 886 407 191 
615 556 166 566 498 468 640 267 388 221 351 433 61 498 389 771 275 18 155 627 647 647 500 141 736 951 
119 161 510 294 24 924 720 106 471 895 319 638 975 431 480 623 513 275 662 146 527 618 462 524 513 258 
274 376 587 354 759 13 397 201 910 990 114 484 742 88 817 588 1000 487 583 798 522 809 491 937 389 929 
673 331 399 365 752 981 650 385 844 330 683 850 668 172 204 396 389 87 274 349 437 964 47 783 825 160 
169 770 335 370 994 871 469 952 534 150 672 82 296 153 774 46 325 671 805 491 887 10 569 942 435 673 
250 48 811 151 643 157 894 106 100 830 363 973 337 48 433 862 234 963 506 128 825 773 556 459 599 628 
23 743 686 479 961 893 184 118 421 214 367 421 735 489 115 726 378 345 112 283 466 805 356 360 930 495 
269 287 392 718 746 65 212 28 869 124 53 943 471 112 619 548 372 337 262 224 795 232 470 717 375 258 
856 260 849 951 528 69 131 348 9 552 798 298 806 655 973 964 301 593 248 861 207 497 210 896 258 438 
660 718 583 857 488 612 20 617 262 354 578 634 578 477 192 441 916 701 582 498 110 696 635 987 18 477 
56 486 306 610 171 843 134 431 477 475 433 657 908 518 628 488 506 926 330 41 140 258 186 700 651 932 
873 175 598 843 253 889 303 562 363 48 850 63 433 44 113 221 253 921 770 730 508 921 639 970 772 216 
53 122 706 694 862 957 965 449 263 443 161 600 882 453 605 681 429 635 550 299 722 846 561 285 645 942 
341 733 137 901 318 642 811 945 124 75 757 230 578 542 741 602 479 298 731 488 616 125 750 165 724 350 
576 942 127 548 557 408 367 733 673 623 722 736 527 840 518 804 722 286 912 534 456 384 950 295 305 273 
773 36 917 16 747 108 123 254 53 878 403 618 139 200 389 416 303 721 24 309 594 568 900 541 959 650 
80 118 910 952 877 386 770 318 232 217 684 390 964 948 94 987 878 411 40 830 879 656 182 541 966 122 
759 7 803 99 208 809 621 699 560 500 381 490 441 660 121 649 301 930 586 394 759 828 270 180 822 968 
254 600 629 84 153 358 518 329 344 201 258 387 264 311 794 587 179 770 570 893 991 73 824 418 261 904 
514 335 899 675 421 237 259 127 638 639 338 594 981 799 738 110 573 872 384 290 478 125 534 449 483 681 
226 728 221 302 238 932 165 270 326 130 830 709 845 902 857 933 40 213 606 359 865 50 642 729 461 124 
