95
867 447 174 142 625 923 391 730 884 467 952 139 609 966 520 519 904 212 603 172 574 755 279 464 235 901 485 304 973 776 430 338 844 772 684 50 196 392 756 353 214 302 971 945 742 819 54 338 382 184 232 713 146 131 952 12 75 551 704 943 220 831 143 497 992 375 592 999 914 35 537 73 907 206 973 321 815 125 202 671 768 489 124 607 282 761 640 136 429 549 338 463 183 4 487 
706 855 471 300 542 907 756 717 418 883 28 455 233 155 5 974 580 981 936 799 478 69 652 544 174 67 513 507 352 524 358 967 700 586 540 583 262 943 953 249 204 46 398 583 84 154 505 921 355 933 996 482 990 971 740 455 981 60 595 67 947 381 478 670 200 32 191 369 439 759 820 779 304 565 798 463 39 37 212 916 667 833 221 452 400 612 657 85 205 912 497 619 231 442 875 
188 516 137 511 770 641 314 532 557 693 119 123 902 908 875 147 390 588 951 44 29 835 529 860 979 543 728 981 34 708 969 364 529 290 213 628 219 509 584 777 710 475 204 134 165 785 60 239 358 471 729 192 181 695 273 372 127 834 875 310 872 931 508 724 94 33 877 262 3 170 266 284 134 987 844 510 435 952 88 233 223 51 535 241 645 380 492 953 979 238 529 796 949 51 698 
232 625 330 967 350 874 416 407 716 574 891 352 602 704 785 224 144 734 256 15 287 291 771 42 483 230 259 42 968 746 388 35 338 524 948 230 107 864 591 95 753 709 293 679 429 476 546 307 333 141 758 995 146 713 59 644 91 225 890 982 689 918 966 111 65 879 446 631 877 894 24 698 235 195 697 721 436 327 565 705 862 603 165 274 395 815 108 553 296 555 530 550 79 713 57 
919 661 584 451 819 740 619 521 240 762 504 613 38 609 2 633 602 869 616 454 476 201 443 751 769 682 692 291 121 258 787 6 370 238 649 648 811 545 415 228 738 943 909 75 207 243 612 871 791 737 636 72 217 508 151 242 156 153 452 197 544 731 653 772 232 333 9 775 990 131 835 81 71 289 993 794 747 874 21 437 798 522 888 203 594 29 898 647 659 718 843 737 857 200 590 
443 314 769 200 647 285 218 373 198 879 656 460 194 2 982 886 485 593 305 11 232 382 994 300 662 541 864 674 950 982 763 550 116 302 290 447 48 710 886 455 869 339 397 198 547 965 808 558 198 64 13 37 918 277 165 534 301 818 871 784 532 838 796 533 718 750 401 957 266 43 928 864 909 146 967 560 662 90 223 205 217 225 294 286 749 272 238 511 310 914 587 69 611 393 17 
644 409 577 804 658 862 923 839 977 710 316 630 568 626 715 403 979 980 670 540 167 165 158 323 543 304 94 365 698 540 440 292 698 517 736 421 86 131 199 555 929 801 633 570 617 615 7 628 328 937 886 488 279 927 399 310 878 563 861 44 685 469 898 852 935 658 626 996 801 929 325 908 623 141 817 227 760 934 39 747 661 775 898 161 902 945 83 862 269 511 911 824 776 1 599 
673 403 1 886 967 484 8 95 347 734 938 773 226 662 454 641 367 417 279 560 567 372 253 218 731 122 525 124 554 266 757 247 996 167 585 351 656 798 49 708 687 459 560 636 566 636 590 599 24 36 191 626 514 842 979 173 438 72 444 533 208 844 434 938 116 2 594 2 542 575 83 421 432 984 280 918 463 401 113 16 119 407 433 79 259 887 217 35 621 92 956 761 716 669 393 
561 833 404 317 97 601 320 158 472 46 972 569 516 598 126 764 245 66 625 228 895 240 691 313 12 50 823 829 656 949 813 689 923 227 757 128 835 97 776 114 487 26 375 99 533 474 41 913 844 579 290 753 195 36 846 402 513 156 122 776 2 524 548 763 257 947 318 277 520 783 703 384 137 731 505 238 905 827 444 535 831 617 802 6 914 892 993 436 336 260 660 740 264 887 610 
581 777 135 854 132 960 682 293 967 926 617 83 634 592 825 790 814 78 501 825 533 308 745 203 248 795 657 230 673 761 992 544 953 485 73 773 355 820 170 290 719 263 308 220 296 466 973 144 575 847 253 792 325 705 820 452 181 514 947 342 592 69 950 597 782 556 329 59 724 923 144 175 416 435 333 868 311 24 493 56 808 828 955 374 991 818 972 796 75 547 2 606 927 332 922 
737 421 366 189 329 238 445 882 443 283 98 242 19 624 1 419 904 979 876 118 323 545 661 882 500 530 632 478 933 584 935 146 925 76 684 535 582 753 131 194 279 775 228 606 26 745 429 135 439 623 383 791 840 909 829 100 915 178 416 336 91 570 237 88 295 661 220 326 178 278 747 399 25 644 714 718 360 996 525 695 541 53 997 309 539 658 239 996 289 956 971 679 81 534 614 
651 441 279 241 746 317 779 815 690 139 267 731 876 133 192 872 21 979 740 559 999 918 137 796 281 734 871 417 971 254 787 842 852 970 874 704 84 384 178 30 250 764 634 135 254 434 685 974 480 248 756 236 856 81 288 533 195 875 284 931 877 346 689 386 513 787 759 626 507 378 707 473 895 748 91 662 118 437 668 239 648 772 813 580 549 178 505 961 467 655 441 728 924 709 304 
517 364 971 181 544 31 619 508 247 737 668 173 961 404 744 732 796 862 47 663 503 824 763 3 569 768 586 544 544 743 407 240 579 732 218 748 353 848 211 799 352 560 202 41 543 566 434 381 323 720 434 451 998 504 475 719 499 218 229 544 356 985 33 906 444 90 88 540 693 615 699 395 764 645 288 325 424 454 92 199 806 368 180 104 120 21 866 571 889 673 438 641 227 807 626 
13 729 668 269 518 541 818 273 824 875 127 470 931 228 595 893 115 933 406 605 46 653 383 113 169 722 710 591 604 141 43 235 9 81 396 682 665 600 987 920 591 702 662 802 2 628 678 781 664 990 248 581 886 261 351 6 696 838 328 183 407 514 356 770 598 876 313 702 653 374 922 509 262 372 851 822 99 839 341 876 46 443 992 317 86 625 436 419 673 350 311 895 516 106 42 
665 133 458 188 817 202 727 405 154 471 325 756 313 148 525 890 58 133 211 525 427 360 888 550 432 386 113 203 821 667 782 526 855 237 956 107 668 769 428 886 837 650 513 451 955 695 214 900 880 565 838 839 690 156 890 421 371 725 623 765 859 90 701 710 252 566 361 880 893 393 731 308 65 981 33 311 621 452 251 276 133 423 37 759 183 880 656 842 334 225 616 603 88 579 903 
676 137 569 857 602 526 930 902 263 731 690 828 913 454 625 546 384 185 466 998 163 403 438 464 396 320 575 221 728 69 429 845 112 253 236 820 66 334 212 117 192 461 40 442 40 422 424 854 434 476 431 563 414 383 69 596 379 249 525 789 297 800 128 365 280 40 481 843 806 926 272 958 718 29 791 580 179 189 919 788 257 871 772 492 461 994 157 147 64 842 381 32 407 379 445 
273 270 770 231 757 640 221 564 963 161 574 496 976 165 67 289 886 526 249 875 615 497 781 846 222 161 329 654 86 51 981 563 809 793 964 791 602 176 163 451 947 953 965 169 752 187 361 395 306 687 242 235 102 3 238 921 323 352 960 153 88 388 743 66 339 241 292 136 146 116 112 890 950 567 171 628 36 351 574 607 554 526 851 356 680 826 975 557 164 508 519 764 908 771 319 
746 545 94 52 985 246 958 988 234 765 313 33 729 722 672 874 116 814 370 210 151 493 366 615 434 16 646 868 841 236 606 575 388 658 745 716 293 317 220 256 76 823 217 118 950 284 118 590 298 100 244 825 523 238 184 287 41 600 708 953 999 48 271 694 446 534 953 514 193 807 753 795 535 244 15 683 597 681 753 705 217 710 898 855 376 641 719 29 280 330 880 413 559 278 981 
357 594 501 590 520 743 884 706 509 204 700 553 686 821 577 26 99 410 467 270 253 238 304 723 491 681 800 106 856 543 288 104 779 352 880 985 333 326 197 641 183 97 936 713 761 846 348 368 404 932 708 791 345 606 411 652 464 52 378 160 354 785 501 313 767 966 830 929 849 422 521 180 655 368 606 214 291 681 59 419 285 895 543 469 325 422 872 538 508 671 182 604 444 228 781 
367 132 582 463 422 845 871 528 414 359 608 920 944 301 780 53 788 364 195 262 529 177 113 977 958 472 876 294 541 77 889 769 34 863 95 876 336 480 898 970 180 630 202 534 488 53 697 738 105 19 553 976 906 907 124 533 919 59 186 977 595 461 262 48 594 986 489 820 63 730 606 920 848 21 836 542 429 853 616 715 84 802 104 606 200 805 568 932 77 477 769 607 6 157 197 
554 128 851 389 942 164 651 411 465 913 107 968 834 783 988 455 102 181 367 264 510 819 374 374 207 17 662 305 656 71 612 701 831 699 581 674 613 918 12 210 309 255 928 885 537 478 19 800 517 690 692 929 722 876 494 5 940 186 127 507 53 501 858 471 160 331 781 200 990 389 980 289 956 858 556 83 99 963 64 194 255 229 624 604 121 314 429 342 805 808 847 918 973 288 799 
977 524 152 445 519 19 418 987 770 399 443 207 467 897 4 437 253 317 293 963 712 603 997 220 279 2 107 806 898 400 168 499 933 843 99 316 487 211 571 521 444 117 41 370 428 362 27 657 266 645 34 678 373 65 733 258 898 121 451 76 256 478 758 271 714 301 418 666 433 942 90 374 976 166 460 196 70 766 120 925 647 793 796 168 571 850 539 335 726 4 521 522 103 8 193 
146 169 283 624 159 492 829 847 803 980 395 12 5 729 349 281 543 22 121 396 193 843 494 238 739 299 298 20 390 742 85 969 220 328 659 642 92 640 422 224 767 978 218 714 702 374 896 576 193 303 91 921 113 196 493 806 879 730 235 485 154 40 541 262 230 641 983 25 664 678 243 431 803 626 781 693 685 220 5 852 778 40 841 451 688 158 904 139 426 498 264 722 142 986 272 
953 183 435 855 366 299 621 540 939 13 626 219 733 300 763 582 229 739 443 730 435 567 218 998 462 260 67 735 909 264 510 407 401 767 487 617 600 589 709 967 532 991 796 541 618 394 283 923 996 274 287 630 239 269 230 759 278 894 29 434 677 442 603 153 974 270 867 999 240 983 574 374 379 96 735 25 621 584 637 690 992 401 780 53 889 554 860 627 891 302 881 905 122 899 177 
510 953 196 457 272 692 856 681 984 374 552 451 449 229 125 528 589 617 407 107 880 256 7 171 435 85 686 589 290 973 980 313 367 240 226 584 397 134 648 668 485 71 160 872 524 50 17 540 291 319 173 466 158 749 587 436 774 573 661 35 263 324 235 505 762 933 831 865 668 621 415 113 333 782 199 191 243 500 436 345 828 275 873 347 335 447 174 5 436 594 548 939 783 817 138 
267 649 119 955 578 527 57 278 832 913 321 741 271 956 260 406 808 401 419 469 638 932 62 120 744 685 316 937 363 274 948 384 454 307 423 279 693 805 891 860 399 880 218 650 240 321 329 248 360 409 578 608 433 67 818 657 524 858 979 334 733 761 107 373 419 33 332 33 665 630 530 553 184 658 576 95 523 265 995 937 473 604 269 107 110 94 819 898 266 98 280 899 848 882 800 
578 209 809 853 371 391 987 790 597 650 48 443 226 790 885 562 481 891 482 333 220 644 852 626 922 288 781 754 966 925 543 890 830 184 941 293 781 629 611 239 465 789 368 203 541 339 827 583 201 871 603 819 13 683 830 486 122 184 971 809 385 66 328 449 249 832 420 145 709 173 470 310 732 554 332 513 904 393 517 497 839 115 368 86 317 20 219 127 616 138 981 669 683 753 915 
998 339 617 47 163 949 14 284 706 702 152 212 852 177 577 74 456 205 545 240 406 581 965 594 614 278 276 938 759 420 153 538 575 813 844 468 690 500 465 358 155 959 959 358 684 450 481 339 988 362 137 204 412 3 488 702 849 203 880 954 125 244 186 468 46 918 728 573 334 218 740 434 545 744 623 572 978 650 627 838 470 175 249 450 863 577 973 188 362 199 140 125 490 788 365 
785 411 566 693 42 999 584 81 507 749 728 720 813 205 449 647 717 261 563 931 244 951 902 378 982 232 947 67 940 987 955 209 274 364 965 788 449 86 860 671 590 421 479 515 329 949 864 595 983 609 302 486 353 28 714 33 763 956 933 922 277 370 265 614 582 347 844 379 284 778 672 855 4 940 158 367 353 978 734 497 469 226 344 299 65 487 86 185 947 813 471 291 819 101 958 
516 557 567 890 60 658 491 836 399 302 687 715 420 947 652 811 576 357 377 953 200 845 727 825 610 494 874 369 957 635 223 291 284 967 416 327 135 571 633 62 505 691 15 88 531 265 892 247 920 177 373 946 551 420 388 971 141 757 534 177 816 454 581 607 172 172 295 451 874 247 165 472 484 292 989 308 891 42 33 819 713 176 630 338 263 886 254 476 800 447 566 857 76 485 256 
978 326 989 739 319 991 375 518 25 929 63 904 88 748 903 107 21 924 667 604 489 833 755 565 469 277 452 76 272 986 127 337 429 786 33 124 129 957 482 44 569 734 734 577 314 606 911 651 688 416 736 480 912 131 571 706 437 660 277 647 678 25 989 783 142 342 808 802 139 28 504 520 161 717 536 110 628 74 506 223 569 341 489 609 669 727 343 660 580 179 320 39 844 209 165 
675 367 612 427 645 693 444 145 704 135 13 333 321 397 582 544 241 113 291 965 103 346 500 814 516 442 468 463 860 345 434 777 515 143 859 41 798 997 718 310 454 5 223 142 777 182 884 937 81 705 619 709 314 862 74 528 376 88 230 417 399 637 821 600 25 79 979 674 916 789 185 526 857 347 369 538 686 685 316 678 685 320 148 319 931 218 282 358 482 709 9 759 199 648 97 
59 284 45 197 574 815 852 717 841 698 631 61 977 449 476 732 830 15 951 350 101 761 381 355 583 353 241 886 800 444 922 718 944 13 723 304 549 720 67 435 519 703 939 642 803 497 410 54 641 830 292 626 278 788 607 933 523 157 116 515 532 303 596 92 89 946 601 460 656 134 560 793 881 986 686 409 857 30 928 57 592 218 881 174 795 37 760 720 770 7 527 434 859 742 45 
36 685 621 541 761 910 129 173 313 934 466 872 256 762 496 100 925 969 628 957 380 10 706 544 37 213 374 665 931 45 203 141 685 501 173 121 880 647 977 417 315 78 136 313 97 526 152 760 603 574 578 496 492 925 157 864 699 258 722 274 60 451 838 717 727 807 139 524 168 236 278 756 237 602 995 570 547 845 389 867 34 727 494 531 804 275 77 39 58 611 107 386 847 492 165 
420 451 21 997 198 41 228 777 623 585 776 634 410 175 280 399 342 746 306 656 501 158 125 3 261 426 712 953 626 91 240 746 786 479 710 229 359 899 591 593 233 22 250 688 537 651 437 422 519 203 185 174 446 841 113 341 931 212 111 69 929 112 639 796 167 653 922 2 552 519 509 6 714 436 431 258 960 745 366 323 760 165 891 538 190 725 617 325 999 783 234 182 903 254 930 
579 756 588 642 493 1000 275 94 265 866 987 544 642 590 144 475 428 785 529 504 683 894 10 780 426 195 803 184 629 828 246 56 631 511 613 757 716 751 465 435 385 618 812 491 991 267 857 322 964 984 502 273 17 812 785 91 933 790 208 401 56 249 351 409 753 426 942 363 105 285 649 131 110 65 190 42 673 703 18 525 208 247 757 220 180 658 937 892 316 401 687 182 689 477 9 
566 176 421 345 276 955 539 673 974 896 639 841 996 616 538 629 683 905 876 812 163 317 104 578 985 841 203 622 294 447 736 821 949 676 494 349 25 411 416 659 813 656 756 94 130 709 957 417 372 248 906 333 141 155 244 676 889 411 140 648 577 258 58 698 256 206 103 11 473 415 396 406 407 564 569 596 411 951 215 935 593 556 462 423 979 782 920 16 701 627 740 474 959 971 12 
368 687 292 575 321 668 745 408 842 268 726 493 698 518 278 528 445 201 30 786 626 988 23 619 45 11 863 459 549 113 969 573 439 824 744 806 121 426 960 746 896 180 518 136 691 582 826 121 957 148 12 301 319 360 693 53 643 325 785 946 346 485 436 957 751 109 657 525 114 20 836 420 959 159 2 810 980 936 380 377 430 970 840 175 172 439 240 47 467 786 888 400 880 29 188 
476 201 405 96 994 669 521 878 221 959 446 644 788 471 254 19 448 25 988 481 512 652 241 704 608 291 771 437 141 472 297 609 475 132 944 372 560 704 433 421 902 736 600 683 28 739 807 119 438 108 33 87 561 948 671 837 904 325 502 454 514 856 983 932 905 736 422 909 612 957 788 961 942 491 669 847 28 824 395 337 667 609 513 979 9 261 432 304 575 160 445 981 765 610 569 
308 78 454 352 995 751 220 419 722 612 887 510 921 612 663 626 975 896 383 68 892 280 688 164 888 254 869 439 729 824 93 494 762 642 341 413 366 506 27 133 585 931 420 714 407 242 942 981 75 564 463 811 882 118 68 196 477 835 579 717 795 26 122 38 404 854 949 573 623 276 940 410 221 976 674 657 131 184 991 667 668 351 919 812 717 724 697 854 752 536 530 285 129 548 567 
898 516 305 310 65 493 173 750 394 6 165 49 211 237 605 241 252 355 274 177 505 254 57 96 372 759 733 26 233 149 773 182 265 337 787 168 463 920 22 433 630 812 569 274 344 883 722 789 136 614 364 636 114 260 693 560 998 580 40 699 776 782 805 934 243 587 300 708 913 537 358 133 340 776 284 28 545 759 973 26 32 999 541 41 93 751 904 1 306 391 451 926 267 709 532 
903 256 315 293 673 606 630 477 699 399 833 326 160 109 128 264 960 187 694 861 302 548 175 411 451 938 6 797 866 48 440 818 338 57 664 485 919 767 465 563 562 228 303 456 4 676 326 354 431 465 113 708 213 470 861 909 311 373 619 806 999 113 761 624 742 20 754 260 151 707 889 408 946 45 450 201 514 903 410 3 151 74 658 595 549 540 383 622 355 99 61 175 717 341 831 
253 467 555 425 258 696 721 799 485 243 736 155 873 313 453 635 700 441 263 472 697 79 36 456 646 137 541 676 847 821 325 675 17 681 566 549 192 938 748 306 225 182 895 737 880 137 670 857 84 308 575 595 846 873 344 757 518 841 193 97 22 862 159 124 773 217 811 535 117 149 705 881 333 106 194 364 231 587 778 940 83 960 146 195 891 477 303 151 413 761 73 618 308 672 997 
489 47 186 444 198 193 593 506 407 703 215 375 884 421 246 145 804 833 118 121 881 902 994 921 575 675 611 156 89 914 492 102 421 641 532 40 587 780 479 46 425 609 525 8 834 130 258 204 226 895 668 18 572 137 729 151 300 536 590 11 134 23 512 643 29 234 959 311 524 79 446 701 529 42 429 804 701 183 7 514 397 932 556 559 284 364 888 224 79 717 186 501 735 683 974 
394 451 555 812 586 83 352 54 519 430 578 478 828 245 114 486 611 573 328 782 807 945 589 17 908 78 809 16 314 254 782 237 821 229 499 810 640 471 842 592 93 824 146 784 246 154 877 325 320 611 83 88 947 556 166 443 595 739 908 39 506 474 624 254 883 902 642 873 609 760 210 251 302 535 960 643 532 677 919 431 432 134 838 404 473 356 966 999 182 45 727 743 525 723 250 
816 549 411 864 617 861 7 834 399 706 84 926 624 637 541 977 489 635 150 720 897 419 529 949 483 628 892 616 752 220 201 195 586 265 726 189 755 852 283 992 540 882 486 932 718 410 210 202 732 433 139 945 295 72 27 852 641 77 897 25 226 678 677 892 783 281 221 530 669 199 468 375 994 636 925 888 69 193 332 177 993 947 741 497 734 89 203 161 520 169 43 745 806 931 870 
971 228 204 35 190 618 877 562 764 506 706 426 76 302 252 124 49 31 639 109 537 959 861 496 222 816 728 218 905 515 924 884 442 779 91 821 585 423 791 101 593 131 915 531 575 255 210 528 119 71 367 306 631 729 435 746 323 122 595 782 543 809 431 984 960 739 396 621 876 949 475 94 436 453 112 298 201 922 539 243 869 463 395 100 221 620 454 970 446 485 769 656 885 41 222 
217 117 812 737 210 429 781 35 444 456 553 912 143 115 6 136 450 218 889 673 276 931 73 667 750 321 289 603 855 274 770 649 351 34 718 545 668 38 886 198 8 922 726 467 456 100 68 512 15 758 988 315 545 23 982 68 432 435 742 15 675 111 756 982 794 726 226 405 419 478 361 220 224 220 204 625 39 244 482 547 256 97 352 208 787 371 853 232 335 396 997 687 44 626 751 
591 450 585 871 180 752 798 900 150 310 732 587 890 579 547 58 153 95 404 670 248 930 62 726 391 844 29 533 346 323 205 908 691 656 275 741 613 658 573 817 683 185 844 443 239 836 633 59 435 460 830 933 196 447 753 463 481 358 508 726 832 94 847 545 146 443 757 189 3 153 187 871 35 321 732 885 399 66 567 950 24 525 335 733 786 664 146 570 519 532 27 496 610 656 897 
592 460 619 301 725 755 965 48 223 294 935 34 600 218 766 668 561 904 708 287 134 884 831 219 174 152 185 145 276 471 718 521 801 658 833 557 263 791 279 436 495 52 818 896 300 32 383 456 118 443 296 855 105 898 284 275 947 692 346 903 881 255 961 177 490 675 843 709 466 861 566 560 433 238 418 573 394 330 821 692 940 842 626 334 356 450 341 610 17 91 881 892 303 234 290 
904 429 631 411 323 807 992 338 763 84 235 415 114 489 503 129 735 268 388 256 292 105 166 612 577 393 206 133 648 326 993 944 287 465 487 665 609 4 85 171 605 336 20 426 885 321 359 457 169 229 193 92 898 880 477 256 479 10 268 222 843 471 435 772 988 710 690 907 110 243 382 2 655 518 231 417 224 778 115 767 714 910 897 733 990 799 535 497 724 444 693 844 725 497 520 
844 97 213 168 187 762 116 201 862 79 29 126 654 306 812 153 58 571 994 605 492 386 464 933 712 752 920 345 712 615 316 256 930 622 989 281 856 598 725 377 567 631 501 1000 761 764 8 195 235 26 334 92 247 589 602 917 83 724 421 969 385 848 400 620 261 425 798 653 530 305 256 867 725 670 534 125 920 780 709 377 649 441 692 910 280 232 974 785 628 15 258 780 863 224 694 
954 509 420 720 37 378 923 948 89 993 277 25 494 509 84 75 449 636 312 459 363 398 938 34 289 483 969 10 906 946 304 653 956 43 965 227 192 870 844 617 313 66 755 501 217 295 955 75 85 148 349 867 300 818 227 280 843 182 322 594 276 859 207 181 610 78 255 840 990 912 237 551 846 280 688 914 729 870 714 132 972 81 834 476 312 914 331 703 809 999 779 292 904 1 981 
142 154 502 111 622 632 839 388 903 261 699 172 768 187 875 559 606 254 660 766 159 871 784 426 175 562 197 835 743 208 396 930 865 446 339 415 726 636 876 828 352 536 940 151 992 496 205 180 993 211 260 721 251 193 323 329 993 294 344 906 723 779 181 614 789 965 934 438 462 380 734 970 594 637 362 698 73 17 732 976 349 332 921 260 792 111 564 935 884 966 529 552 513 986 50 
658 386 368 302 524 312 328 461 919 294 415 325 68 875 925 224 820 843 552 988 877 926 87 873 532 520 928 630 302 87 147 645 613 1000 5 107 73 843 766 25 364 762 739 837 645 974 116 890 918 498 95 819 390 822 380 876 608 757 238 913 786 775 824 661 263 528 918 317 590 223 336 618 592 856 299 907 486 355 591 424 936 170 314 888 575 447 27 764 564 892 200 90 838 464 528 
547 185 945 242 405 594 149 621 369 572 583 341 734 453 665 981 844 169 748 103 450 662 697 421 681 791 91 188 279 106 915 940 141 986 99 665 609 421 379 981 813 814 848 836 438 532 752 430 854 954 823 328 994 229 236 59 212 969 676 668 778 44 447 291 517 506 982 700 684 895 603 944 630 792 265 269 227 242 552 586 868 601 395 332 447 643 833 188 276 547 159 719 186 678 84 
676 394 121 411 186 35 473 357 167 493 57 108 770 94 368 874 450 688 1000 296 620 912 232 951 577 897 563 42 5 383 823 962 386 781 103 841 659 735 282 919 657 257 513 625 889 974 133 36 476 857 870 990 974 264 541 454 112 123 203 879 583 426 816 273 410 197 29 432 679 329 890 683 910 530 73 62 269 459 489 288 978 655 596 62 812 756 953 558 539 171 546 221 955 762 599 
394 198 745 834 896 647 976 777 480 887 920 904 29 555 973 116 894 756 379 568 839 798 38 452 264 401 160 489 637 107 183 62 972 101 364 974 706 97 901 712 854 667 595 502 669 485 45 86 764 752 332 932 433 858 413 526 843 219 930 998 397 479 305 788 439 407 851 994 293 263 126 262 190 730 524 491 174 258 530 624 940 744 914 695 653 98 225 103 879 991 465 659 439 733 136 
201 428 820 200 60 361 473 245 443 943 300 202 592 288 642 716 273 621 227 477 562 138 701 634 416 661 631 878 928 122 327 661 358 601 845 850 382 30 941 585 383 825 697 77 923 916 53 219 737 608 289 998 739 744 891 193 888 635 90 240 619 838 428 503 922 184 409 345 184 653 789 154 675 196 362 686 254 41 492 360 713 451 931 795 4 959 84 341 240 459 961 495 166 100 540 
982 237 305 208 205 584 597 216 969 758 697 926 355 609 175 206 850 455 160 736 934 332 783 881 38 694 108 274 355 496 427 80 627 615 162 682 663 408 726 367 629 784 454 885 758 10 958 579 641 861 886 752 919 579 225 193 221 796 599 223 461 177 955 742 573 473 773 392 630 943 968 448 374 521 213 232 671 43 343 579 110 186 702 531 932 298 436 676 896 329 578 271 196 225 780 
344 268 714 137 577 66 477 660 637 364 234 766 773 948 691 649 903 983 295 742 658 831 24 232 203 793 501 567 642 456 817 663 414 464 962 710 733 291 499 529 949 160 18 447 622 223 922 884 838 718 19 488 467 215 997 614 844 944 377 317 873 257 24 738 574 73 369 524 972 818 895 535 928 513 353 186 859 71 617 73 944 682 942 595 32 356 193 717 289 435 243 469 371 888 718 
327 466 48 176 436 143 398 803 62 543 463 607 974 754 228 319 182 117 636 544 535 521 559 645 677 713 532 421 197 952 756 907 310 977 996 22 949 277 639 575 911 489 738 93 83 229 215 460 157 318 914 361 341 292 295 208 438 381 746 399 231 632 581 1000 837 435 461 683 327 526 430 457 969 974 507 650 450 555 526 584 382 722 534 178 924 379 324 474 760 228 645 559 418 324 539 
828 606 377 500 991 307 571 705 291 52 710 944 566 458 44 747 972 711 641 951 386 460 173 606 651 196 189 269 855 951 131 23 423 552 401 848 939 431 450 58 868 776 570 108 850 675 464 741 502 370 75 974 105 141 674 838 844 633 195 259 182 389 757 592 290 331 765 505 285 669 829 704 884 814 441 900 964 573 424 837 728 550 593 473 344 40 371 642 580 919 931 846 76 763 730 
606 571 392 589 983 151 877 531 492 732 669 211 209 470 624 443 82 698 315 962 930 837 604 47 924 459 871 599 150 858 748 147 57 532 302 727 27 121 549 709 196 210 797 696 116 999 997 817 644 42 457 998 80 50 873 686 540 169 128 878 276 911 357 535 298 676 965 237 491 961 55 17 186 440 742 360 252 32 747 955 851 906 385 549 772 286 303 624 896 279 17 536 654 811 704 
286 527 900 669 526 753 585 26 273 734 782 393 380 298 367 194 288 543 937 458 200 868 450 223 53 442 820 877 901 94 926 916 976 843 850 15 26 429 336 462 692 366 842 581 739 92 782 275 952 209 568 988 934 938 469 464 694 361 40 433 62 443 432 89 686 275 736 466 938 301 567 59 795 76 78 962 750 20 508 861 307 136 13 63 471 493 943 330 194 901 723 407 370 502 74 
79 399 929 118 326 821 419 764 602 101 591 41 1000 243 545 250 248 753 404 818 468 563 54 992 181 650 175 198 142 305 174 307 215 211 547 266 419 683 78 857 866 289 623 419 376 308 339 542 708 611 246 62 130 763 35 552 746 804 286 192 742 12 563 91 512 442 164 750 385 868 62 525 483 938 716 972 529 128 259 474 402 848 533 449 761 870 734 912 47 186 970 777 640 521 533 
659 450 397 473 289 561 640 236 848 78 29 359 165 299 87 312 109 608 360 553 340 546 540 414 511 311 651 483 969 714 146 428 850 645 818 915 611 114 568 814 571 122 620 543 885 742 530 938 984 496 332 42 814 515 125 612 653 607 263 850 993 990 126 649 104 762 636 171 852 597 19 54 381 14 158 52 956 619 448 713 57 842 202 760 39 550 306 342 747 592 135 941 680 212 910 
99 477 440 832 960 581 152 105 740 134 397 643 230 451 337 969 542 546 708 844 628 799 330 146 222 55 931 626 54 766 122 25 674 954 879 936 107 933 285 955 526 270 612 587 166 257 624 397 440 67 464 98 549 790 816 533 971 747 79 504 829 803 802 503 231 29 671 586 594 980 819 768 790 278 669 527 739 814 992 901 415 482 549 330 443 29 799 259 510 302 165 337 48 384 995 
232 728 160 961 32 991 730 682 568 939 885 223 302 61 314 266 904 795 593 987 566 575 547 423 109 341 577 683 13 609 220 437 196 615 443 748 674 737 928 739 83 925 699 330 336 932 781 917 590 165 662 787 37 935 817 680 290 594 459 595 749 87 847 129 420 475 956 856 566 337 45 293 881 709 168 223 309 641 712 801 527 323 140 212 583 349 549 474 778 972 644 396 528 458 121 
685 327 13 789 101 454 829 361 848 675 706 621 540 134 731 634 606 668 808 240 526 764 1 577 798 485 404 284 607 463 3 651 387 85 540 589 36 849 439 165 364 592 20 929 139 66 690 395 381 635 737 220 593 685 273 828 803 860 201 291 602 392 377 124 683 438 975 588 628 440 350 183 810 360 435 276 907 385 727 204 141 526 439 87 829 489 143 214 729 318 218 522 935 333 172 
892 731 819 153 35 989 369 443 569 689 332 271 830 413 627 56 356 582 885 275 241 11 712 762 488 696 75 242 568 613 413 924 283 821 707 903 440 272 382 332 250 521 507 145 352 952 609 503 715 696 350 108 266 458 131 290 369 601 443 990 261 644 72 186 714 168 70 907 373 563 470 179 859 426 685 304 848 996 434 107 793 564 83 259 563 323 49 728 161 667 199 152 218 653 271 
268 248 516 325 428 282 48 42 55 498 724 74 100 832 633 326 629 622 609 515 726 691 828 729 242 936 558 246 534 29 967 288 340 949 538 614 498 277 318 920 201 513 808 578 478 872 351 230 395 307 351 631 567 138 303 134 98 863 219 408 883 488 762 758 162 1 592 643 133 480 134 394 87 968 501 950 429 958 255 72 311 487 886 453 869 528 763 957 639 348 312 757 156 82 774 
838 220 837 816 724 638 394 422 335 251 621 940 821 81 804 960 198 585 882 887 503 80 134 256 840 106 681 7 174 59 380 164 913 892 664 522 511 972 227 120 199 148 130 299 431 322 689 370 535 927 813 985 660 841 707 567 270 946 854 991 602 735 805 931 792 641 66 268 150 735 228 843 107 475 862 836 733 464 510 46 708 267 478 180 780 455 183 798 151 151 249 489 937 632 941 
987 778 939 571 472 320 664 516 656 810 670 873 46 62 316 225 314 883 420 799 552 872 194 242 575 908 457 980 316 987 870 940 948 183 931 228 77 941 341 19 677 364 551 155 681 586 365 412 280 6 650 808 670 175 466 781 402 939 752 670 175 1 274 362 143 568 760 172 723 501 192 305 524 97 53 437 126 137 675 158 680 948 125 183 21 449 832 887 925 886 845 359 949 314 835 
840 755 436 282 891 459 377 721 526 868 954 328 254 492 947 7 615 80 902 790 622 589 342 395 176 570 997 487 632 715 606 265 165 392 891 801 169 947 608 46 347 902 222 121 262 643 753 712 88 50 275 668 828 110 863 435 456 392 46 398 872 443 861 652 401 766 853 902 927 485 602 209 743 769 413 815 405 299 306 582 32 309 586 295 305 17 266 720 48 767 923 299 167 940 152 
341 653 902 19 7 868 721 832 217 626 700 327 906 628 61 494 249 887 785 134 183 318 957 777 547 759 280 715 101 965 942 718 355 783 406 843 575 360 405 776 566 653 34 125 450 874 151 710 738 413 46 252 525 737 58 52 186 205 154 342 308 867 801 23 214 753 201 751 843 507 587 716 792 983 544 206 160 679 484 241 423 83 869 718 512 932 1000 817 200 346 749 380 704 520 486 
635 422 274 612 463 140 638 114 83 232 104 328 210 11 4 441 575 874 776 709 35 192 791 56 882 754 623 633 166 585 52 788 523 92 723 320 145 67 79 962 414 573 176 633 25 483 647 311 152 499 748 782 163 526 944 425 398 729 931 406 475 248 431 603 662 351 563 558 711 807 785 188 68 815 16 35 772 408 698 319 564 568 783 137 70 224 425 827 422 38 886 389 939 628 241 
12 916 87 217 197 920 504 889 958 12 991 350 782 546 587 796 592 556 339 282 340 525 600 585 710 856 760 656 221 7 749 995 573 469 36 952 638 508 175 601 50 497 395 772 563 739 291 510 267 407 83 204 945 767 781 256 643 222 608 170 431 421 12 60 648 162 199 117 199 852 891 759 120 680 317 178 297 463 168 679 286 845 664 221 272 988 192 343 329 479 44 835 969 863 447 
509 476 282 511 522 394 527 932 302 838 867 853 966 672 903 74 246 859 95 667 421 367 628 871 148 432 139 318 155 357 661 336 612 322 341 476 430 294 765 410 787 350 777 769 762 104 770 682 230 817 348 546 461 656 280 260 865 960 739 229 235 666 69 591 139 929 619 70 41 844 110 678 192 447 650 963 821 474 336 239 100 16 964 463 515 762 407 774 286 210 902 481 601 776 161 
186 873 592 93 870 779 490 651 815 771 529 630 298 695 981 841 713 930 937 663 386 17 5 361 582 481 581 348 35 271 744 224 555 806 482 242 715 5 338 274 413 726 605 830 310 361 217 446 432 103 467 621 33 23 425 198 283 980 305 29 498 468 24 114 833 163 44 474 389 278 851 965 920 641 129 105 655 634 422 909 877 227 502 375 878 355 815 215 436 454 814 866 590 113 35 
928 844 671 176 157 332 974 709 628 360 338 911 23 302 90 533 497 191 750 914 956 576 959 446 931 140 39 445 946 767 444 462 632 516 738 5 852 577 926 777 797 606 299 991 305 426 1 269 191 46 73 696 101 71 986 118 474 544 439 773 541 78 311 90 92 186 636 979 374 195 805 886 330 473 371 847 133 955 895 734 744 50 227 582 800 484 165 424 717 890 143 222 883 2 473 
320 587 69 270 914 747 730 578 844 626 258 651 177 365 106 789 848 789 4 860 126 31 213 70 67 106 849 54 256 52 155 539 863 942 797 902 251 443 222 680 571 957 455 321 852 472 957 202 812 981 547 652 688 929 308 231 966 11 525 356 700 705 609 219 439 804 163 230 605 311 16 364 588 196 122 151 936 199 678 54 201 177 143 884 658 846 833 79 148 783 558 186 473 361 29 
579 865 965 918 254 512 366 999 664 86 838 730 548 662 785 612 298 143 351 416 323 982 47 642 38 66 607 413 583 47 557 541 170 948 673 134 204 533 896 891 907 337 971 903 401 764 742 608 261 999 993 271 585 483 234 49 389 874 377 513 659 118 291 308 505 928 824 475 978 706 765 204 901 637 859 722 140 932 318 993 663 551 406 42 119 858 881 141 587 283 679 658 54 279 709 
775 782 645 315 301 95 449 350 867 886 491 143 458 935 646 753 687 504 257 807 116 811 489 724 238 64 965 352 48 928 753 514 975 11 132 625 477 411 137 266 807 991 986 357 479 945 384 808 834 417 516 218 218 367 914 417 325 924 177 845 540 50 44 666 813 431 795 450 554 535 467 801 576 159 882 15 705 331 148 802 522 280 209 113 350 850 180 570 41 656 941 21 957 779 688 
774 792 635 228 687 916 554 869 291 438 686 179 93 464 867 401 855 832 647 982 827 774 565 535 142 474 515 779 63 315 843 566 437 953 902 367 310 588 420 113 33 522 765 398 85 965 115 63 663 363 958 189 209 380 711 116 285 576 157 538 366 511 355 653 783 270 895 634 785 873 629 431 562 483 859 441 409 599 858 847 643 403 635 709 297 912 311 242 800 483 302 939 711 439 386 
829 196 201 889 711 312 594 430 693 574 465 943 607 312 639 49 431 738 472 368 527 597 784 656 161 205 668 407 573 572 885 320 654 37 601 25 837 161 762 165 813 821 20 396 725 386 115 390 473 460 923 916 121 204 278 831 729 286 114 743 24 52 56 813 593 937 574 953 284 334 774 933 326 576 549 63 261 32 237 331 669 250 579 743 693 646 193 918 139 387 693 470 844 295 153 
481 309 144 209 192 325 878 872 307 344 606 363 290 853 945 948 575 121 258 768 762 763 180 202 740 485 810 454 244 513 653 326 213 394 882 849 142 999 705 759 80 939 735 566 44 855 421 176 651 263 14 971 483 593 501 519 937 561 869 420 330 336 319 1 704 368 464 958 771 474 816 267 85 576 539 639 605 387 788 242 981 750 286 66 692 969 497 962 853 847 827 191 366 600 836 
818 826 280 512 496 144 534 217 797 17 310 811 148 725 55 574 977 879 294 912 287 277 553 224 746 537 845 508 143 354 585 4 751 692 665 356 664 236 755 366 403 405 957 502 375 973 901 156 973 880 504 374 522 36 524 235 856 132 485 57 124 22 668 79 26 5 979 532 885 967 762 30 487 151 229 972 463 860 356 13 710 881 930 399 657 659 975 849 258 86 638 672 863 992 807 
398 818 756 502 966 79 937 674 826 313 705 855 141 877 690 621 26 236 808 590 939 990 905 908 258 458 999 256 35 815 522 796 536 887 924 851 956 94 371 555 681 367 626 58 826 855 984 822 241 784 455 228 978 592 910 690 286 927 600 852 130 53 163 683 373 505 330 409 45 131 380 254 923 155 586 742 810 783 861 305 572 193 45 18 581 367 819 73 142 570 704 361 739 839 908 
762 613 177 256 576 194 524 300 666 232 356 322 284 61 540 616 301 666 232 859 994 979 683 743 233 561 169 607 191 264 479 939 691 401 926 509 480 89 516 723 855 784 578 665 682 323 55 244 563 387 531 223 739 524 389 946 99 303 574 734 70 216 740 290 485 200 128 649 170 564 192 386 693 372 317 935 866 581 294 846 729 448 860 67 605 641 556 652 886 976 984 179 471 675 230 
912 704 802 871 493 557 162 601 848 773 555 694 52 300 850 275 256 473 856 914 646 889 240 64 605 738 821 720 160 145 730 302 261 796 24 540 415 769 307 352 941 533 397 396 368 966 538 485 489 802 891 949 577 221 211 330 774 343 917 716 356 924 171 986 786 426 672 710 705 62 528 964 561 551 723 79 380 466 397 173 553 100 105 486 186 19 905 160 174 294 688 766 944 952 608 
100 686 369 212 485 811 189 656 814 421 131 299 728 591 383 356 593 112 672 58 28 563 499 123 236 669 878 806 565 771 382 769 372 985 33 747 561 35 181 515 372 256 23 959 30 530 517 694 643 231 869 423 839 947 91 311 934 924 479 856 505 837 436 620 688 155 123 446 411 939 774 49 640 842 469 55 657 355 340 563 890 277 651 807 543 698 893 783 172 706 793 4 339 726 148 
315 338 317 861 699 562 882 120 699 97 131 772 377 817 556 349 972 527 250 306 946 492 737 16 123 408 47 637 733 402 622 886 293 785 6 929 868 766 800 772 263 647 340 188 583 302 572 863 959 856 463 11 305 815 95 556 921 233 779 74 1000 654 550 128 162 669 446 671 609 512 270 857 600 635 332 870 112 841 459 786 470 527 707 333 123 831 596 225 587 719 511 376 359 191 861 
60 379 711 253 637 336 886 122 87 867 940 859 465 276 25 874 374 120 523 429 536 32 269 240 176 944 810 409 375 888 46 939 601 846 325 388 293 539 658 694 998 561 914 265 749 395 318 168 668 62 157 832 796 904 879 532 312 688 603 283 440 517 762 288 615 821 825 554 862 816 331 994 31 323 389 919 978 134 209 525 515 926 827 81 642 300 839 543 49 947 625 933 138 534 59 
677 711 104 403 319 864 762 226 660 153 416 102 468 312 820 288 721 603 842 79 770 241 338 348 353 500 178 404 469 245 65 289 601 296 781 977 307 795 278 685 398 868 465 172 568 664 301 957 293 669 217 672 402 505 116 310 810 936 468 485 221 898 608 117 260 554 310 181 431 840 486 582 407 464 804 103 12 785 890 632 863 767 300 695 537 466 250 198 891 533 497 802 4 303 82 
