891 975
285 797
810 877
603 220
330 166
306 987
563 826
689 782
122 615
31 675
638 669
405 269
210 753
10 610
343 603
734 950
647 512
591 742
628 856
639 102
871 393
995 460
761 26
278 450
77 497
164 808
116 574
943 679
200 637
366 591
401 720
497 970
995 187
942 983
54 966
231 664
757 815
338 276
431 789
176 261
177 622
990 779
259 26
663 560
982 157
903 250
500 9
585 733
232 578
331 150
145 64
893 760
828 584
974 419
551 124
271 232
271 342
77 894
107 881
499 113
342 464
94 965
545 605
495 175
350 700
733 901
246 877
944 481
693 509
639 306
976 245
571 338
614 346
130 265
620 355
493 576
15 927
618 911
847 180
738 41
614 265
436 875
764 101
16 64
662 933
637 351
507 778
501 539
822 784
91 778
679 977
420 807
298 536
547 873
238 911
746 9
998 297
624 360
772 424
614 471
241 424
977 724
823 602
715 812
599 634
714 3
179 674
808 822
357 277
793 762
262 588
232 154
408 205
234 940
212 607
993 524
741 599
338 697
179 645
640 315
138 392
815 651
240 206
505 995
162 973
589 593
111 437
35 193
148 732
569 104
814 120
433 578
251 232
424 348
314 156
921 402
542 560
896 987
423 173
944 424
320 680
981 201
18 714
395 407
648 486
965 651
809 805
454 22
258 93
972 431
665 886
327 920
923 124
943 905
78 712
868 460
224 55
155 783
374 801
760 837
862 115
502 205
870 686
593 698
234 645
324 769
266 355
555 774
577 387
755 583
127 46
237 55
112 33
391 301
123 404
378 74
197 308
525 863
363 209
816 660
827 241
618 442
84 435
276 859
608 933
892 340
689 519
923 290
618 830
951 442
762 442
434 775
461 32
233 143
554 640
693 735
613 720
790 147
55 439
179 702
361 195
283 760
853 4
255 603
333 574
917 838
578 283
383 994
334 943
234 399
994 778
824 48
689 601
102 522
611 942
286 826
107 923
494 100
482 27
824 828
298 962
512 753
467 143
33 45
913 801
480 799
603 279
71 320
926 935
220 369
545 152
439 748
423 903
280 943
360 190
366 877
407 232
577 124
285 31
345 439
997 735
764 717
702 112
956 16
972 71
527 48
64 61
261 94
411 919
934 217
807 476
153 476
646 771
742 158
265 594
565 464
370 488
549 339
402 236
310 855
364 275
151 773
232 86
489 951
49 945
697 722
287 974
10 147
942 248
977 751
309 136
743 641
552 252
763 1000
239 643
837 166
605 282
108 554
313 42
313 319
520 23
586 627
609 546
320 857
392 656
809 47
211 898
791 121
440 555
798 860
693 133
514 339
807 708
279 886
676 441
799 622
672 864
728 579
532 634
763 86
306 12
78 207
963 527
851 376
633 822
47 15
165 98
332 672
122 873
127 545
32 315
538 405
370 196
43 626
416 21
28 306
726 827
145 702
723 326
349 454
947 164
781 850
246 851
875 732
526 306
636 732
397 697
923 715
13 148
812 560
758 220
153 990
787 390
329 732
757 834
372 972
639 757
512 540
568 831
567 968
516 166
311 46
963 858
288 608
801 758
874 702
788 118
4 865
506 659
782 865
640 952
56 536
587 65
608 797
419 743
809 738
123 269
22 639
323 534
691 812
510 685
77 899
404 362
588 659
913 684
40 134
932 66
602 212
449 185
334 126
704 929
247 532
371 680
963 623
108 821
651 592
765 854
805 367
246 619
754 877
138 904
840 810
90 559
104 960
176 268
217 309
246 823
644 277
365 573
318 158
926 880
729 315
637 98
178 314
632 134
733 38
164 55
173 829
257 311
52 850
225 418
105 876
581 792
541 630
360 574
349 533
129 653
419 837
430 450
453 957
876 285
564 118
264 34
535 551
449 507
485 820
251 827
702 515
141 116
467 805
100 498
962 923
790 111
731 143
440 845
581 190
345 975
850 565
996 720
350 401
954 313
300 757
534 328
417 832
151 228
927 892
65 786
836 632
44 347
872 711
139 499
394 831
175 516
540 939
666 897
699 706
364 155
888 709
354 56
753 5
601 279
168 370
959 253
515 493
35 442
155 63
224 589
661 80
38 108
796 97
225 645
836 682
392 536
153 797
231 747
478 473
774 693
158 992
671 243
367 449
228 653
538 774
902 338
949 655
879 792
745 230
866 997
299 297
69 97
215 388
286 153
377 644
755 846
138 596
240 124
193 532
573 99
399 341
62 834
650 62
937 895
835 442
475 64
208 840
820 901
226 370
6 227
528 182
954 962
603 792
586 424
720 670
568 173
905 235
94 717
972 164
668 777
674 14
62 278
521 22
811 580
315 471
767 840
821 576
625 466
977 899
694 128
876 720
900 713
760 991
136 19
27 458
761 982
639 817
122 663
1000 475
540 518
57 660
649 552
463 441
130 717
740 942
971 987
238 328
282 993
669 52
635 285
416 862
998 967
49 779
808 468
892 31
598 867
644 919
301 531
183 945
453 315
613 111
521 881
420 720
152 196
807 263
175 906
162 490
429 283
808 828
974 883
958 683
57 196
45 155
10 26
883 617
600 597
610 96
192 578
544 496
136 427
790 810
725 162
890 109
174 642
284 956
966 238
492 558
190 440
299 829
616 516
677 335
629 866
582 536
600 23
25 862
401 436
898 532
860 678
278 767
431 892
566 84
231 717
424 560
635 511
502 774
144 113
284 725
123 242
830 856
82 823
240 820
92 977
236 813
356 477
680 593
386 882
981 619
146 326
369 834
442 682
638 391
456 105
537 451
179 981
995 886
805 762
420 729
607 241
915 973
349 351
231 386
206 419
497 529
813 755
663 282
987 31
19 647
10 765
914 455
331 732
294 956
961 289
325 797
908 581
175 69
184 972
275 938
907 591
931 711
706 923
523 218
468 744
182 599
309 692
1 259
69 501
878 665
143 274
587 753
146 123
440 564
35 12
317 905
249 47
409 291
592 22
356 665
991 637
846 989
186 302
989 798
128 98
860 998
62 679
582 668
882 989
703 258
305 272
459 152
617 865
933 215
167 997
234 192
995 132
3 331
480 259
839 16
845 219
342 497
894 928
767 574
491 546
963 639
47 415
575 814
938 15
590 531
544 183
421 797
680 63
6 576
630 268
605 105
314 758
814 476
735 443
525 351
964 930
836 340
590 617
441 555
372 784
525 749
906 260
86 194
615 133
69 516
55 648
681 650
993 549
843 550
985 570
560 159
408 646
234 320
751 111
551 159
944 925
400 303
525 828
228 470
287 734
298 240
984 951
578 90
489 79
549 264
909 580
968 719
612 101
934 819
657 936
435 819
85 284
921 40
489 200
959 666
464 331
349 251
243 49
377 817
314 156
21 472
106 17
134 758
930 183
623 150
157 156
228 782
611 911
559 104
23 567
967 316
714 810
828 773
199 127
596 760
261 397
922 760
312 849
585 964
961 980
989 31
921 475
394 472
442 77
923 608
966 289
917 486
269 149
969 846
268 440
349 421
169 897
820 743
224 77
961 90
481 453
848 520
343 29
78 433
114 95
900 982
694 766
127 39
274 907
99 270
82 996
987 426
750 648
83 429
865 836
847 15
402 673
657 456
678 51
206 602
916 476
633 468
487 743
655 464
624 301
298 542
482 179
583 735
436 34
55 483
603 750
73 43
949 160
999 408
630 4
908 953
207 859
645 2
610 810
837 839
880 914
831 653
387 318
287 210
724 776
785 240
726 804
9 902
609 602
658 655
144 456
216 424
75 39
629 886
790 929
495 646
912 994
8 780
677 260
637 485
989 688
664 308
194 612
255 456
662 896
834 629
851 424
872 127
201 301
715 746
955 716
431 84
482 981
839 321
657 117
640 999
559 36
597 959
848 968
961 530
924 129
984 386
495 507
222 852
471 215
638 589
545 825
804 194
893 99
99 670
589 89
569 256
418 588
582 42
335 23
49 803
540 757
883 126
308 609
577 321
111 340
550 63
681 650
735 679
217 605
13 266
387 193
782 296
607 454
189 956
655 338
670 988
885 84
11 186
475 562
793 85
896 340
587 737
