487 980
6 25
22 21
7 9
7 22
25 25
22 24
27 26
12 22
28 27
27 9
8 1
29 6
20 18
28 16
20 23
23 9
1 10
15 18
21 30
7 18
4 28
6 5
21 10
22 5
21 27
17 4
21 4
25 4
5 30
21 5
21 12
25 1
2 23
26 22
19 9
7 16
2 2
28 3
15 12
14 10
4 8
4 2
9 30
3 11
11 12
30 17
27 5
7 27
18 30
26 14
3 10
6 11
18 29
3 22
14 2
25 5
19 24
27 9
2 5
30 10
18 29
22 10
7 29
28 11
20 16
3 19
5 1
10 15
18 8
27 15
28 2
30 1
19 8
14 4
23 24
15 6
24 2
22 16
18 13
22 7
20 1
21 25
28 25
20 14
20 22
27 23
10 23
9 10
6 13
17 25
29 2
23 29
21 16
15 27
30 23
17 30
22 14
9 16
15 11
18 29
17 20
28 18
15 17
13 3
18 17
27 26
18 7
28 29
12 11
6 14
29 21
28 28
23 25
23 5
13 1
26 7
14 30
20 24
1 14
30 29
22 4
29 7
26 17
27 9
6 25
1 22
22 14
14 21
9 28
9 2
24 17
23 30
17 10
7 18
6 3
5 20
21 5
3 26
26 13
1 24
21 4
29 26
24 1
9 26
5 13
19 7
4 3
26 9
4 17
4 13
26 17
30 6
9 9
19 11
24 13
24 20
24 17
20 22
13 4
29 4
20 2
5 26
15 21
3 5
10 13
16 13
24 14
27 25
21 4
30 27
25 25
14 23
6 15
24 12
21 19
13 21
12 7
3 1
8 13
8 18
6 21
15 14
27 11
18 8
29 24
7 18
12 19
20 6
9 2
18 25
1 27
22 17
19 21
6 14
18 26
4 12
8 14
5 21
9 16
11 16
15 4
24 22
30 23
2 16
21 16
1 21
22 1
28 3
26 18
2 6
29 14
16 21
4 28
5 5
29 5
26 30
8 1
3 14
30 19
15 15
8 22
21 5
12 15
5 2
25 21
10 6
26 7
29 28
7 5
21 24
2 28
28 24
21 29
23 7
3 24
28 11
5 1
3 23
16 9
22 16
18 8
24 6
23 30
12 14
2 30
25 8
20 21
9 4
30 24
13 25
20 10
2 27
5 21
27 23
14 18
8 26
25 17
18 28
18 8
26 11
11 6
5 14
9 30
9 11
9 25
19 21
21 16
20 4
24 23
21 17
18 4
5 22
12 18
24 21
27 23
18 22
6 13
11 7
26 12
13 11
10 13
13 9
14 23
1 22
5 27
5 1
17 24
1 12
23 17
12 27
28 21
6 4
10 1
13 3
17 27
10 5
17 24
16 9
14 13
18 1
9 1
9 19
18 27
9 5
23 24
10 29
25 17
17 11
26 13
20 21
8 22
16 10
22 20
19 11
6 16
5 24
20 27
17 14
9 1
6 30
17 4
5 6
19 26
19 7
14 15
1 9
15 7
28 14
26 6
18 17
12 22
26 6
18 9
28 2
8 28
30 15
25 19
15 30
12 8
6 6
2 29
2 23
6 6
29 5
1 15
25 15
14 8
26 21
29 27
18 26
18 23
11 24
15 20
17 3
8 7
25 11
15 1
25 28
11 16
23 16
1 23
9 26
23 27
29 27
28 30
7 13
4 15
18 19
24 9
20 24
28 18
15 17
4 27
15 25
21 26
16 5
11 18
7 8
7 16
24 3
20 18
6 9
12 8
13 16
16 26
28 16
9 14
18 24
11 7
14 28
16 29
20 16
22 9
18 15
25 1
24 20
11 3
16 2
2 12
5 7
30 19
19 29
25 7
24 1
6 14
29 13
25 17
30 25
8 25
27 28
20 8
15 18
16 20
23 20
12 12
23 17
1 20
27 15
15 20
10 30
8 13
29 9
23 8
9 8
10 22
1 26
2 16
1 27
14 12
26 26
4 19
19 26
7 15
5 3
9 3
9 21
20 30
4 11
24 16
5 7
4 5
13 9
19 7
10 12
3 21
5 7
24 1
25 20
26 3
14 2
23 24
21 12
20 13
22 1
24 26
25 1
24 28
15 26
10 4
19 4
25 6
6 13
4 2
15 10
5 30
12 24
15 2
5 17
14 11
10 11
7 13
13 22
3 11
1 25
14 22
23 11
12 9
30 19
23 27
13 1
10 3
28 11
3 16
29 28
11 8
19 12
6 29
