799 109
12 28
3 22
14 7
30 22
7 20
17 28
9 29
27 15
26 5
13 1
2 29
28 10
29 3
17 9
10 11
2 8
27 30
27 6
10 10
27 28
6 19
22 3
4 29
26 30
21 4
10 17
17 1
5 26
18 7
9 26
28 19
23 8
13 4
26 20
11 14
4 9
29 29
10 1
15 27
4 25
6 18
19 30
8 16
2 29
8 23
6 12
5 1
16 26
22 24
29 16
29 13
5 18
30 23
26 29
17 22
21 2
16 9
27 12
22 5
17 1
19 18
16 9
29 25
14 13
27 22
3 22
19 11
10 30
25 1
4 10
16 14
5 27
21 16
22 6
6 19
16 13
11 14
17 7
13 1
5 25
9 11
11 28
22 11
17 9
1 5
12 12
2 17
25 25
16 23
26 2
8 14
20 12
15 30
28 15
14 12
11 29
14 20
6 22
6 7
24 3
19 27
12 7
3 20
24 18
11 6
22 15
12 9
4 4
2 15
18 24
22 24
19 14
6 7
28 12
4 25
12 15
11 5
14 8
20 16
18 18
30 13
19 16
24 22
12 15
10 13
23 8
12 1
18 22
26 3
8 9
27 15
15 14
9 21
10 19
26 19
12 14
27 20
25 27
12 5
22 1
6 4
20 29
12 30
22 17
23 24
17 13
26 15
17 10
20 2
7 12
4 5
23 11
10 25
11 12
14 1
5 13
21 19
11 20
16 8
27 10
9 18
21 19
24 9
1 25
9 28
2 17
16 9
27 11
13 13
5 29
18 1
11 2
15 19
12 20
23 29
8 5
2 8
8 17
14 30
22 20
10 29
29 20
18 30
10 1
7 22
13 4
17 1
17 4
18 8
19 5
22 2
2 15
27 27
19 9
30 10
24 10
26 14
4 21
7 28
2 3
22 23
14 9
16 11
28 26
28 16
26 14
13 28
7 3
30 13
6 22
7 12
16 1
17 18
6 29
5 19
4 19
20 3
17 18
29 17
22 21
2 10
3 23
20 27
19 20
7 12
13 13
1 1
4 27
9 3
20 6
3 12
3 24
4 10
14 8
8 27
25 23
13 26
23 30
23 19
21 9
28 25
6 29
13 3
24 17
17 2
10 27
18 18
25 27
9 4
1 8
26 7
16 14
25 9
18 22
22 20
2 11
27 7
25 20
17 6
19 16
10 23
30 23
2 15
9 23
1 7
9 10
6 22
23 16
23 8
2 24
3 9
12 19
2 10
16 24
9 17
22 16
18 30
21 20
25 5
2 12
23 26
15 28
16 10
18 20
10 30
24 18
29 7
5 25
30 4
10 29
23 13
9 23
3 3
13 24
25 13
30 18
13 16
7 1
10 1
21 17
4 2
5 22
16 6
20 25
14 20
3 22
9 8
20 22
6 2
5 15
29 16
25 9
29 19
23 18
21 28
22 12
23 17
3 5
2 1
10 14
14 21
16 6
13 8
27 10
24 19
16 14
12 22
9 16
10 20
23 7
10 8
5 1
8 4
27 22
8 27
13 28
4 7
22 25
6 13
22 9
27 27
20 14
23 19
5 18
1 22
1 2
5 3
15 16
13 7
19 4
15 22
23 20
9 16
23 26
2 18
7 9
29 16
5 2
20 18
24 27
21 5
3 28
28 3
16 22
26 14
19 22
9 2
9 9
1 17
27 11
25 22
13 11
3 6
16 20
17 20
18 9
4 21
19 26
8 25
23 13
7 14
27 23
2 11
12 1
25 29
30 28
2 2
16 2
4 10
12 4
13 23
16 17
14 13
30 20
4 12
19 10
18 14
17 8
21 8
20 2
12 12
3 15
30 18
28 26
22 29
25 5
26 5
11 20
13 5
7 20
30 18
14 15
11 6
1 15
25 10
3 15
2 18
13 8
13 24
24 7
17 5
23 27
3 25
27 22
10 27
2 29
30 24
6 10
29 20
14 21
18 1
26 23
1 22
18 9
16 11
27 26
20 21
5 27
3 26
16 8
10 3
28 19
25 14
26 13
8 7
8 18
6 28
30 2
10 11
13 11
24 5
27 24
28 29
10 22
16 6
24 26
25 1
1 7
25 14
29 2
23 17
1 12
28 24
21 28
16 27
3 26
27 5
22 7
11 29
28 12
2 23
12 4
17 23
3 30
27 21
11 1
30 11
4 4
3 15
9 28
23 7
16 2
9 10
1 7
13 1
9 13
29 6
19 14
3 18
9 16
22 12
10 29
3 28
8 23
13 25
29 24
5 11
12 18
4 14
7 25
15 17
2 29
28 16
1 4
2 2
4 27
16 5
9 28
2 18
21 11
13 6
8 30
23 29
12 9
17 21
22 22
8 5
19 9
8 27
17 28
30 24
6 4
25 4
10 25
29 11
28 14
29 1
20 16
3 18
6 11
17 18
23 4
26 28
19 12
12 1
26 13
2 22
19 2
2 15
17 18
16 8
2 13
5 3
9 22
11 9
18 25
24 11
10 15
21 2
13 27
24 25
6 5
30 7
4 13
6 4
12 13
12 6
23 27
18 24
26 22
23 28
30 6
7 4
9 24
24 17
30 30
20 18
15 22
24 28
28 29
23 9
27 2
15 1
3 2
3 15
30 17
29 15
24 16
12 23
20 18
10 18
21 29
29 14
15 25
2 14
1 3
17 13
16 3
6 23
8 26
26 8
21 17
21 15
4 29
23 26
9 23
17 24
7 25
13 21
1 15
8 24
7 18
7 28
24 10
26 9
27 22
13 21
1 27
14 19
13 19
24 15
12 21
23 17
3 10
25 28
10 18
8 29
11 2
14 12
23 18
11 21
1 23
18 8
9 8
27 17
19 19
27 29
6 13
13 14
17 11
24 28
2 26
5 19
18 7
14 10
2 21
23 26
14 21
19 23
10 10
26 29
27 10
8 12
15 10
30 21
27 18
6 23
28 8
19 15
4 20
25 1
6 12
4 25
21 9
18 6
6 23
19 10
24 4
10 5
13 28
28 30
30 8
17 1
22 29
18 2
15 12
28 29
17 29
7 3
24 27
18 12
1 20
17 9
26 26
19 13
11 17
25 26
27 18
12 13
28 11
29 2
20 5
10 8
11 20
3 13
29 23
5 7
14 24
2 12
25 26
26 6
14 8
16 6
2 23
7 15
24 1
3 23
4 21
21 13
27 5
28 22
23 24
19 30
14 13
19 19
21 20
9 4
6 30
8 5
11 22
24 10
18 11
14 3
23 17
5 13
20 30
23 17
19 9
29 15
19 19
3 15
19 22
16 8
3 21
27 9
17 30
19 19
18 1
1 7
20 27
27 8
16 15
25 18
26 4
4 8
7 27
20 25
12 26
21 2
10 25
17 6
12 3
20 30
7 5
28 16
1 28
24 13
21 29
26 15
2 25
16 15
29 5
2 3
25 28
24 25
8 23
25 2
9 18
3 15
9 7
13 23
16 27
12 6
15 16
4 29
17 13
25 20
10 9
16 1
12 11
7 4
11 8
10 12
25 30
9 9
13 15
24 22
30 19
29 3
29 25
7 19
3 9
8 11
16 5
15 11
15 9
25 4
24 24
20 17
18 21
26 23
21 12
25 7
6 15
20 1
20 28
2 1
9 18
16 23
