4089
2207 3120
3331 132
2160 2942
4041 2639
642 2602
497 2962
1772 768
643 3969
3786 3259
3210 4049
1006 959
782 1561
3473 3159
312 2952
2300 2373
2182 3713
1076 1982
3124 553
339 1095
3412 1597
1594 1927
2174 2654
40 1599
608 3615
509 201
1506 3472
2279 1677
2260 1752
2334 2081
2690 929
148 143
2017 2200
2679 1109
2889 66
80 981
1803 1770
3090 2594
1375 1532
1166 2913
1518 2398
2306 3850
321 2712
1708 1707
4074 774
2546 521
3388 2916
688 1177
162 4033
3047 726
1244 2662
3865 914
1976 3781
3820 3936
656 887
2587 2815
1135 1075
1699 467
709 3563
595 1928
424 12
1442 3042
2823 1799
3385 3708
1192 3050
2789 2604
1143 2769
2543 3653
2932 3133
1650 2781
1955 493
2520 600
163 828
416 563
2464 2265
1114 3482
3753 3217
2660 3239
3655 3456
2726 1948
220 1441
3756 2062
2237 1553
2049 183
2013 3493
3265 1975
1638 2948
2675 3329
386 1102
3243 1340
2150 415
1359 2867
1755 3207
3028 1514
2523 2745
27 1997
989 689
2101 792
2023 3824
848 1154
3791 2187
1742 1420
3914 1999
2626 3678
1988 1778
3474 460
1003 1664
3446 1741
2525 462
3665 3938
4060 2774
238 3824
3086 4001
2745 98
2314 3328
1270 1279
2740 2123
505 846
3437 773
1028 2273
49 2343
1040 846
1131 704
3814 1655
2678 3050
2020 591
1884 3041
2222 1396
3497 3991
1501 1549
568 593
2061 3067
883 2872
711 3872
750 3934
1670 2017
3451 4016
2536 820
2351 138
1578 1698
3395 598
3009 1683
1721 763
2300 2908
3482 1540
2296 26
201 124
269 736
1443 3547
353 3890
803 2439
1683 2930
856 536
115 2126
858 1463
2640 1078
452 1826
3039 3537
2191 637
2822 1123
2464 2091
1535 724
4054 3893
814 1596
771 2772
4052 2235
999 2636
2574 1787
1872 2730
1548 2892
1471 559
1135 1308
1269 2055
3901 1150
1080 1434
2978 1808
1745 3056
840 3838
1511 2107
1632 1493
3420 1964
2196 1999
881 960
2404 3953
3012 3174
2975 465
825 806
1032 2050
104 3352
2775 127
2019 3990
2485 1540
591 733
1548 2249
3087 2783
2796 2616
453 554
1962 3985
1665 3699
690 3402
1945 27
2520 1901
1651 703
1365 2492
3814 3443
273 2443
677 3233
1793 1909
2394 3415
95 925
2577 2651
1181 3591
1830 2055
1958 2718
3968 883
2874 4001
1245 2462
1006 558
3838 246
1708 2547
120 3
3642 918
3399 1548
4064 1542
890 1409
3513 124
3628 2778
1865 3631
3023 2961
2601 2241
1758 3086
890 2525
1670 2300
342 3797
600 3956
885 61
341 3376
2895 4082
2543 3068
998 3350
2432 2316
1786 2380
2244 1323
2186 2951
1299 3766
1357 1293
1263 94
379 1486
1941 1348
1853 189
1287 1709
421 2026
1119 1078
598 2167
4054 1428
721 152
51 3129
2113 1428
3822 1160
2300 3791
1926 1780
3620 3023
3861 3966
875 3793
2526 2439
972 494
37 3278
2652 730
3496 3365
984 3236
2801 1240
2459 2666
1370 3940
3701 1112
746 1503
2163 2679
1101 3686
284 1537
890 335
405 3103
2669 1089
3614 2891
3942 3534
63 2352
2797 4045
1385 2135
2711 1323
2704 2570
1729 2669
1140 1883
308 1661
1941 1321
859 3181
735 2106
2343 451
160 2648
2882 615
3311 941
1994 1203
2086 579
2102 2168
1385 561
1477 1523
3467 1169
1148 245
3021 3094
1292 4056
3784 2977
1312 2684
3991 3515
1797 3050
307 2194
1565 2602
322 270
2938 2465
2462 1359
2045 3470
3295 3241
1219 1542
603 776
1104 3169
2899 1795
3565 1859
4019 2362
1992 2444
2630 3996
3478 365
3411 298
1459 1186
1618 3852
3752 1170
140 2043
1469 3536
3621 373
1472 1134
288 4063
569 3162
3528 3038
1822 1508
284 4031
3846 3967
2498 783
862 3344
2171 1507
1473 1675
265 1621
917 2554
1818 1800
1198 2943
308 2166
3548 2301
1767 927
2811 274
2298 3955
3635 3477
2644 3870
3651 1820
540 3644
734 2698
3313 199
2146 484
1337 460
2149 2464
3609 2836
3479 2783
3169 3828
50 3496
1866 2682
35 3614
1647 3128
808 623
1292 883
1915 3870
1730 3162
763 1097
3644 340
2580 2713
768 2980
1082 737
2096 2424
41 2899
2302 3877
289 292
166 3653
441 416
62 1708
4021 878
1491 2536
1547 1888
1459 123
2086 237
333 1861
2422 107
572 23
3336 2230
3155 493
3914 2911
3291 3687
1336 2826
668 959
637 1714
2458 1258
1735 1043
3117 1087
450 1788
3869 1314
3413 3662
2844 375
815 2840
1134 2236
1885 1257
1517 421
2879 2950
2518 993
1775 2709
3893 3092
3788 1215
2959 108
268 1533
1414 2566
1260 2345
3803 2054
894 3758
1552 145
1688 115
2355 1259
193 2901
437 106
1007 340
3071 1595
3761 1361
2551 2661
399 859
3278 537
2403 3140
3573 3172
1612 2283
1961 4054
3104 3125
843 2734
1174 3612
234 2602
2749 208
2590 483
1264 3734
1094 1840
2057 316
3963 3278
3871 76
2683 250
1281 3529
351 1113
3917 1659
2854 1767
1272 2509
1009 2205
2485 251
2802 3271
3906 2726
3293 1065
227 3854
3818 1033
2072 2717
1290 1338
3687 101
1087 3807
3963 3372
1815 3333
3634 2896
2117 2834
195 1562
2676 2411
2402 1607
1789 4050
2569 2105
2092 240
44 270
3074 2868
3747 1972
1828 3111
3838 771
627 2061
1175 481
2727 1188
3677 1688
2792 1524
3552 394
2885 1315
1755 1216
3631 3928
1962 2279
323 3194
2343 2452
1418 1490
5 1032
3325 1626
3687 3383
2061 4027
564 1578
2708 3094
4038 3154
1984 3265
313 486
3709 170
2538 2629
2623 128
164 1554
317 347
1611 464
352 1861
3424 2330
2834 1582
43 140
4027 2287
1031 3820
3305 3064
1451 3634
4007 953
3067 475
883 3410
2069 579
3726 266
3477 468
3761 2246
34 771
2416 1835
1345 1254
2098 2884
3508 2828
521 1124
1477 3951
943 2447
689 1964
1039 1664
3286 207
3057 641
4020 2065
1425 3757
2880 2285
478 1764
718 1719
2339 452
2890 504
1758 1358
756 319
2425 410
1344 1742
756 1254
811 2638
3588 1194
1279 1009
3613 4044
320 145
2092 3906
1965 3061
1470 1141
3303 2387
1884 830
3738 2004
2611 3792
327 3242
1491 837
66 1601
2818 3069
3927 2664
2404 69
1156 2145
2759 328
2610 809
2039 1414
2109 2988
418 2329
4070 3317
2865 460
3231 1399
41 312
360 69
1248 174
1519 410
2657 3426
3546 2120
3704 15
247 1724
261 3962
2759 2973
3198 3544
290 1838
1592 3041
3514 4
3128 243
4037 538
2178 65
3956 2
3131 1178
1367 4002
2412 3438
4088 3974
1179 108
1102 3422
620 790
3106 2791
1340 577
535 1602
3944 2563
1489 1054
3608 3005
1386 3303
2253 1325
3479 61
487 934
1605 1293
4058 1942
1127 3420
1865 2248
3989 2907
1890 1093
3564 503
1499 413
2048 3917
98 2923
3034 1914
2672 3087
1258 1033
929 2006
3000 2425
1955 1089
3143 3954
1588 2296
1828 759
341 3968
67 4029
268 3525
2851 3685
2262 2321
328 49
3376 3837
848 891
3276 1441
2711 824
822 1323
1605 605
1446 720
3809 1865
3911 399
1311 3855
2744 510
1013 1548
554 2888
791 435
3073 907
841 3073
1501 3088
1107 2509
2079 1248
3034 35
3911 1247
2284 3070
3588 3594
465 2612
938 2419
1295 530
3826 1937
1521 793
2473 1598
862 2571
963 1580
1827 4020
2098 3436
1845 2604
1148 854
1841 3949
3586 2960
1582 2332
4058 3240
3760 68
117 1610
3340 2065
1427 1791
3132 60
3794 1811
26 1625
296 698
1188 2205
1319 3579
2497 1887
2218 88
724 3780
2132 1398
2196 3
1752 802
3245 760
712 2984
2994 1985
552 1850
3332 1809
167 2300
1851 3114
2754 2927
3329 1601
476 1941
2198 2445
980 2875
541 2911
1360 3232
3353 3887
3270 517
2419 881
27 769
402 1291
1594 813
3458 2720
540 474
1341 3356
1041 1251
2438 732
3399 476
3690 604
3632 1207
3637 795
164 1201
2075 903
532 1545
3916 3672
1186 1335
1421 3185
2852 3009
950 3570
1826 2030
2708 3192
1396 2169
3919 2679
138 1895
3416 3523
1354 3848
2111 456
3474 4053
3684 2942
2270 1059
1301 627
2715 840
793 2512
1624 1545
710 2697
2270 957
1880 2319
430 749
708 3403
3473 2510
378 3077
559 3416
1194 1656
518 521
1996 1021
869 2797
2380 965
495 1212
3982 2891
2423 1284
628 1538
2343 1308
1564 1753
3513 402
2707 2540
99 3275
449 321
807 977
2360 1630
843 1215
2974 1213
548 2912
1897 1448
266 1646
1138 2867
2455 446
3782 3343
2600 3798
202 3626
678 1819
3854 2020
542 1673
965 2353
2765 2063
2628 343
3595 273
1530 454
1514 3157
2144 352
2384 528
3816 834
1531 315
2584 3570
141 594
2432 1949
3964 1433
2356 1106
2919 343
688 3079
2798 2903
3881 1402
1974 997
3070 3092
3217 2601
68 2455
3647 1840
3097 1010
2263 2965
985 3585
701 2909
3954 327
2270 1804
2537 2946
3340 4085
1951 490
1706 2404
3918 580
2453 1680
2236 2836
1068 972
782 1657
60 978
2799 3294
1465 1511
1809 1596
1604 1856
1624 974
3878 2997
2473 2288
1452 2279
2164 2327
963 3343
1761 2630
2710 2470
2223 1361
436 2145
4055 143
1854 1803
3717 845
740 2265
3194 10
3781 2192
3970 1034
1745 647
2627 3369
2658 1829
1737 3644
1510 587
807 3596
777 3433
3404 663
204 2890
3882 451
3362 471
722 1057
88 1731
3198 3036
1949 1488
3746 3226
2102 579
1645 183
339 2393
187 1618
2027 1591
270 2407
3988 3219
3601 2101
2169 3948
1197 3463
3847 2102
2908 2477
1046 1854
2062 1984
2219 207
2530 2762
1583 2242
751 2444
2692 1712
1075 2411
3441 317
1087 1940
99 3104
2415 2184
398 1803
1123 3015
1096 2440
2706 690
2179 3116
659 3547
2664 1912
1513 631
1027 455
3087 2170
3019 2548
2717 2206
36 3446
888 2130
3360 3132
2591 24
254 1990
2363 2414
3475 1719
829 3325
2833 1556
2934 2845
366 3776
3574 3195
1215 2495
1444 2232
2216 2202
3220 3292
217 3429
2795 2386
2585 2117
905 308
2769 1496
3213 2790
2016 1571
3247 633
3582 2038
677 1137
1202 272
1482 256
3877 3060
1347 1894
3360 2561
3810 363
380 3611
1869 3200
3873 1411
3369 3994
3737 2095
2154 987
1646 1705
1934 1733
146 4015
2660 2274
778 3039
1483 1538
255 1860
1601 3453
1261 709
2767 2572
3779 3462
3728 2017
817 666
299 2884
1256 3599
429 2428
980 2389
2364 3763
2061 2095
2830 853
1757 3513
1635 532
3688 2465
3567 1245
2343 1664
541 206
1089 462
2106 888
3515 3036
3566 2923
752 1201
2393 4074
1542 3090
1126 793
2016 3914
2888 3424
3268 2529
116 331
643 2925
1351 1850
2403 610
3716 3327
3306 427
1706 170
747 3801
1899 220
1976 2138
668 2587
2167 1316
195 210
1200 1982
969 3732
524 1189
3724 152
811 2932
1401 1150
87 942
813 3537
4034 507
2390 2409
2984 2481
3007 797
1909 413
138 980
980 2124
2115 1157
2479 2181
1558 3341
72 3267
2699 1213
547 857
2672 2536
1421 2225
1664 3207
2190 1101
661 1904
3164 1281
1533 159
1065 3576
3925 2057
3954 2565
637 1265
3510 3835
2197 1249
2929 1405
2793 1110
315 3337
559 3106
3738 1422
3882 1164
1242 997
1440 2351
2058 2737
642 1432
3945 571
547 2110
244 3581
3827 3324
856 593
3323 2564
3079 187
1893 3441
3162 132
3548 2673
716 3071
2179 1973
1931 3361
1269 547
327 1185
3410 2030
742 2560
2649 2848
3780 176
2848 293
1021 111
1977 3483
3744 2459
3596 1797
1960 720
814 3722
3017 930
2911 3009
3169 1560
3120 2973
1901 99
3065 2187
3549 1855
190 12
1667 1176
3990 2799
871 2418
1830 3997
4037 682
4059 1451
1776 2805
1582 914
454 1017
1564 2232
2614 232
613 994
100 1400
2983 1512
2376 3901
991 2441
3931 3913
243 961
1441 2399
6 1609
24 2928
3473 3386
3959 1523
1055 2491
2341 1139
2432 3321
1407 2243
1849 1551
731 383
1722 823
292 37
2827 2803
1845 4024
2057 1416
905 503
2095 2827
4062 2318
1870 1156
466 2317
3000 2484
2960 3358
2053 4002
1034 2964
3265 872
3738 459
542 2352
2032 3400
1005 3277
1033 903
3106 611
1712 2935
396 853
3883 3583
1494 3948
2259 3706
689 2772
1996 3668
2055 1347
2436 2715
2031 2090
776 2744
3931 2109
328 2869
697 575
598 781
360 395
3383 2566
1282 2401
3330 3707
2786 2296
3905 3911
238 312
3410 3271
1621 3934
2135 1967
943 3009
873 1987
1490 930
1986 2461
436 4046
3891 1303
3830 2468
590 2225
2213 4065
2048 3558
882 3729
1304 1224
1354 1115
526 1940
264 2439
786 2663
3969 1336
1029 1097
2053 2714
3828 1927
2455 1414
3842 3357
3284 3773
1566 2484
3272 3067
2497 1019
3958 3640
1702 148
732 1400
369 1367
3647 3176
1025 3530
3871 915
274 712
1961 1303
2459 2375
2191 3163
3858 1664
3969 266
1074 2222
2952 779
2382 3514
3442 593
3243 974
3364 3504
3844 1407
1698 1719
2054 2464
3854 1895
1563 1919
2022 727
401 2673
1246 547
3927 3293
1249 3079
505 2086
2700 3376
2582 1812
478 2096
203 1315
3652 2302
1031 4065
1841 1418
3879 2836
68 1645
3727 2983
3675 110
3285 2358
3682 3009
94 1144
1742 511
2704 3140
2735 984
1492 3601
2174 2223
285 887
121 624
3699 102
2791 3765
1875 869
2414 3077
3497 2803
1318 2861
2491 1129
944 3387
3455 3412
426 3832
3703 3513
2906 978
1117 1582
895 3388
154 3295
3119 3398
241 3328
3209 2365
2849 88
3085 3713
3039 668
3663 1961
3531 925
1642 1271
3454 1187
2080 1067
3850 275
1788 1583
1864 395
635 915
1320 3
1009 2310
293 3891
2369 1429
709 1430
2512 2243
2383 1659
2050 2985
1373 3264
3432 1451
2887 2896
3138 2674
3627 3095
548 3602
2853 3701
1962 3797
809 1642
2044 3428
560 3389
640 2952
1567 1034
1298 3531
3102 2600
3959 54
1890 2562
3509 2115
159 2534
1167 1560
1204 2802
1883 614
1162 2524
3877 743
291 1584
2183 2708
3986 2576
1242 411
786 770
1306 3813
4009 2302
1636 2187
1938 3700
3272 445
267 894
1386 1860
1520 3273
1687 827
3980 3571
2324 2669
2553 3475
92 1206
791 1881
3070 3435
1388 85
3411 679
2105 3554
2088 2696
1977 2686
3717 2905
3534 1955
1444 2454
3998 3564
1105 294
3953 2331
2268 3378
733 1961
3439 1090
3000 3376
631 3614
4088 3840
2823 3216
1704 3548
1939 267
813 1385
956 575
3097 3761
3606 2538
1136 586
3086 3211
3898 474
1063 815
732 3209
2279 602
2132 2660
161 1756
2303 1865
513 1767
1953 1223
2453 3444
1042 3501
3249 442
3723 2679
2953 1401
1843 2948
3354 1917
482 3006
4083 2512
2323 2213
3408 2119
3788 1780
544 3264
3563 3016
2052 3770
3883 3633
1148 1727
3570 2463
1725 894
3767 3247
3822 1199
3812 1798
973 2234
3154 3750
3421 892
868 1257
1031 3697
839 818
1063 500
3694 471
721 4065
78 4040
2751 1272
3530 2384
2963 2001
857 560
586 3874
854 3463
1578 2775
3708 193
2802 127
2534 2707
2943 2909
3557 2230
1407 1773
826 1721
2307 3131
3583 3726
1403 47
1597 2347
3806 3372
2044 1508
2208 3478
3079 1385
1020 2668
1508 1658
762 3260
995 1868
3080 3639
666 3446
209 3888
1965 1946
3862 3292
595 1087
1911 60
1933 2978
2214 3446
619 2069
859 1397
3498 3010
310 3630
239 2530
4010 1407
3980 4001
825 1533
3728 320
1543 3169
123 2045
1448 967
1986 1911
530 3405
2144 480
999 1944
1907 515
2675 3596
1562 1729
2747 2423
757 3338
436 1851
3382 1677
2490 2752
371 991
3479 2217
1559 2406
3773 3990
3037 1688
1253 1105
3088 3549
1555 3286
37 881
3401 2561
3703 823
4039 3538
2818 2621
1033 1008
1534 1479
1279 149
3779 4082
262 905
2381 3060
3789 3264
561 3304
3913 4057
3307 2152
115 2949
1209 2250
632 2713
4017 1196
2596 832
1145 3882
706 1741
352 1647
2311 2331
3357 357
3788 2011
1705 3488
3668 2431
2128 1443
755 2113
1678 228
2856 3324
1139 3240
3216 12
4001 2397
320 291
2770 914
421 3549
2418 3241
1240 304
3256 610
3129 3170
3031 1694
3613 95
82 740
476 1147
2606 1461
327 3609
3823 1204
2506 2031
3898 2567
877 2379
1611 507
2362 1475
3777 3678
3260 3297
2264 144
3830 1738
3647 3289
826 672
1157 1952
2573 1357
1796 3826
227 3251
2433 3443
806 2929
3150 3549
2930 1638
3667 1180
2285 93
1540 2737
2247 229
3346 3538
1569 3088
2075 2220
3846 1523
1833 3493
2848 3285
2035 1072
1818 134
268 484
1567 440
3239 1575
3676 587
2030 1913
2836 154
182 1749
1354 1473
1314 1960
1424 2991
3948 3318
2649 704
1722 2209
3977 1099
2373 1909
2945 746
272 3401
145 1031
1141 428
1895 2588
3863 2860
1213 2784
1151 2417
3737 768
1687 3417
1580 1059
2390 1495
3615 1645
2782 3835
3021 623
1691 1080
4066 2558
159 1481
3597 3124
1553 382
1826 2885
1374 774
10 414
3384 2789
1152 3283
2521 610
1867 2860
2137 2249
345 3380
3080 422
579 2231
4043 2202
930 2477
1808 444
1761 3717
3490 1425
2149 2651
521 1668
2126 715
932 832
2031 1737
1434 871
1510 1642
389 1686
2296 377
2804 2944
3924 3346
3359 3782
3648 887
1560 1876
806 3893
1224 2673
2864 1806
3761 939
1699 2641
1364 2289
1675 2726
2431 2305
505 3062
3394 3704
697 3845
1885 1093
1952 32
3376 3710
2448 1688
539 920
2206 1631
3190 2109
3037 1441
1985 924
3507 777
3198 3758
16 3869
580 1734
2221 1023
2146 2688
2026 1151
22 2431
1972 3529
889 1731
1350 489
2695 3911
1162 1355
36 966
1340 2360
406 849
690 3076
3205 880
481 4014
1058 3148
429 2276
653 1514
3296 2642
4 2074
1643 566
2918 1841
2860 2369
1509 2588
3184 1728
2839 1527
967 2684
416 2818
2025 1033
3242 3673
1119 2041
1788 1227
2305 4008
3783 1882
2691 2987
3693 1326
2846 1331
2765 23
2947 2116
4071 3160
2996 782
1893 478
1914 3839
339 3478
1438 1205
2124 2340
3314 120
337 1117
3083 1807
1297 14
2079 1820
2080 386
2304 3477
2951 1933
1557 3354
3557 3599
1784 2906
3662 258
554 3013
2073 2539
521 1617
3616 1337
3519 1280
3942 206
2304 1720
1451 1004
3945 469
184 4030
1615 3970
3548 2208
1633 2212
3588 3992
1386 3678
3094 3678
3392 2218
2453 2491
134 3621
4046 492
422 227
3242 2452
3027 1347
3987 2290
3539 538
425 2778
2469 1664
2308 1477
1856 1555
1281 953
16 911
809 787
617 3196
756 2275
554 3242
4000 737
2691 1054
2467 649
481 3891
3915 329
3795 162
897 318
3494 3209
2451 2919
636 1844
1553 669
1728 2691
1829 1149
2268 3162
3612 3081
2964 3345
2332 1683
1127 3888
2669 2677
843 3440
4081 1992
1573 665
3359 1203
1444 3059
26 2634
1753 3736
2881 1059
3246 3635
3778 2864
1365 3938
1361 3063
77 2804
2166 2297
2082 1584
356 2159
909 987
2980 693
1400 939
1134 825
2450 1773
3818 3791
1344 3488
1944 3341
682 1430
1480 357
1848 1637
3489 1298
3692 1911
3678 2753
3116 2556
2645 3539
1309 2858
3158 979
1776 2868
2686 465
3067 2279
3734 148
1832 1024
3477 1235
2542 3425
178 611
3310 1992
889 3870
1078 1407
1262 1790
946 3026
822 2147
952 2105
2088 663
696 242
1809 1582
2864 2407
1795 1447
3791 2270
1722 3348
2776 2715
3426 3485
3393 1345
3880 1985
3205 3304
3370 392
1085 1165
3353 1899
1558 2535
1983 3122
962 4082
1639 510
357 57
742 2690
1208 1490
2094 3104
556 705
3876 1992
851 3138
1540 1570
2063 725
1182 2068
691 1869
963 3367
1943 1606
1629 3825
3914 458
3661 569
2080 2904
905 4029
2688 1668
1293 521
3309 2380
650 2054
2558 3277
2798 3544
1120 1691
2601 1211
2992 2524
771 1066
414 3052
2966 3338
555 2226
3836 2036
1738 745
3439 1757
2007 712
2967 806
4009 761
3774 710
674 914
2110 149
3846 1809
3860 1277
877 1019
2657 1554
3568 364
3579 3134
2741 3656
3543 3643
3277 2336
1426 1809
2759 2696
1732 977
2168 2152
960 526
285 2285
3128 1419
1185 425
2232 1242
3714 151
2903 2198
613 2277
330 181
664 1981
2543 1867
1271 2908
267 1686
2307 75
1308 3283
3605 1786
1179 238
418 1308
130 2810
2545 2844
3476 1883
914 3592
3884 2172
2333 1726
3928 1431
726 1863
394 2222
2369 1228
3676 2199
121 175
1294 2997
3882 3250
3686 362
1395 3208
630 1900
116 1309
1395 2214
3553 3330
221 1622
2410 2001
2199 2794
1980 74
1242 1204
643 3556
1129 3924
3517 4018
3717 984
331 1527
2068 2422
4043 3344
3371 573
2887 782
713 1814
2921 2330
46 428
2154 1587
1072 2251
284 1757
423 2185
2816 1273
2465 1429
4010 2432
1673 1754
3955 2332
2996 2480
2261 1174
648 1750
4008 3589
49 1126
953 160
1373 1023
2139 2224
1010 2307
195 365
1290 1281
3583 2463
3757 3740
2438 2228
3597 2655
924 1278
411 1586
3329 3842
439 1312
3861 2620
1112 2714
59 248
3066 317
2723 1664
796 1921
993 4010
53 413
3173 2378
738 137
2238 2891
1182 964
1402 211
2177 3611
1238 206
3873 1732
58 3647
2452 3824
386 428
1482 2881
2078 2244
1505 312
3211 2537
469 3637
3842 1470
2659 2542
2804 974
3694 1349
2209 1535
2201 3396
2657 3128
2368 2028
3196 715
3966 1222
1137 313
2800 368
994 3711
2457 791
2456 911
1861 1608
1485 3126
496 1583
2428 949
2377 3450
1336 929
1224 1240
2233 3021
52 3576
4037 322
1818 968
3830 706
3313 791
3355 3956
1868 580
2337 327
2806 1761
2809 3391
3583 631
1488 3853
2581 512
3981 3883
2639 2478
2623 3232
2200 2332
3900 3222
163 1951
3855 3278
360 3700
3011 1193
3650 1053
3429 1759
3681 534
431 1608
3963 95
1373 1212
410 1491
2437 2863
433 2192
4055 3650
618 1392
2187 3615
1330 3670
3203 443
2737 2461
3043 3932
441 1498
404 629
2900 1255
3657 1712
3071 2470
220 1204
1709 3610
4011 1301
3466 3383
1298 495
1390 698
3956 2988
111 1681
2142 1041
3390 3826
1046 1790
1770 286
3257 2293
2622 902
655 2860
126 748
1606 2368
3323 3344
116 773
3644 1796
3902 3296
1520 2063
3639 2507
115 3231
669 3436
3362 1986
919 3233
3587 1511
3199 1205
147 1159
32 1238
2041 1919
3600 672
3294 829
3946 1228
3265 1513
4029 1131
3011 3429
2960 3391
2417 3066
3266 1585
2040 388
2691 203
1727 2608
4079 723
3541 1995
2242 1702
2834 22
1965 137
176 1180
1410 173
3779 2196
2510 1395
459 1748
3303 744
1126 1867
958 1052
2121 1563
2574 937
3980 3963
1208 3207
1321 966
3423 1789
1087 206
748 1100
3270 4053
121 3049
1753 2430
2546 2363
3869 2318
1940 638
37 2218
1039 433
2649 2361
1685 3462
3343 483
863 2570
2216 747
391 15
1453 2681
501 426
217 2880
1298 149
1781 232
3837 945
4055 328
1562 1798
1870 2285
659 4045
2809 3902
1814 3223
3162 2290
1588 1723
1122 1525
2719 3906
1001 2342
3938 789
1401 2662
3122 703
337 2232
1460 3832
940 3025
1698 2963
3175 2029
128 3904
4048 2984
2136 3409
2875 1149
2240 2197
3378 2080
2158 22
1485 3506
701 3988
1433 3169
3496 654
674 2997
1094 2543
974 37
2730 2898
1443 1234
3310 3604
3672 1488
1131 935
3428 1380
3103 330
3940 3511
3406 865
1730 2995
2001 3910
2293 3659
2749 2212
2268 2305
3986 432
3459 1948
2425 3859
3657 3073
2224 1611
2475 975
1830 3032
3585 1309
4015 2231
1449 3387
1205 303
260 2152
2161 242
818 3806
1744 2286
1319 334
3150 180
3526 1041
2440 2143
3445 4024
1715 1882
2026 1835
2826 496
277 3518
20 3370
2025 4086
3037 2752
1848 3774
3258 1198
938 3892
933 3587
4006 2100
566 541
3380 969
2736 1715
3662 1037
2750 1185
74 3348
24 299
1980 1767
1477 2805
1936 3592
3651 1502
2402 989
2089 1920
323 2138
2773 1169
2156 2801
271 4080
3471 2092
2415 3033
1176 2360
3375 355
1168 1199
3424 3209
295 368
91 1478
16 875
2804 2939
3670 2476
4055 3041
3082 1029
889 3107
2783 90
1313 1734
3641 577
1244 1437
3771 125
342 2606
3434 1222
464 2503
2863 1738
4006 2220
483 1263
3497 3862
855 3644
1035 394
2173 1638
1918 152
1979 1764
946 3897
1341 991
29 1847
2222 119
3976 387
1148 3479
2184 873
2067 3154
2393 2392
2045 1031
1444 1689
2823 799
2642 3765
3534 1068
761 3759
1029 1197
3235 951
1302 1120
1258 1706
1734 3356
1477 2009
1373 1345
3874 689
3411 575
1532 2098
3191 901
3416 3114
2202 1703
3395 1916
2071 1997
1961 2712
1667 2226
3444 3200
3232 3024
3061 2666
3299 1567
1544 1440
2878 46
2861 382
1377 1018
2304 681
4001 2130
3392 2744
2487 577
1521 3975
1877 3216
3876 1466
3916 650
3662 903
3361 3233
3138 2367
1696 1377
146 336
550 3142
477 679
1864 1820
1047 1639
3497 2807
434 3590
2345 2526
470 1458
1444 964
893 2102
1783 608
1457 250
3535 1579
1371 1518
344 3878
1401 3274
3492 326
1607 2310
2897 3599
1611 3757
98 80
1896 3071
462 3999
1766 674
845 3342
3921 1196
3755 916
1660 3868
1813 208
2409 298
3561 1786
2723 1211
2685 375
302 701
140 656
1221 952
331 2042
10 469
1711 2165
405 352
1873 2710
2449 3779
1083 3170
1968 4072
791 3512
945 1631
290 1377
3464 465
1730 2400
3199 3143
135 2400
1108 1974
2011 749
3588 2314
3694 879
381 2149
62 248
1320 233
3850 1343
1150 2079
616 3032
2817 4050
3582 2333
3316 3686
1857 338
3253 3575
1515 3349
2400 105
3400 2630
3595 142
3650 811
361 2530
393 3588
3761 3146
2486 1746
790 735
799 782
2369 707
2922 975
2960 708
957 99
2844 818
3696 1120
3459 454
3252 776
2832 1294
1148 1156
3869 1492
2836 2342
1861 1429
816 913
3260 3264
2065 2610
1537 3078
1363 3357
1088 3071
1913 2348
775 283
1789 2138
1931 1213
3627 847
2591 664
2005 2097
3975 3216
3883 3759
2940 1315
908 521
3355 3597
3911 1377
768 1068
3726 1332
3204 653
2661 257
2460 1117
2674 309
2180 1175
267 151
1063 927
306 2912
1616 1666
1483 2819
3346 2278
3033 2397
4051 1430
997 2616
3138 3692
4073 4028
138 251
2135 1985
1558 948
1559 4068
3518 878
1481 3785
3810 196
1428 1675
222 2693
4056 975
3653 3152
2206 524
2665 1789
802 2348
541 3200
30 1313
2269 1388
3743 1664
3147 65
1152 2426
1124 3247
2343 1989
1758 441
3419 2049
3140 384
788 75
3270 3948
1533 3513
2866 771
932 2796
2275 392
2427 2337
3238 1360
2902 1971
2662 3542
64 1385
415 783
1127 30
2501 1763
1259 2193
286 226
3120 2346
3997 3014
2668 3980
3706 1845
834 2513
55 796
1103 3074
2928 264
2812 2245
1376 3460
2304 1802
1703 570
2513 2551
1797 2111
3740 949
394 2225
2294 3927
3311 2016
628 105
2345 3024
1384 408
3437 1106
2205 3925
3205 3074
1196 2071
3139 1704
2100 3427
2890 4031
2734 3541
3403 2382
2413 1546
1727 459
1236 587
2194 1558
1300 726
1832 1724
3321 1644
2265 920
265 1291
1325 1938
3049 2752
1365 1291
274 119
555 196
1049 1386
1486 1480
3387 3699
134 3450
2857 603
2476 889
3599 3722
202 192
1838 1017
2943 1786
2555 3052
2493 3948
1630 720
2248 711
1339 1803
1347 584
2880 397
2910 2002
60 2489
2616 3031
3545 2644
3715 958
1464 2895
2645 391
442 274
2902 2144
409 3742
1951 3103
665 1949
3449 3082
1477 257
1833 728
2404 3438
1997 457
1353 1360
37 343
3776 1798
1018 3698
3728 3834
1151 138
614 3411
3922 128
1887 3216
2231 1374
3536 3987
3809 142
3376 218
773 249
2893 197
2162 287
1315 3875
1568 541
4015 891
2734 2472
361 3460
1576 1344
506 2636
663 3890
3422 1389
1943 2796
2114 3266
2388 3701
3939 2687
3695 2889
1339 550
1585 278
1614 3194
1611 959
3409 3182
1613 2015
2239 3260
2939 3798
999 2039
1942 1936
1713 1815
3882 801
3364 404
32 1091
748 1119
1709 4077
3448 451
709 3449
3305 1912
1694 3368
588 3780
2287 2574
1489 3174
1169 3321
3297 3541
979 1316
3631 606
2210 2421
895 1799
3225 2780
69 4007
2265 1779
1113 2532
1449 1868
1669 753
2557 4015
2656 1601
52 2555
2945 1168
3025 3305
1528 1778
2185 3378
2619 2008
1612 3893
1800 3180
870 941
528 212
379 172
2134 2814
3747 118
29 956
3221 1685
4035 1301
901 3484
4089 1719
2222 316
759 2830
786 3518
2255 1504
2249 1903
2336 1894
208 1030
1753 3001
746 2072
919 3017
1386 1473
1997 3591
1364 182
2307 1805
1962 3935
851 664
1623 999
1091 2624
814 2609
1760 562
4050 2510
3492 1135
3316 3011
529 1487
1856 1681
2514 2770
1773 2141
2884 281
3832 3664
1857 376
1557 904
766 1711
2691 520
3022 2287
2084 305
2924 667
3672 1842
2809 791
1969 3913
3193 1322
337 2394
3956 28
2226 3795
3886 3199
1637 3542
3135 3494
3554 782
1765 1885
836 3117
1824 1017
1603 3002
2467 3542
830 2780
1817 2936
1536 3397
2853 1530
2763 2324
3013 581
2463 1701
2109 3390
2350 1124
3119 396
770 269
122 1811
1160 2530
3840 1526
2289 2706
3187 866
219 3612
271 2480
1879 2795
1435 3855
3847 2046
2608 3721
582 2115
2969 86
302 3274
945 2366
3128 314
1342 1114
2117 3005
3618 2178
30 1602
978 1882
1019 1076
780 1997
2493 3917
236 2654
3684 3365
3912 106
2395 2094
2535 1436
2153 2106
3394 3412
3026 4068
958 260
2499 3618
748 3171
986 4012
208 3021
823 3832
2473 2779
2816 1670
3190 3625
3716 698
3537 3047
482 2841
2163 4037
823 72
100 1352
644 3160
2206 3045
2637 2290
3189 910
1252 1793
2911 3707
2874 3521
1810 63
2961 1547
935 2157
1666 1580
24 373
2754 3820
2094 356
691 835
3937 3350
695 1700
1133 1333
2327 836
3478 2498
527 506
3201 128
158 893
3813 3473
1301 983
997 1356
1133 1352
2540 1801
2171 2828
3879 1372
3869 3442
260 1012
1548 897
2602 54
504 1599
3044 2734
1876 2442
329 1385
1183 4031
2828 3258
261 472
699 1673
625 73
1244 2488
1295 4088
2567 1792
1479 2041
4024 381
3937 3569
3764 1362
2013 2411
3435 685
2728 3492
198 1975
2157 2372
2535 3896
511 3327
3787 1823
1106 2939
3457 3574
2691 345
1434 2112
3638 1670
3495 1392
13 1199
866 1320
911 3690
2739 2215
253 3362
3879 2542
2118 3769
1463 1336
2830 2027
2954 2971
3735 1161
1556 1284
2453 2671
931 3914
377 3361
744 3825
1899 2731
515 2695
2218 548
3794 2144
154 1832
2859 3000
2641 1339
3717 1337
3626 3462
981 1485
544 573
922 1514
789 3301
1462 904
51 657
845 4036
3604 3820
10 3328
729 2477
1667 2741
1686 2129
824 350
7 336
1896 3404
3253 3893
3795 3040
3657 1498
1373 173
2063 2814
3566 1915
1513 2747
2556 3190
2475 39
3842 3630
205 760
1736 2833
1950 3218
605 1965
2154 2554
1328 3082
2638 1697
3108 567
2145 1529
3505 2309
3595 831
528 931
3693 1744
2847 717
3620 1632
1829 696
2087 2188
1660 3961
223 939
2611 1187
1985 1711
1062 1485
1382 1434
3627 1138
892 3931
639 2229
1983 3088
3838 1241
1361 3550
3333 2084
1276 2225
1150 3084
2386 1571
3568 2435
2523 1138
1744 2331
3669 1426
2743 922
499 3496
2598 882
1128 3817
3695 3179
118 2077
748 3821
4003 3931
867 933
1011 322
3714 3099
2032 3347
1730 2687
1856 3908
1378 3178
3448 1717
2347 3320
3509 2273
2267 2733
2756 510
253 1682
1833 96
729 3719
1070 2503
2358 2821
3192 1512
3452 3541
2651 3157
2239 2131
250 2062
110 1236
3549 348
2411 2947
2370 2903
1709 3200
1051 3749
3534 3409
1688 3654
3543 2195
3469 3448
2391 1749
1125 3609
3900 2430
811 1048
3957 3138
1467 912
370 572
2118 384
2473 483
2108 261
2141 1958
3012 1388
3286 3112
1714 1810
3253 976
2629 1616
1035 2123
3008 1954
936 398
2110 3568
2018 217
3232 1506
388 669
1402 1676
224 2609
1178 83
3349 405
3069 2622
3215 2447
884 613
45 1267
1416 3532
658 3232
3834 780
101 3685
2002 3212
1713 1730
1299 965
230 1916
2838 1605
253 860
3872 1883
1254 3943
3762 1326
2555 56
1937 2746
488 2693
2843 1562
377 3631
104 2704
3029 2228
1672 775
1061 2692
2073 2738
3887 3255
2509 1523
816 3509
1398 1085
2764 3999
2628 2289
1022 2482
337 1581
4067 1213
1821 1422
2282 84
130 2948
2433 1629
4056 3020
3958 3068
1782 4019
2721 806
3487 1768
2061 3487
1710 3470
552 1894
3565 3211
2720 3596
221 2085
301 2103
30 2277
2119 2056
2412 1634
913 1714
4064 3795
548 2215
3562 3121
3116 2037
3789 753
3443 3299
2355 2779
928 3437
2176 2982
583 3947
2529 767
3730 387
3160 129
2086 2870
3900 1027
3319 3952
79 914
1524 2209
3384 2571
2335 3361
3796 1192
519 2108
2882 338
1300 2317
1671 2845
762 996
1620 3009
3897 2486
169 3043
764 1358
1427 815
3716 2781
3598 1442
1762 109
1373 263
553 3015
485 3291
3053 1377
1044 2993
415 1825
3294 2742
3212 3182
1568 3451
3979 379
3396 2545
1004 1046
2515 3752
372 481
2374 774
4061 1617
3564 2599
2143 247
3051 3860
2694 1590
2207 1000
671 798
1933 2119
3365 1533
135 3113
3691 559
1702 112
2938 2364
1847 2502
3785 2064
722 2494
1312 273
1097 777
1355 2509
2104 3103
2939 71
3912 4033
84 2188
19 1213
2181 895
3141 3649
1198 2483
4049 1910
1857 2027
3525 2549
2278 1837
705 1772
2416 2581
1585 1794
3394 3500
3494 2709
3373 3615
2651 2800
2548 3037
892 2306
705 2299
3792 139
2532 852
1122 843
1317 2974
1347 235
133 3023
1764 2320
2651 2371
3079 444
3516 971
3290 1451
3886 3533
2759 3054
3257 832
2462 3831
3051 825
1463 3926
3517 3575
906 228
2211 3026
3808 3181
877 557
2572 45
4030 1675
3123 957
1381 1723
507 1518
1852 353
2628 1038
234 3026
2619 1567
1413 2833
2501 1417
3078 3364
1990 3830
2673 1663
615 3296
3128 2254
1667 1889
3258 324
2005 1587
1991 554
384 2056
1045 2709
1530 3511
2247 1552
232 1041
1825 1720
1360 2576
661 1289
3516 3292
3836 3302
775 269
680 219
1708 2273
2486 918
2201 632
2215 921
3106 3023
3151 2011
3840 1800
1453 2985
2492 3266
254 3057
1032 2489
2022 574
374 130
2895 3262
1594 3930
2396 3767
4032 2035
2917 1811
2352 55
1633 3317
3168 1204
645 748
3764 1017
349 843
3306 3346
929 1700
621 3360
1977 364
2152 2936
2133 2429
739 131
3165 2062
3215 1462
1925 1564
1498 4071
4081 2263
3972 3916
546 2160
2500 1735
1966 2595
3753 2850
2760 3530
3884 2912
141 3826
2005 941
3234 3856
2733 146
3616 3456
1462 838
3447 699
205 95
1165 2561
3802 2210
84 1696
3369 521
3932 823
3194 2421
1026 3857
798 3438
2194 3072
2475 269
2714 3786
1389 3006
2012 3254
1620 2533
3956 1627
2167 3799
34 334
1476 405
1765 1205
2141 1187
1763 491
1595 117
1153 2103
1380 2007
2033 245
1269 3790
3696 2204
3907 2027
189 3694
696 1953
1161 943
2105 2322
686 1025
830 3042
1966 995
1872 3124
1280 1007
3260 4075
2167 1413
2408 1165
652 1474
2547 354
1196 3573
1309 2344
1907 2790
3692 3520
2148 2299
2996 3993
2256 3360
3141 1847
1060 485
261 1909
1130 84
1289 1707
112 2315
2625 3306
636 3037
3149 2447
973 3559
904 4087
722 109
3025 3725
1189 3843
626 900
3903 1296
3732 2122
2170 2894
2978 3193
3147 1221
2831 2836
639 1665
3218 2774
3008 3457
283 849
1026 3543
1690 3260
2674 185
1274 3905
3077 618
3849 311
1221 502
2071 4047
72 150
1662 2274
3734 3581
722 3
3448 2767
31 198
3096 2559
3784 2894
2856 777
2871 924
2216 601
1751 1643
3463 3234
1475 1324
3385 583
1678 3408
25 1943
3248 3734
2114 3730
2159 3175
3379 1167
2223 78
910 2662
2883 2568
1158 15
1822 409
2282 3166
765 1640
3406 114
3568 3748
1164 1116
2228 2597
4038 2864
3675 2280
275 2496
714 503
3770 3083
89 3143
1484 42
1930 3749
687 3451
1050 3178
1307 1
2428 612
2676 282
3183 3076
221 1582
1378 2625
1902 1932
1105 2882
3870 2093
1329 760
3153 1039
3000 3829
2770 3287
787 407
1198 1750
1892 149
1773 3800
1811 1905
3776 498
2632 2111
2189 114
2171 2482
926 597
2505 1889
442 2689
259 2573
155 3695
2919 1819
3002 4052
3378 1310
2218 3223
836 3312
692 1942
3582 720
2800 463
592 2119
153 2140
3861 364
2182 2563
3355 3881
2024 2427
924 647
3173 1910
2855 2079
3148 782
1443 4027
869 438
2654 2958
1636 3230
2613 3500
1695 983
2349 2123
450 2758
1678 4079
2817 516
3469 3607
642 1550
146 3468
924 822
2427 3977
215 633
3961 3508
958 827
1393 2815
3698 3351
2716 2205
87 54
2120 2049
1478 3486
3836 924
2711 1957
2225 3105
698 3995
673 2742
2168 4028
869 2063
332 2005
1747 291
2528 578
947 1243
597 1341
272 1774
1475 3902
3751 3332
2147 1551
3884 2478
141 2901
70 3144
1478 732
2820 3642
3770 2641
3450 2993
2276 4049
311 2361
3718 437
1028 1929
2461 954
2531 2586
3167 1184
2246 3624
3031 2941
3848 3933
3660 1189
1574 3146
2471 1877
1589 1439
1287 2694
2326 3706
702 1513
2564 3909
2338 2142
3622 3933
2413 1789
355 636
2326 3645
2568 3475
2590 1763
2156 2729
1113 1968
3894 1224
794 143
754 3503
1159 2348
2510 1959
3555 1052
3609 1934
1346 425
2738 3261
1583 1988
2337 3227
2127 1012
1041 931
737 3365
1311 3577
2446 765
215 3188
1851 3501
205 634
1439 2938
1143 3285
298 6
967 700
3414 3545
1280 3244
1468 1073
1535 596
252 1343
289 473
2653 2789
4061 2937
2575 1650
3366 3625
422 1016
2295 724
3580 3553
2650 522
390 1443
2970 1807
1084 1555
3127 69
1831 832
752 280
2312 2296
951 1678
662 1636
2207 1118
3466 2991
1774 933
2271 394
3503 3356
2890 1331
2149 1886
3619 51
123 3430
188 3528
4017 1652
590 2245
1842 3866
3708 915
1961 4060
3938 2515
96 565
3026 805
2321 2526
1836 2611
3590 2256
973 2927
3030 2831
1362 1866
2328 2242
1816 2574
2084 4078
2385 2772
3687 2060
743 3203
1674 1110
452 2829
1900 534
330 2175
3271 1880
3666 471
1615 2291
338 3952
493 2003
3528 1227
2103 743
3851 1725
3232 2957
2988 630
1797 3144
2553 216
1928 3817
103 161
3713 33
1924 2731
3226 2548
2989 3656
2635 252
2677 531
2893 830
2519 599
881 2603
1466 2722
642 3339
3080 1468
138 2578
2883 2593
3729 4082
2667 2712
3325 390
3798 2782
281 3431
1736 408
3623 1909
1769 126
1408 477
1172 1861
1572 2876
478 589
1488 2089
1255 164
3731 327
3971 3189
2798 4012
2582 2666
2251 3925
1302 2073
3562 1188
1334 1551
1613 1570
3197 2309
2615 1437
2702 4067
1491 622
2633 2293
3839 1874
1043 3086
2051 3079
3713 3971
273 876
1619 1153
167 2915
2872 114
1283 1286
2839 2931
2336 2969
852 956
3021 3805
1954 2089
1183 131
3288 285
2755 158
506 3481
1561 136
1878 1516
1998 1906
419 1181
1190 42
2917 1369
3224 736
3852 1026
73 1334
611 3109
733 562
2873 1244
2566 412
1387 488
1615 3923
2531 476
3638 1467
2719 1908
2979 1203
1306 1504
17 2533
3484 2123
1640 2802
1348 2990
2824 1036
3643 1403
1217 1088
2047 2621
3189 219
2540 2914
2504 2567
1572 1360
2083 3106
1202 896
2522 3639
3340 1641
1456 402
2405 1522
18 1773
525 1646
514 2055
591 1191
1235 731
3303 3091
3867 3716
2117 2081
2014 1278
3098 686
3899 1000
2763 2552
3586 2022
3503 1368
2992 1173
1350 3538
1930 3484
1534 3524
2193 214
3484 2272
3334 3011
479 4070
3846 1190
4023 228
24 523
3164 3629
2646 941
1079 1864
917 934
2642 2650
3739 1798
1190 1963
1442 288
2788 216
1620 2474
3593 998
626 3037
2777 3798
2843 1056
2962 1456
3791 1718
675 2475
930 380
3895 2826
1873 646
3755 3555
567 2503
2853 2886
1081 321
2774 1858
357 1923
844 401
200 3717
2879 2318
2998 3202
1814 2176
1744 2725
1289 1250
1739 2252
1536 233
2528 2643
3520 3136
15 1218
2724 1802
3462 2420
1376 1285
407 2099
1861 2607
2386 1648
3572 2688
1932 138
502 767
2351 1069
3520 300
1391 1603
1301 3461
4026 2791
1537 3206
3399 3363
3111 225
1014 1002
2541 1139
184 4042
1630 3768
2898 1455
1366 126
171 3869
2680 567
276 1645
3941 1512
1724 1756
447 3656
2846 2617
547 2998
1225 40
2862 2175
3162 1275
1960 3170
3210 2913
1909 3560
3115 3634
403 2852
2008 3754
2883 3540
1180 3584
3096 1048
846 3815
3007 3339
325 2253
869 1993
2794 2972
3301 3156
2227 1689
351 1531
2847 4039
1286 1842
1383 2881
1071 1914
3712 2246
1758 1231
3448 864
1078 861
400 3369
191 1580
3412 3833
3486 1649
800 1938
2272 899
2810 1207
607 3534
1706 385
59 3177
1302 3903
3465 1613
4058 804
898 3485
3539 2528
2180 4084
892 2125
1171 2103
3252 2926
1071 3228
1264 1195
3959 1036
1386 2434
550 1288
4004 1250
2827 1445
825 125
3691 719
279 1864
144 3612
3492 2508
3262 1500
1579 3561
573 1
880 2999
1410 3058
2233 1653
808 3491
3300 2283
1142 1388
2550 2907
675 3075
3010 3674
3467 2955
2579 1340
3819 1922
367 1113
2138 850
3230 153
3933 1906
2408 1214
874 1244
2281 1667
179 3475
3811 3251
1175 3002
3762 1092
2835 136
1570 231
1993 3603
3950 2721
2974 3499
3775 3772
1435 3280
3072 1243
1771 2369
652 3016
1923 599
420 2957
3374 3843
479 3680
2139 982
3282 3739
32 1412
2875 3350
1233 3933
1947 1073
3089 3700
966 3705
2920 1972
2994 1209
1415 2976
3101 3915
842 1903
3646 3256
3035 1644
671 785
3674 1114
131 1600
3418 2164
3566 3279
359 3867
1540 1823
2739 670
3929 1001
2357 1965
2761 3125
3551 3563
1935 3018
2059 327
2747 1163
609 2050
1167 988
821 3330
2052 2845
2832 8
2332 676
2266 1201
2878 3920
2862 2034
3807 3804
1743 1255
1862 2305
2971 3721
3502 340
2886 3745
202 21
2401 2613
1415 3747
763 1922
2560 741
3322 2734
3613 1692
1844 3308
2288 585
1064 3361
3407 3424
1997 1237
549 1043
1846 3387
3083 1935
3381 3729
3281 3547
2044 1266
976 3702
2652 2988
1605 2021
594 734
3965 3697
841 2907
2376 1539
1898 3757
1041 3983
3118 1732
1114 2966
2631 3495
323 2162
470 3121
447 2429
4069 1465
3522 3421
660 2004
3383 2000
593 2981
1157 1220
2544 1162
1647 2647
4013 3869
1892 3326
681 1111
1514 2813
3686 3617
1716 2819
1098 3363
1889 38
1239 414
2530 2793
14 2196
1921 213
2920 1210
240 1379
2388 2787
1454 1042
1891 2124
3381 3263
3260 3885
2681 3527
3347 81
1654 1285
1155 1046
157 3679
784 1248
3679 9
1959 3480
3046 1672
1433 2766
1834 3714
2757 1304
812 2028
970 1840
615 2933
3841 310
642 1132
1021 2618
2586 1226
911 2986
2269 194
2703 561
2516 801
488 228
1736 3671
2248 1002
1184 160
3100 2178
3048 344
1998 1406
461 3283
1206 596
2589 3198
3161 29
1497 3874
3110 655
809 1522
417 116
2921 2257
833 721
2202 1077
2659 2771
2511 61
3220 1516
1742 3741
1286 3137
1195 651
1265 2252
3269 3705
2701 2430
2527 892
1871 3327
4005 3483
3733 1410
4025 2405
2808 3903
1175 2466
2825 1767
1577 2836
3387 3229
2790 1146
683 137
1153 990
702 3973
175 1628
3864 42
1611 3679
1970 3685
4022 1259
3130 3599
514 3186
2785 3430
345 3984
1832 168
3578 3144
2258 2889
165 2780
2869 545
1109 3772
522 3683
1976 2705
1932 1693
3377 546
2732 3015
3816 1679
167 1541
2309 809
1487 1762
2070 2416
1073 1404
3004 1228
1229 2078
383 543
1062 3093
2670 3796
684 878
3636 2961
1327 3305
2517 3822
3335 2804
2203 2351
694 1442
2343 758
1777 1205
2924 1163
1207 4076
1423 600
1123 2748
1848 810
2162 2010
1305 449
3237 4048
1647 1121
886 2943
41 3889
923 1261
3960 3787
2708 2968
2192 2066
186 3843
533 2012
3216 2877
1255 177
3214 1939
1337 1684
2983 955
3003 4
2510 2359
3689 3981
761 2076
448 2364
3067 3978
358 3127
1241 2155
297 3960
1353 1086
3254 183
3723 3145
3244 1268
1450 2961
3766 508
113 621
2723 2956
3137 2151
346 1433
3095 3315
2768 2342
1015 3146
2311 48
3720 1353
3957 2842
2605 1959
1740 2353
247 11
1839 832
550 2313
4019 1956
2292 2422
3536 772
860 1232
156 2461
1978 1631
1903 3298
2837 3284
97 2568
2592 3115
2583 162
1785 3773
3655 992
1593 1013
3055 1930
2325 3656
2354 958
18 1230
576 4015
3425 551
235 3658
598 819
226 1394
