548
-99625976 68382542
481407667 787108227
-249747512 632057233
-27813989 55857813
308214615 517877985
-920235821 -574609680
24948448 527849083
-192564818 -143954957
-570328750 -407343694
-965125650 525158382
-754353462 -689807652
-125504409 370370848
-116254467 214990219
-438479237 531734299
-874113047 192807123
-7486130 638946720
-529223902 783904448
514456806 689329220
-784796164 -14872656
671074571 859611935
934350714 945670247
-80675525 788131432
-769752407 -217711220
942191609 959853872
-484575329 285998836
990190527 993095453
-675864366 293188001
-109275731 662454979
704457163 988589038
-315739355 134487894
-239410810 -179403286
-632342346 -398936123
373050816 703764687
319081126 668069932
-50261752 696874917
-146893100 856692158
689204001 831117380
205572893 380889896
-566092952 459080266
492940913 795791454
-679882423 408639637
-46548487 711834638
-655741970 -544407505
566049301 653538737
-789831231 447613849
-608813408 115315018
125398941 874176010
-759428566 403957648
-969122339 921190167
-29502214 369850742
-518149197 -480679214
516827854 854603998
96395585 228186514
716498023 835176030
891179588 908352601
334870784 488791943
-161795102 939555713
901190385 946392909
893824261 922759602
8467915 883659165
124975867 921486500
614521981 898665143
992305730 999764794
-715354487 824087948
-528905243 -196602415
-178778377 -138471145
622276896 949189814
-433510534 -335983619
-51775128 404439618
-737703249 -275107636
-115316324 635362176
348583844 610833056
-42886026 617862665
-233537979 837604197
627063706 770056569
459769336 576314522
-543747767 100422408
815272325 891688997
-214221951 308728965
-480913044 -186641132
883016931 924331678
35674093 345848052
805580238 851518074
-661227457 -651757687
664808969 742411358
-32072976 472104756
-867360734 -502266885
-765326129 543427861
-471251979 562472571
-425051566 831536749
-386433044 317148217
245434018 572417354
653003039 782769547
-481424093 213419097
629625775 885075664
428171177 931455575
-348826091 -68572487
-951607698 -506810347
-808730486 125769776
-374385416 -282538345
-884700906 -326582679
69195298 230676683
965491018 987808240
679815692 939950905
937095922 942163386
846251100 985052975
-946207598 -458736664
456920700 629390951
-198634242 -169022882
891156805 992660342
429576448 992219963
-644106970 -539883244
736461303 925269274
-966284746 160199894
698424344 752478625
533180529 731927852
181277474 804704485
-97955897 378632365
-77896142 5151706
6067868 110428649
-805876010 -87708604
-629893712 814110984
169621490 207433381
-829405826 143337827
-936665051 392470965
286316547 783480320
929778720 968359862
-376483669 236620728
94555892 679775555
-556337147 -142506467
-928616221 -228164122
339417148 393980424
-178784821 -70707325
-97103025 383754586
542259537 701839233
618884683 811711042
878315599 936239510
-542848860 241785301
-761082367 969296568
194935043 494984375
-344887877 -72102174
374039858 963536410
-462306791 29455450
363633265 613917834
66707647 607103098
-909908677 -488484235
282201222 912344682
518297322 851167569
-915682822 -630163910
711342051 799616826
-328862574 145274110
860676317 944505850
-394799794 40651776
-210448918 801612533
-747367290 898063411
287765401 368243952
618079686 793706393
-54474521 449617520
-668029031 -1145126
-235996505 -209221551
-814314158 -708628284
16371817 655289566
-196308715 663422958
404460066 681612827
-481427545 99513506
-837613586 213680606
682860626 800969371
523743535 874905624
641582775 889787995
697704654 714534577
-930429660 -262893073
431874647 597053200
-546441468 448223673
846973368 991259651
438446624 508407989
668164824 745102724
-537335573 868258904
-802727105 -180642322
-911849483 -712412513
489887513 816610168
-928796979 724389748
142797377 594818962
-415876560 394981785
50531009 415084556
-557454059 776245660
-361912618 -264566165
-647989690 610390024
857780360 968565482
-467658444 -449458079
-894978437 -808950181
498257664 925924897
56125216 943418158
-973655837 594660706
728141017 846377952
710710518 900424435
624899936 909416961
251922161 595863589
-379361315 -100080546
-596988971 -311920636
-172139470 334440137
-849267045 -83062945
-372708811 448486035
80361848 400230119
-705034211 520512741
369561252 839488563
-508845990 795099319
364743633 789607571
806842835 950011101
962490715 980554303
782468444 957200030
18286795 893010690
595204400 689694031
740118229 826184888
-817743802 -449092053
-414107910 -166574915
-204452342 62266302
-432499708 487657400
-194376524 608191025
15653658 775530322
-430020307 615369765
126786757 127368786
196385975 208252220
393398331 416476084
-257086096 107350938
643493856 749714143
-967027949 -123681647
-307361666 63937502
-276685843 757432466
-568687304 21346260
-873263202 823750502
-663936907 15626787
257707876 562665105
-128794650 607686457
347685080 857619858
891427432 930194052
794604848 990265133
168813548 766807315
89513104 591805191
-68892652 550557223
-295530600 -129632567
-365621296 851359352
17524569 225640404
-714079585 754929967
-671202903 865334000
415577060 891425941
-728077394 99988455
-629469045 929075240
-165034489 475774451
-654882367 175968251
744047254 943340395
454970994 875539896
939569572 945307971
564058404 669665678
-494807118 -190307364
-520189325 742254715
206332083 252489590
941144508 941994319
316991951 419239766
538952308 773058094
585830137 730791983
-486577012 -49070864
855955520 957430579
477358749 714262306
787878223 889954126
838021024 846232519
838119227 889288724
620379505 964108772
-262610020 198356102
-820442171 255194241
720895169 903500720
-968190185 -640164276
318998822 706380554
-39133932 719274047
602112294 638992828
-532127632 602491133
-1956702 63373535
-621041619 253096735
328695794 749691715
102220245 338928266
-68135941 811518257
390072038 934949376
-606848562 -572922596
509636973 798644971
-881551197 548349649
451942001 940097383
80636975 352192739
949654576 993516317
136287419 566902047
-824473912 776839312
-715532397 968995311
748878876 932347627
432690757 526715353
-703132889 -533526936
-166439862 132143555
-387519596 -190408423
216760935 495944341
297932322 619930920
484038485 936036430
463090139 762775285
574078471 797408540
495478386 767851498
-403327845 -47152667
-16051706 344068109
988568086 998872587
-142675279 586787565
255350214 528578881
994395340 995935300
-979844029 768127842
65009879 594002720
-680153666 439484426
488280141 922336898
604471822 670056908
-429601232 576992999
900599262 912864636
532831874 972473591
347848054 991507059
-204770567 963504476
100715378 488490589
804687754 886313749
-490014102 -118305694
-965055384 601183447
935608497 990624377
178497361 939042552
22849188 40013569
-506815863 887547013
45555487 143016153
-504092988 -2101465
-866998277 76811567
354976445 985346029
-562673021 913503451
168864857 661206000
-789586153 475058594
353928502 735798844
-950110702 -59179760
-480156369 108814397
-631234793 980909034
479232136 663752627
-783082956 24230496
50710646 676564915
-613834306 -257585799
472250806 955241819
-833744810 461272661
-994830432 175444131
-703268183 319894892
-812299221 791307971
-335501743 767444303
-477025237 4074602
-657206176 956498412
-334490790 530532153
-591080010 11134241
-884009396 -372342271
115730609 478898351
528425528 858439662
-112189911 751645724
154624978 529995368
557207902 998688669
673747520 741242011
-424894461 543972880
-41489438 1837992
-416409190 -170762351
-311260962 212030460
93183985 442580005
-942922314 -746179093
-157810329 337093573
416487803 591730075
-310467127 891736323
-598451152 118320843
-959099049 326405334
-696119270 87155686
890903125 961643023
588688671 639954900
-105293268 673316271
784288885 991583131
987542916 993031014
435026891 553531659
367447417 922296964
-699905828 -238395039
781084871 793083669
908611864 948390208
104486021 479179586
316601915 362356957
-133474150 78391546
-693622730 801803758
-580969479 354141007
357132466 965931000
-56608862 -7273189
-403242678 715623074
461804951 703816789
299293695 793075415
-413158816 -255916950
-333645941 -250162056
-975975168 880153242
840169426 852854517
-995293955 860571110
119713042 239253518
484002916 549116004
43434370 119251538
470744817 479616665
348476459 855220570
-194388627 -68891191
822551060 959319848
-793962271 945794573
961059332 999272343
820105210 960426836
-245867337 28951019
-385474688 432897198
-180612386 -68867345
-356727607 684791248
482859893 934680039
-808946747 -154137759
242443472 335564591
920786915 992457238
317843811 396216610
-545018619 -128518963
-538002028 -152848873
48965759 855343037
-644184977 421773782
-381652921 248089192
386936724 925053121
414090052 472739737
799777743 865397739
-831687465 583601126
709412995 900252644
-587241852 -564475995
-133376426 202244283
742187438 959038983
-394750864 18894448
368465235 917408273
859779983 963302878
-920713278 477069621
911294564 937470229
278235972 400613543
-672746091 935351601
-237982122 -211170269
-592071005 576308746
248369757 318703628
-165625766 473886315
878281190 925468906
178998424 765899897
-65429253 268002857
841674614 974140778
809586350 878825311
639367532 895733758
11623088 128199221
-176395652 958204373
-733395306 -80995326
-702903439 488294123
-416772392 299204252
877121087 951089235
53527987 927728086
-932816675 954213914
-638738289 290752251
-449525952 -413708832
42015642 699577066
-660459182 -307649803
467675144 807206623
859426009 899231176
-989742306 962834078
284771326 380311844
-499256549 97343353
883599125 959692718
922236133 967428595
-13915406 401552102
772354823 805210328
912618064 917639146
366200658 743205567
-154926997 660770952
-971096138 149192961
644424078 862756243
-686179689 483100364
-638073835 -502672403
859137381 907829055
-688680480 -462223544
528395303 615325857
817351352 827544091
785457744 968719037
192749354 607713125
673598613 881919609
-897529664 282170671
-730365371 -240291829
858558940 976049119
-176084747 -104262967
290432216 511898681
609763920 621325841
-753200748 191229945
-547666218 655196507
-248046858 283278175
721557592 994758835
-31556199 287240789
89177702 429842831
-694964304 405459519
531056853 615114832
275337565 348680738
987286997 988134647
-823729287 935945943
-347923054 481243535
476227632 544232108
-332034662 -121279955
-536303020 889025108
967757570 996056823
71199237 265918880
664600108 858608605
262748295 892039270
636727499 756445346
-215990692 191983575
-706126960 795401672
396140384 512879691
742529720 942679197
-394996657 885490374
509959254 885863958
314909461 749165843
-140353999 14282899
-519055595 504155457
-80474793 16533628
167715549 887346780
828876005 876591620
778208350 966500291
-373884373 -182291374
499034647 999048771
-540647000 274383214
-15580458 472654666
347295357 912122484
264920568 418096463
-420051694 -198739062
377133633 444153339
-932953635 639085357
-177851583 481161700
-270602153 -16649053
-6905837 606218504
-674125330 267788134
-518400854 399664462
-628871870 165641772
634456874 864337059
-948459296 -106703028
-248269364 582758292
454238531 593053539
-807347988 367736134
-759470487 -394087951
77464731 168768776
-591282329 879566204
-781530214 719112297
149629616 934477527
-688425286 91298367
216633241 373654004
-178106626 76178436
-385497752 8154651
-919308255 -641526678
-394443603 458868274
