75 88 25 53
48 68 8841
3 36 5138
9 64 8360
44 18 3257
68 48 5518
36 3 6600
53 57 6228
17 40 8118
18 44 152
35 51 8837
12 59 8742
33 19 4998
2 37 6807
36 3 3151
17 40 2535
3 36 4235
27 13 7689
40 17 5871
70 34 3296
45 7 9895
17 40 4549
17 40 4798
7 45 2013
33 19 8505
44 18 5663
68 48 7010
18 44 1921
45 7 8372
17 40 3271
12 59 2301
7 45 9986
35 51 4902
19 33 1612
16 34 8730
2 37 1161
2 11 8573
6 38 6112
44 18 4763
70 34 4364
12 59 823
17 40 7157
7 45 8968
41 27 7651
33 19 1930
17 40 9791
51 35 477
68 48 2877
56 57 1907
18 44 4323
57 53 6794
51 35 9953
7 45 7591
36 3 2790
71 55 9594
40 17 3155
59 12 5484
9 64 1069
38 6 4164
3 36 9829
19 33 7970
16 70 8128
18 44 8700
68 48 4491
6 38 495
9 64 3647
9 64 6576
68 48 5151
51 35 938
27 41 6283
55 71 8833
9 64 8418
58 50 9
11 37 1899
7 45 5430
7 45 5892
27 41 5743
38 6 1847
40 17 3563
70 34 4960
55 71 4897
7 45 6397
64 9 7211
27 41 9784
59 12 3923
45 7 5664
16 34 3774
37 2 5910
7 45 4333
20 62 -1929
61 15 3663
72 33 9326
47 70 -4997
67 68 3550
25 49 8448
39 31 789
17 13 -6
39 75 -7218
65 34 -8181
56 64 835
19 37 -388
43 28 8478
53 60 -6417
26 29 -8077
11 68 6129
56 2 2358
12 24 53
12 37 -6600
59 23 3582
35 22 664
35 37 4454
73 29 3104
56 20 287
69 5 -9799
