26 42 72 7
15 10 8070
22 9 4748
20 7 3717
7 11 2144
1 14 6398
17 20 3309
22 9 2997
13 14 3711
11 17 6314
14 23 504
7 17 246
17 20 3179
20 5 1068
13 23 8000
5 20 2967
14 23 249
15 10 6932
22 9 6965
13 14 6222
10 15 8577
10 15 9903
5 11 7147
22 9 9323
9 22 1649
23 1 114
22 9 8270
17 20 9361
15 10 7337
23 1 4943
22 9 3650
15 10 7766
9 22 8882
22 9 6149
5 20 8860
1 14 9495
15 10 7504
15 10 982
15 10 1956
9 22 995
10 15 7221
9 22 6263
14 1 3342
11 18 4343
9 13 1700
22 21 -1316
14 5 -8164
25 3 -1352
2 5 -9745
22 10 -9994
16 4 3474
22 20 2867
14 18 1083
25 12 2020
1 3 6817
25 7 5723
16 14 8109
9 10 -6350
9 6 -1173
5 18 -9939
12 3 -9578
24 15 5083
1 26 1203
16 3 3803
24 12 -3682
8 10 -5806
9 17 8819
2 24 162
23 11 -529
5 3 3235
4 11 70
11 10 976
25 21 3231
1 20 -6542
25 24 -4002
2 23 -647
7 26 1589
6 14 7713
16 17 9690
20 15 -7246
22 26 9648
9 4 -3242
26 3 1345
20 21 -1270
8 1 8924
10 21 -9731
19 5 -7227
6 26 -2756
13 4 -4384
14 7 5777
11 12 -7967
1 15 -4312
11 26 7046
1 18 9697
22 8 -9244
6 8 -6471
13 15 -3838
5 12 5494
22 2 -9810
1 5 5180
13 12 9655
17 18 7538
15 12 -6919
8 14 459
6 4 3563
17 3 7536
22 13 -9900
2 15 2334
13 10 -611
19 11 -5567
22 6 1136
16 8 -7277
17 15 9950
13 3 3454
23 12 8030
