91 84
1 2 84
1 1 30
3 4 21
3 1 42
2 4 84
2 2 31
3 1 68
1 3 57
3 4 80
4 2 89
1 2 84
2 2 25
1 4 2
4 1 50
2 2 54
4 2 64
1 1 55
3 4 70
3 1 -1
3 1 57
3 3 49
2 3 11
2 4 64
2 3 69
1 4 5
2 1 48
3 1 4
3 1 3
4 1 38
1 2 19
3 3 64
2 1 90
1 3 12
2 2 48
4 1 76
1 4 5
1 2 40
4 4 84
2 3 43
4 1 57
1 4 25
2 3 68
3 2 50
2 4 8
1 2 32
3 2 79
2 4 29
4 3 58
3 4 46
3 4 32
2 4 85
1 2 5
1 4 68
2 3 38
4 1 50
3 3 28
1 3 86
3 4 50
3 3 68
2 1 56
3 2 25
2 1 50
2 3 5
1 1 2
3 1 56
4 1 55
2 3 47
1 3 23
1 2 58
3 2 3
3 2 43
4 4 91
3 1 3
2 1 50
2 3 1
3 2 3
3 1 83
3 3 4
4 2 51
2 2 26
3 1 57
3 1 29
3 4 10
3 4 58
3 2 16
4 4 29
3 3 12
2 1 16
3 3 61
1 1 16
1 3 45
