598
588 343
594 513
8 484
213 496
404 501
322 115
347 309
560 454
137 502
291 554
55 52
135 231
98 231
355 438
328 368
275 117
420 320
43 222
89 545
54 433
223 270
493 520
77 368
488 323
387 149
145 102
442 568
282 34
167 265
583 63
120 216
477 55
206 49
374 523
214 350
149 322
433 417
133 421
394 312
386 243
254 15
486 174
78 103
155 415
15 111
387 598
79 502
494 296
199 430
149 71
283 14
335 451
97 213
341 30
319 398
33 289
23 359
311 216
590 118
98 147
240 539
256 405
421 232
239 125
597 286
292 120
186 93
385 226
586 253
500 443
472 162
187 336
402 527
77 388
492 436
352 15
547 258
311 239
443 76
249 82
402 26
16 540
533 436
55 298
208 214
414 182
534 38
136 89
165 202
449 393
448 361
351 467
235 349
188 400
345 80
272 33
139 362
248 336
508 286
307 427
450 21
81 427
90 131
575 464
350 237
288 17
133 222
360 223
158 339
137 571
491 578
470 141
475 50
187 20
291 321
282 284
362 195
165 481
314 30
61 593
239 579
253 96
554 347
263 518
410 151
67 371
575 243
246 269
72 2
291 557
421 109
525 263
118 39
285 109
112 289
58 181
574 133
426 111
523 132
138 357
42 420
331 594
163 227
86 384
524 466
290 58
366 269
273 18
262 551
296 23
136 598
355 472
202 346
489 101
402 350
71 218
538 45
383 16
21 382
272 591
90 404
436 100
313 295
195 409
280 128
136 128
546 244
342 27
59 414
463 10
248 216
476 163
418 288
199 586
486 451
116 83
9 202
314 348
219 15
260 158
518 162
82 254
292 434
273 271
382 192
471 357
310 540
105 385
596 213
104 586
130 263
346 391
121 385
483 47
36 431
335 79
463 173
417 471
362 230
143 10
421 139
315 348
370 310
417 25
140 581
71 176
279 12
224 75
596 522
15 528
198 283
222 81
461 332
279 414
373 570
19 502
210 97
339 15
414 532
176 345
280 42
75 144
110 337
551 114
481 333
71 263
358 147
57 562
336 524
460 448
36 75
577 58
207 248
462 534
416 582
38 471
309 81
225 124
468 113
383 210
503 268
151 408
314 16
125 419
283 103
553 477
369 185
265 56
22 244
392 515
142 324
582 98
355 315
108 308
359 280
219 577
220 84
385 274
308 412
317 582
329 530
28 23
108 535
175 549
287 400
572 444
304 445
37 593
377 292
391 125
414 264
22 250
582 210
128 388
266 126
541 457
324 59
495 55
76 224
387 72
53 59
509 382
483 541
79 324
134 229
586 505
302 24
422 404
357 30
508 157
347 206
587 432
168 350
68 566
229 154
574 527
377 457
407 510
19 117
40 396
253 455
554 10
487 199
511 147
443 592
148 525
110 517
350 273
33 358
396 561
388 510
485 519
394 453
48 443
274 509
431 478
133 544
32 142
559 261
4 99
507 598
97 548
489 128
216 479
260 132
444 91
486 384
263 409
359 131
408 501
370 189
577 442
558 121
372 215
186 82
343 63
212 20
151 19
290 50
373 516
437 84
69 162
255 400
47 544
267 43
504 352
449 223
421 542
9 326
513 375
111 491
477 338
495 75
75 506
353 61
174 183
152 580
526 352
9 205
237 337
100 587
451 584
105 485
314 286
2 561
209 340
490 533
221 203
110 564
267 91
270 90
544 366
411 160
323 104
330 87
488 352
4 318
288 124
119 189
335 58
52 39
507 92
180 3
132 31
148 467
289 543
293 370
493 597
263 500
533 97
420 498
258 82
181 441
317 236
116 238
224 556
303 178
570 526
196 124
74 520
347 569
549 298
53 66
429 395
164 264
329 140
154 145
95 59
567 591
145 186
25 365
167 336
295 20
113 581
516 446
64 517
504 60
506 171
419 363
221 328
555 222
399 49
376 3
128 241
484 473
303 348
580 77
161 383
44 124
41 219
491 397
235 576
531 199
345 196
113 168
318 309
107 328
333 552
490 245
316 549
418 529
423 106
560 319
297 134
157 560
306 235
114 234
301 332
43 403
464 344
243 67
398 473
263 550
8 169
595 217
340 512
159 11
558 51
249 294
176 448
485 47
594 16
354 474
539 330
9 172
234 141
62 329
328 287
88 141
295 283
503 474
129 109
595 47
515 563
228 227
479 13
65 402
514 522
103 367
146 546
404 114
5 77
554 190
257 559
165 372
573 520
559 550
106 257
497 371
115 67
405 517
366 469
306 214
598 482
537 576
352 166
461 24
306 244
152 401
495 536
205 177
537 57
377 437
27 374
538 43
536 412
116 149
574 593
85 337
358 330
131 305
114 380
325 157
185 210
560 476
5 413
428 306
287 583
332 51
83 150
268 49
456 524
176 411
300 92
378 45
452 408
580 480
197 89
302 565
587 459
70 351
458 511
9 194
562 122
447 172
376 63
445 386
204 325
487 155
34 21
277 120
577 153
35 409
25 512
392 75
16 266
379 313
395 185
29 123
515 200
276 108
439 299
35 389
73 268
119 123
486 390
6 32
465 286
203 7
91 191
425 154
521 147
259 551
418 252
439 130
46 368
301 201
334 211
164 242
170 562
453 466
424 564
320 499
479 211
435 575
561 68
327 468
542 381
94 396
57 156
383 278
159 98
251 598
297 184
406 531
329 247
281 93
589 329
442 1
233 183
472 585
449 193
179 98
127 443
440 403
364 34
356 396
