260
195 231
35 158
260 23
132 143
37 234
176 10
8 51
206 128
143 42
241 78
155 112
130 116
5 181
61 51
256 94
203 104
93 23
174 80
181 22
89 154
202 142
148 144
207 121
89 78
151 114
154 112
2 100
156 65
205 104
93 75
141 111
156 84
188 126
175 112
3 33
196 64
229 233
37 217
222 125
50 259
253 129
79 155
119 154
84 9
258 19
187 154
211 27
37 91
260 33
190 176
7 143
144 62
196 71
172 14
203 65
161 35
120 11
226 248
225 108
28 248
16 121
22 188
114 227
108 201
141 151
241 199
27 56
197 195
5 237
7 69
157 168
236 167
76 149
86 100
217 141
18 94
224 99
15 93
47 182
224 134
196 80
114 213
1 133
239 187
23 62
189 72
48 255
5 214
58 89
192 88
53 221
9 60
212 95
77 122
141 132
58 19
44 229
152 30
212 157
119 62
231 106
207 95
61 20
55 188
32 185
186 259
99 92
17 93
182 219
56 46
36 1
112 134
146 200
243 231
113 212
204 133
203 58
91 148
39 77
34 82
92 133
238 74
62 251
114 2
136 189
16 229
112 26
180 67
252 227
43 166
22 211
221 80
55 253
166 45
243 162
14 19
256 239
254 169
242 17
42 181
105 244
174 233
252 121
126 102
194 103
214 232
132 90
205 101
258 245
252 110
236 29
126 216
152 202
82 84
156 186
200 97
109 180
120 29
165 231
46 220
50 108
245 160
97 56
16 139
87 157
159 246
179 59
49 90
175 198
49 183
123 112
256 192
37 191
98 189
240 136
178 40
10 155
111 135
141 166
159 196
128 94
107 91
254 40
136 23
103 57
98 194
99 238
245 226
229 153
174 70
21 208
138 118
256 179
182 65
255 119
235 17
123 152
137 37
210 218
171 49
115 178
122 206
4 119
145 182
140 50
197 158
194 230
154 109
177 222
69 116
215 38
218 83
201 11
96 177
35 212
73 189
118 205
62 222
127 2
41 49
166 8
7 247
208 151
83 167
40 204
63 227
257 74
68 178
25 50
228 48
4 164
166 250
179 244
147 160
184 103
137 185
76 207
216 54
124 81
124 231
47 170
38 112
240 163
24 112
179 12
24 193
73 13
66 237
249 91
219 85
131 28
162 209
150 30
254 52
44 173
117 40
31 172
15 223
6 87
