698
45 120
208 509
42 175
158 321
537 5
422 503
580 578
394 572
486 551
542 502
338 441
535 220
112 496
219 117
682 199
629 579
509 214
312 540
365 258
524 368
173 48
330 436
394 507
288 551
227 471
247 241
311 654
178 488
444 158
110 319
466 667
619 560
477 64
683 672
232 675
1 283
653 435
482 66
568 592
689 386
455 663
80 252
17 406
145 525
383 523
50 178
227 193
569 497
543 550
135 91
669 492
80 6
362 559
142 406
94 558
671 690
4 685
206 122
86 495
612 470
603 10
172 320
615 689
497 176
334 524
94 149
650 266
547 339
509 660
632 676
180 404
569 397
679 397
331 198
585 646
153 73
501 481
585 275
282 557
47 469
545 573
361 628
325 443
297 625
605 654
98 16
617 118
654 114
105 463
271 489
601 626
190 510
197 432
693 195
101 33
105 599
256 538
491 83
552 18
331 33
489 44
550 413
432 86
126 10
408 532
483 688
266 187
214 70
495 341
520 79
661 425
561 163
71 357
220 603
311 481
20 564
607 279
143 180
157 437
611 479
427 68
693 35
474 337
307 207
19 624
355 534
638 47
606 323
645 264
372 135
575 652
319 278
142 611
689 543
680 200
200 269
443 204
379 637
218 151
371 384
67 697
227 518
457 348
480 288
401 148
652 71
274 627
27 233
464 144
376 220
220 157
652 395
398 392
285 698
677 172
103 144
149 299
420 280
612 286
136 32
561 410
69 163
511 258
173 545
481 97
133 494
293 328
215 185
168 594
271 102
259 560
146 407
480 548
680 507
425 567
426 273
211 6
329 544
362 195
389 449
606 101
59 205
532 116
118 51
489 338
407 348
527 397
424 551
292 523
522 247
329 144
546 402
502 348
33 584
695 605
637 164
28 66
598 30
218 31
439 9
470 234
556 225
629 330
538 451
402 221
329 28
563 618
578 598
13 189
595 12
14 678
174 202
417 551
665 660
591 512
618 371
80 46
234 649
445 356
686 50
245 626
111 146
468 673
652 299
234 570
485 15
547 83
503 292
473 660
481 387
293 404
250 617
555 393
54 255
24 579
332 456
399 256
308 544
299 386
180 187
609 121
116 241
552 385
220 86
545 253
330 71
267 421
32 692
638 695
353 121
465 193
566 403
256 290
417 591
415 623
463 89
205 204
671 330
238 130
179 336
682 277
420 533
359 151
486 520
183 152
107 495
566 317
6 82
93 302
75 443
541 464
317 70
330 126
281 47
73 46
159 31
22 43
665 264
686 85
110 542
622 227
668 70
37 62
652 440
626 286
36 235
105 252
61 202
687 554
197 630
668 103
554 518
621 651
72 130
231 246
249 671
391 65
153 155
251 86
127 653
3 54
342 324
634 338
616 477
673 326
676 476
295 390
589 686
406 381
518 277
441 416
422 133
666 140
8 695
645 315
509 295
28 34
422 576
554 181
604 540
460 76
291 424
586 466
637 109
406 573
383 126
215 447
327 292
317 655
576 205
621 242
478 455
677 498
661 665
483 687
625 518
586 15
272 233
465 423
286 541
407 649
480 114
10 349
338 92
129 289
200 96
101 114
513 317
314 105
183 399
682 294
243 39
510 455
124 612
420 194
628 632
128 369
160 457
613 601
112 42
244 92
657 303
38 673
533 148
102 579
148 619
58 640
121 173
265 251
31 360
607 448
154 569
153 678
421 485
224 548
50 179
24 142
46 480
381 3
140 679
473 75
299 672
289 490
644 175
219 406
555 692
305 545
175 473
22 28
529 547
435 465
396 695
202 387
122 2
138 127
465 211
676 66
223 642
458 557
304 352
336 224
133 288
174 521
199 600
472 241
150 408
157 368
460 449
185 146
694 565
53 200
348 555
502 148
403 137
158 138
657 67
12 179
62 328
507 168
170 221
179 254
363 352
290 181
303 433
384 633
170 431
475 480
238 7
316 587
665 318
476 238
693 43
496 352
243 245
170 515
157 530
626 109
217 64
104 675
474 237
617 404
520 328
614 639
521 477
296 651
660 556
273 613
249 388
405 70
462 657
124 537
680 642
202 313
624 142
487 275
159 238
94 125
60 622
378 657
577 430
96 89
389 62
207 361
686 529
636 386
625 233
578 491
282 473
289 519
232 117
84 23
509 569
346 120
69 366
674 399
625 574
306 492
263 91
546 298
344 278
65 528
377 39
335 697
415 602
466 673
312 52
658 34
556 324
239 204
505 301
139 236
438 112
691 625
507 169
513 283
62 279
326 6
86 446
537 378
81 572
260 381
351 696
375 112
361 373
435 414
47 351
478 359
120 604
148 345
462 561
62 20
496 651
526 159
517 96
290 590
508 478
188 212
321 289
100 62
278 56
582 229
79 216
350 431
90 229
24 385
261 165
65 612
30 498
623 270
346 26
484 426
305 620
199 588
166 360
552 685
276 634
91 628
644 206
664 639
563 108
408 564
461 629
512 270
537 171
385 398
13 265
516 588
367 585
500 325
694 664
681 62
50 371
401 504
592 134
25 19
95 108
378 203
431 521
151 374
442 369
110 419
84 378
400 226
347 672
518 648
367 224
592 402
380 124
192 697
302 688
598 635
279 58
549 606
405 128
567 316
67 346
169 506
230 83
405 106
698 222
181 450
343 698
673 493
430 371
341 670
240 410
132 345
393 343
60 456
161 17
688 505
131 424
696 77
375 55
614 54
189 300
231 15
201 632
94 582
593 637
29 657
46 536
581 172
459 647
514 159
153 257
427 546
448 182
351 409
452 245
187 511
237 60
439 600
17 610
196 218
575 429
225 641
477 370
360 562
184 326
60 186
40 189
257 596
381 647
167 414
115 599
261 174
584 16
354 594
643 208
445 557
122 210
36 681
229 11
187 669
631 406
286 139
531 530
163 411
499 184
400 380
63 477
191 2
590 99
553 57
235 467
650 358
49 184
194 248
534 667
412 335
549 340
684 167
274 127
428 478
123 432
125 177
333 607
431 262
41 635
145 112
646 539
582 74
119 497
87 317
678 571
608 250
597 669
656 244
228 44
141 206
398 78
611 553
206 659
284 566
382 569
379 322
310 62
21 161
61 287
188 519
636 88
662 181
29 583
147 319
140 434
60 156
213 423
364 501
53 162
309 673
616 418
268 64
299 453
209 21
698 113
454 243
