522
155 396
151 508
141 295
207 277
58 133
265 346
336 15
290 372
382 58
441 135
171 188
31 35
294 386
54 388
16 338
179 275
375 157
406 333
462 303
246 241
240 316
430 6
431 411
184 376
35 363
99 29
70 9
424 475
388 383
120 459
383 261
72 49
391 428
305 512
292 31
177 349
496 218
74 142
351 333
360 506
4 250
122 406
350 87
78 261
329 359
312 360
461 519
65 469
51 66
48 272
404 57
238 432
449 444
35 393
430 104
494 109
395 511
228 369
453 356
41 48
220 522
149 76
22 181
293 412
35 26
16 465
499 89
235 238
27 486
488 273
243 28
266 192
415 37
290 410
220 89
318 39
102 30
278 172
340 270
355 130
259 2
421 321
61 38
260 284
304 459
167 328
311 519
316 138
439 485
67 197
2 407
407 183
106 297
21 162
143 191
48 178
482 69
160 471
455 312
359 371
398 220
288 249
167 43
15 468
419 411
242 18
169 166
53 252
221 210
122 29
279 88
184 407
235 95
17 175
439 482
481 404
216 458
90 169
230 222
155 322
76 263
49 140
353 477
33 96
127 343
64 520
482 392
345 279
28 501
404 360
233 467
84 191
394 385
48 78
57 281
512 213
17 393
128 416
175 343
318 381
508 395
8 522
1 399
326 53
379 49
331 364
261 68
213 478
389 412
421 170
383 432
306 135
81 31
395 6
271 150
302 414
281 284
52 505
322 29
28 158
74 203
104 135
57 441
65 352
85 58
319 144
14 129
79 177
196 420
393 109
1 152
197 222
255 504
18 447
163 445
441 276
115 411
331 284
451 452
150 402
495 153
20 321
503 78
248 179
522 205
30 36
145 254
6 411
248 390
163 181
321 406
449 337
453 198
278 114
224 388
486 404
410 467
303 333
166 239
52 291
208 96
130 390
119 518
16 507
370 43
99 478
403 334
453 14
450 32
348 461
20 358
63 160
406 419
257 293
491 254
60 392
331 345
116 198
223 471
249 410
514 495
371 72
279 323
368 97
423 334
294 128
49 77
502 49
89 369
252 146
240 387
377 173
505 363
516 478
347 515
379 231
497 322
375 478
238 318
344 192
186 221
354 246
332 248
510 487
314 50
429 477
102 331
253 92
76 38
171 329
81 21
395 266
426 206
290 283
53 306
70 402
326 8
83 497
162 305
470 63
90 207
407 435
181 487
429 57
484 162
143 39
47 120
370 65
58 414
264 270
171 489
251 48
16 348
433 383
445 488
144 343
359 346
121 163
339 20
263 499
394 341
195 521
199 155
78 271
360 515
377 336
447 454
219 54
154 22
391 19
117 29
435 478
209 443
132 280
81 32
493 270
217 435
163 234
243 357
161 431
234 262
179 31
509 353
383 20
151 218
429 434
136 28
334 442
425 102
82 479
384 284
339 317
272 129
12 323
46 221
132 193
458 409
145 134
57 367
171 309
139 382
380 86
72 36
353 348
498 264
303 448
302 344
214 486
105 109
115 447
168 516
446 516
330 50
227 260
311 378
390 173
65 487
45 133
213 206
314 476
81 113
75 252
353 65
392 329
33 362
103 301
305 93
403 109
340 449
46 209
437 213
141 473
147 46
354 451
37 196
445 300
504 207
249 231
247 327
65 131
270 481
278 133
286 96
321 92
90 168
14 385
364 160
337 368
370 298
87 229
241 234
387 496
260 80
192 11
79 144
475 24
428 101
211 229
505 459
362 477
324 76
194 65
506 156
221 85
110 231
267 159
517 23
339 125
68 243
124 133
418 199
192 518
200 100
517 301
417 101
189 321
399 116
258 316
215 462
19 22
92 254
9 236
510 200
253 10
397 84
502 373
76 55
132 342
476 291
442 137
468 327
128 191
179 62
257 295
460 207
469 56
64 53
65 204
163 197
71 207
274 83
333 400
187 239
405 45
73 67
190 355
86 29
500 227
442 108
203 443
295 160
483 273
87 99
476 237
138 196
409 297
78 320
201 227
426 195
296 47
262 123
122 42
282 18
276 132
293 112
192 457
115 40
23 4
480 225
292 126
56 106
322 24
7 292
164 202
368 25
107 86
365 125
296 269
59 248
112 472
155 202
361 3
490 289
325 483
173 436
44 58
381 513
440 10
522 118
26 51
212 97
245 89
463 89
437 308
165 443
301 493
45 111
267 24
92 307
180 413
59 94
352 456
328 148
374 331
503 366
490 493
268 405
198 310
77 225
256 457
415 176
315 233
396 422
427 330
153 443
507 174
132 335
28 232
3 270
34 203
408 423
479 484
507 464
287 324
299 475
5 325
91 477
260 182
314 413
90 98
180 492
16 401
185 141
290 466
313 115
203 474
13 310
285 25
378 226
438 499
244 508
