255
143 100
83 192
143 148
129 194
194 95
240 21
161 73
219 76
227 238
174 102
231 49
228 223
210 19
56 182
254 169
150 169
186 2
150 172
137 77
25 123
242 161
162 56
99 101
4 68
3 182
101 224
235 101
95 190
180 138
112 99
66 242
51 41
38 216
164 193
71 245
60 224
233 3
60 160
246 76
73 85
5 136
183 62
89 253
42 245
22 154
209 193
36 199
234 225
151 1
116 225
163 109
252 31
117 222
84 215
94 184
208 246
255 208
29 222
39 21
67 244
76 73
26 4
209 123
161 91
72 182
79 191
25 126
214 100
197 194
238 207
24 189
229 75
19 103
184 38
33 230
223 58
29 94
114 253
29 204
85 104
114 125
216 207
255 120
27 34
91 170
225 106
179 3
181 115
179 86
1 147
80 185
1 206
218 202
2 216
179 79
142 164
77 149
96 160
168 64
181 164
88 17
122 94
76 94
117 196
203 16
204 199
78 140
103 135
220 239
197 45
85 193
171 99
218 96
30 129
224 179
213 150
165 225
23 135
225 93
215 221
197 237
61 235
121 172
232 181
86 4
208 55
13 240
34 18
205 158
214 112
233 92
3 75
19 139
19 29
238 158
105 41
7 106
126 52
49 61
199 33
10 35
245 39
167 176
189 210
39 235
86 255
150 203
239 245
32 228
45 13
239 121
162 151
28 146
201 244
165 36
120 211
213 98
114 178
102 89
111 82
245 78
178 15
198 44
188 157
103 51
28 126
93 241
242 212
51 9
177 152
80 204
35 108
27 209
144 61
63 105
52 12
211 108
65 202
174 148
43 243
211 11
249 198
131 135
132 206
92 110
226 90
6 232
6 152
151 107
176 47
67 48
167 249
101 58
84 250
54 104
233 81
186 50
249 40
113 52
254 155
57 130
130 112
24 247
132 187
65 48
22 194
119 221
53 90
70 162
58 195
210 217
7 127
18 176
88 43
82 77
183 132
200 174
226 27
250 245
153 73
11 124
173 185
138 194
76 163
71 248
175 182
126 17
152 145
131 157
46 212
223 59
20 154
97 91
56 236
166 1
243 5
117 141
217 137
216 87
172 251
192 74
53 133
214 159
168 134
83 224
224 134
227 156
252 137
94 37
236 8
6 14
69 210
128 235
118 107
