1000 999 320
1 2 914575
2 3 436426
3 4 979445
4 5 648772
5 6 690081
6 7 933447
7 8 190629
8 9 703497
9 10 47202
10 11 407775
11 12 894325
12 13 963982
13 14 804784
14 15 968417
15 16 302156
16 17 631932
17 18 735902
18 19 895728
19 20 78537
20 21 723857
21 22 330739
22 23 286918
23 24 329211
24 25 539679
25 26 238506
26 27 63340
27 28 686568
28 29 361868
29 30 660016
30 31 287940
31 32 296263
32 33 224593
33 34 601449
34 35 836991
35 36 890310
36 37 823355
37 38 177068
38 39 11431
39 40 8580
40 41 291757
41 42 449218
42 43 374934
43 44 594328
44 45 163676
45 46 829355
46 47 996221
47 48 899080
48 49 195922
49 50 531545
50 51 748511
51 52 34067
52 53 575467
53 54 338674
54 55 284691
55 56 206504
56 57 999835
57 58 262034
58 59 344965
59 60 959980
60 61 381221
61 62 45895
62 63 32501
63 64 948152
64 65 708325
65 66 147731
66 67 229302
67 68 248153
68 69 309896
69 70 119022
70 71 797489
71 72 208399
72 73 870607
73 74 766466
74 75 374432
75 76 831502
76 77 53968
77 78 628333
78 79 187475
79 80 233792
80 81 900084
81 82 987010
82 83 979694
83 84 27328
84 85 207354
85 86 624712
86 87 538409
87 88 216480
88 89 902643
89 90 928121
90 91 751951
91 92 723492
92 93 804420
93 94 328197
94 95 828607
95 96 497925
96 97 472167
97 98 560717
98 99 363438
99 100 89200
100 101 106986
101 102 216104
102 103 976483
103 104 823620
104 105 509806
105 106 790881
106 107 676858
107 108 345559
108 109 56553
109 110 488502
110 111 723554
111 112 422962
112 113 172325
113 114 697435
114 115 309279
115 116 120464
116 117 627327
117 118 482549
118 119 429832
119 120 386595
120 121 708200
121 122 778720
122 123 787658
123 124 890639
124 125 789992
125 126 849130
126 127 226467
127 128 298989
128 129 207958
129 130 602581
130 131 746600
131 132 347466
132 133 661473
133 134 811929
134 135 179775
135 136 412581
136 137 189770
137 138 999455
138 139 383718
139 140 504628
140 141 616807
141 142 419335
142 143 281898
143 144 91552
144 145 986530
145 146 715811
146 147 179569
147 148 414148
148 149 3384
149 150 656954
150 151 508913
151 152 880114
152 153 216315
153 154 703686
154 155 689334
155 156 550382
156 157 701392
157 158 278326
158 159 671008
159 160 333553
160 161 270962
161 162 214957
162 163 514850
163 164 248231
164 165 422061
165 166 621185
166 167 371588
167 168 664305
168 169 2980
169 170 357564
170 171 441890
171 172 670052
172 173 68747
173 174 390943
174 175 181740
175 176 347593
176 177 287469
177 178 977370
178 179 612516
179 180 20443
180 181 396007
181 182 469525
182 183 3299
183 184 430412
184 185 357163
185 186 6699
186 187 863571
187 188 958976
188 189 387455
189 190 482217
190 191 793590
191 192 179343
192 193 114427
193 194 883220
194 195 141342
195 196 104584
196 197 884239
197 198 454496
198 199 965875
199 200 122601
200 201 731258
201 202 571449
202 203 443377
203 204 480040
204 205 537428
205 206 138238
206 207 172455
207 208 273517
208 209 971653
209 210 34433
210 211 811768
211 212 911957
212 213 327307
213 214 576456
214 215 126878
215 216 452977
216 217 45368
217 218 601999
218 219 854882
219 220 473541
220 221 371826
221 222 973764
222 223 943269
223 224 851401
224 225 122098
225 226 58698
226 227 76763
227 228 801515
228 229 385413
229 230 981495
230 231 696523
231 232 514571
232 233 480206
233 234 758357
234 235 445904
235 236 53310
236 237 521410
237 238 335844
238 239 347611
239 240 497484
240 241 90410
241 242 193559
242 243 649262
243 244 401394
244 245 958949
245 246 41107
246 247 768546
247 248 832737
248 249 197987
249 250 404979
250 251 22306
251 252 994685
252 253 589291
253 254 905542
254 255 186542
255 256 799134
256 257 811094
257 258 852751
258 259 792089
259 260 10898
260 261 235729
261 262 710212
262 263 829964
263 264 238297
264 265 641823
265 266 640720
266 267 415297
267 268 882280
268 269 704917
269 270 344338
270 271 127176
271 272 798183
272 273 407965
273 274 635740
274 275 353541
275 276 829555
276 277 510003
277 278 963316
278 279 518256
279 280 66013
280 281 837611
281 282 853974
282 283 654931
283 284 402024
284 285 469609
285 286 816176
286 287 700304
287 288 891151
288 289 284199
289 290 899876
290 291 668825
291 292 168893
292 293 253939
293 294 593737
294 295 944374
295 296 338323
296 297 876846
297 298 115819
298 299 81154
299 300 165157
300 301 980814
301 302 886343
302 303 571886
303 304 291197
304 305 803100
305 306 611856
306 307 91709
307 308 953879
308 309 815479
309 310 572461
310 311 643014
311 312 569123
312 313 729744
313 314 265400
314 315 847094
315 316 429447
316 317 359020
317 318 9152
318 319 773963
319 320 979674
320 321 97829
321 322 998984
322 323 819930
323 324 585322
324 325 106665
325 326 72646
326 327 69385
327 328 739191
328 329 631353
329 330 157605
330 331 97110
331 332 374453
332 333 13356
333 334 90243
334 335 927694
335 336 531854
336 337 152297
337 338 313075
338 339 599831
339 340 890974
340 341 708720
341 342 891837
342 343 470695
343 344 9845
344 345 587154
345 346 451673
346 347 495306
347 348 387865
348 349 825524
349 350 160952
350 351 411231
351 352 915329
352 353 502353
353 354 646331
354 355 425692
355 356 648027
356 357 663413
357 358 193081
358 359 178438
359 360 765063
360 361 569858
361 362 847358
362 363 70266
363 364 147801
364 365 226095
365 366 818374
366 367 264807
367 368 105051
368 369 844868
369 370 489478
370 371 729809
371 372 311304
372 373 167007
373 374 582308
374 375 302992
375 376 164499
376 377 49650
377 378 171706
378 379 768399
379 380 977822
380 381 493698
381 382 941015
382 383 506381
383 384 867267
384 385 242282
385 386 450237
386 387 497119
387 388 836111
388 389 539926
389 390 553444
390 391 559788
391 392 309826
392 393 799944
393 394 683702
394 395 771888
395 396 876944
396 397 165655
397 398 53521
398 399 394489
399 400 566946
400 401 361131
401 402 756616
402 403 142445
403 404 701654
404 405 794434
405 406 183522
406 407 534850
407 408 322683
408 409 802542
409 410 275226
410 411 980741
411 412 102486
412 413 526101
413 414 869661
414 415 808532
415 416 876961
416 417 363568
417 418 381903
418 419 50276
419 420 314758
420 421 389772
421 422 205766
422 423 203259
423 424 453224
424 425 405836
425 426 713741
426 427 192054
427 428 989018
428 429 76325
429 430 655395
430 431 266949
431 432 565925
432 433 425056
433 434 417850
434 435 86378
435 436 632711
436 437 469083
437 438 48184
438 439 569790
439 440 552559
440 441 455945
441 442 108345
442 443 780268
443 444 912322
444 445 707501
445 446 220555
446 447 198772
447 448 661785
448 449 456675
449 450 691312
450 451 698665
451 452 432321
452 453 24920
453 454 753696
454 455 982516
455 456 244857
456 457 507149
457 458 850948
458 459 233807
459 460 444535
460 461 621591
461 462 356284
462 463 563082
463 464 351268
464 465 420898
465 466 483674
466 467 400841
467 468 270939
468 469 319593
469 470 263717
470 471 816003
471 472 556334
472 473 272768
473 474 856471
474 475 280965
475 476 681121
476 477 531083
477 478 59103
478 479 712366
479 480 751149
480 481 25732
481 482 175776
482 483 517488
483 484 242238
484 485 803064
485 486 802736
486 487 426773
487 488 678070
488 489 762122
489 490 21274
490 491 896632
491 492 11560
492 493 937455
493 494 94748
494 495 71880
495 496 476061
496 497 515889
497 498 486954
498 499 405320
499 500 102034
500 501 346733
501 502 626345
502 503 851090
503 504 139640
504 505 88212
505 506 433717
506 507 813135
507 508 908211
508 509 917037
509 510 291483
510 511 982144
511 512 488668
512 513 61778
513 514 700256
514 515 404345
515 516 264127
516 517 236398
517 518 98808
518 519 359328
519 520 985758
520 521 914566
521 522 984591
522 523 776371
523 524 476076
524 525 285805
525 526 504964
526 527 209279
527 528 668370
528 529 943309
529 530 990441
530 531 348329
531 532 118125
532 533 803429
533 534 910661
534 535 715241
535 536 321166
536 537 964870
537 538 669394
538 539 554314
539 540 179513
540 541 210901
541 542 962687
542 543 416748
543 544 936614
544 545 829965
545 546 234222
546 547 941122
547 548 975748
548 549 82234
549 550 648311
550 551 502997
551 552 382193
552 553 219838
553 554 403172
554 555 387006
555 556 820803
556 557 213711
557 558 242547
558 559 529136
559 560 685442
560 561 548343
561 562 913431
562 563 37420
563 564 482923
564 565 85843
565 566 453239
566 567 106314
567 568 177903
568 569 698901
569 570 512622
570 571 188535
571 572 345777
572 573 78275
573 574 373321
574 575 712177
575 576 291404
576 577 926261
577 578 832972
578 579 374093
579 580 188747
580 581 281562
581 582 728237
582 583 891698
583 584 764271
584 585 134836
585 586 20504
586 587 419420
587 588 45101
588 589 974743
589 590 635433
590 591 463897
591 592 711277
592 593 8110
593 594 238645
594 595 449487
595 596 613324
596 597 400246
597 598 653889
598 599 665524
599 600 425243
600 601 664258
601 602 117961
602 603 618389
603 604 783581
604 605 500789
605 606 314619
606 607 644688
607 608 286477
608 609 613899
609 610 284025
610 611 309913
611 612 626134
612 613 691920
613 614 233179
614 615 451065
615 616 468697
616 617 194727
617 618 251051
618 619 397706
619 620 990763
620 621 882500
621 622 722471
622 623 291068
623 624 525652
624 625 473266
625 626 78850
626 627 620052
627 628 618000
628 629 586319
629 630 365411
630 631 124456
631 632 156626
632 633 223115
633 634 777764
634 635 921380
635 636 155517
636 637 83757
637 638 439764
638 639 60679
639 640 53801
640 641 8526
641 642 959990
642 643 692967
643 644 693604
644 645 280475
645 646 332416
646 647 790249
647 648 751406
648 649 882199
649 650 286557
650 651 738954
651 652 487355
652 653 411991
653 654 546539
654 655 516505
655 656 483637
656 657 75268
657 658 928254
658 659 971066
659 660 199736
660 661 310428
661 662 654107
662 663 736932
663 664 285332
664 665 156786
665 666 312766
666 667 872868
667 668 238159
668 669 125418
669 670 949652
670 671 999768
671 672 551968
672 673 739710
673 674 139905
674 675 606965
675 676 961269
676 677 700475
677 678 978460
678 679 396802
679 680 262638
680 681 904516
681 682 949806
682 683 183002
683 684 432159
684 685 326222
685 686 714423
686 687 969326
687 688 205906
688 689 696419
689 690 638505
690 691 374721
691 692 207875
692 693 843615
693 694 859755
694 695 685674
695 696 39458
696 697 648246
697 698 881111
698 699 736149
699 700 54997
700 701 687788
701 702 710076
702 703 901378
703 704 402483
704 705 773211
705 706 607964
706 707 212485
707 708 609930
708 709 678577
709 710 785583
710 711 76228
711 712 677657
712 713 65135
713 714 896671
714 715 242685
715 716 288151
716 717 65195
717 718 491338
718 719 187581
719 720 709546
720 721 189903
721 722 568836
722 723 77801
723 724 608433
724 725 262359
725 726 811986
726 727 947193
727 728 177147
728 729 748119
729 730 922927
730 731 881528
731 732 855310
732 733 229747
733 734 869323
734 735 828294
735 736 446305
736 737 117798
737 738 939399
738 739 293654
739 740 751649
740 741 425020
741 742 830714
742 743 368688
743 744 431088
744 745 107735
745 746 210607
746 747 444464
747 748 816417
748 749 360685
749 750 166565
750 751 155781
751 752 335166
752 753 414216
753 754 335885
754 755 118131
755 756 240258
756 757 682437
757 758 56528
758 759 232337
759 760 441376
760 761 906454
761 762 667143
762 763 709580
763 764 146618
764 765 600256
765 766 562049
766 767 260322
767 768 222378
768 769 88413
769 770 293056
770 771 871016
771 772 256636
772 773 597788
773 774 987836
774 775 542149
775 776 114
776 777 48828
777 778 476254
778 779 826741
779 780 664767
780 781 590164
781 782 117638
782 783 664966
783 784 262669
784 785 408270
785 786 648646
786 787 984542
787 788 609399
788 789 59368
789 790 549925
790 791 821235
791 792 67151
792 793 20274
793 794 504350
794 795 169361
795 796 8473
796 797 641106
797 798 874782
798 799 244952
799 800 368142
800 801 76035
801 802 667337
802 803 942460
803 804 348059
804 805 604049
805 806 398709
806 807 356995
807 808 794847
808 809 154974
809 810 502381
810 811 553226
811 812 42224
812 813 323809
813 814 664943
814 815 393025
815 816 781527
816 817 848610
817 818 728495
818 819 232298
819 820 264655
820 821 205567
821 822 495698
822 823 85790
823 824 888778
824 825 869995
825 826 369908
826 827 619016
827 828 112300
828 829 542633
829 830 743650
830 831 422312
831 832 445582
832 833 888853
833 834 816097
834 835 228881
835 836 738620
836 837 766427
837 838 973925
838 839 389355
839 840 565240
840 841 875070
841 842 977050
842 843 824178
843 844 38133
844 845 526739
845 846 740319
846 847 884533
847 848 15388
848 849 199299
849 850 655558
850 851 757720
851 852 370122
852 853 270861
853 854 887766
854 855 555922
855 856 741456
856 857 257601
857 858 618377
858 859 860144
859 860 528882
860 861 728966
861 862 988046
862 863 617104
863 864 508009
864 865 416149
865 866 418696
866 867 492327
867 868 447585
868 869 538555
869 870 286413
870 871 404859
871 872 915963
872 873 858139
873 874 543591
874 875 804970
875 876 598860
876 877 617834
877 878 645911
878 879 26274
879 880 894876
880 881 260145
881 882 833677
882 883 242214
883 884 685545
884 885 41743
885 886 530609
886 887 308879
887 888 187937
888 889 253940
889 890 474782
890 891 804553
891 892 871531
892 893 19495
893 894 46817
894 895 6994
895 896 573471
896 897 508865
897 898 502590
898 899 213886
899 900 211593
900 901 187504
901 902 672172
902 903 581493
903 904 158954
904 905 439221
905 906 458132
906 907 3060
907 908 325623
908 909 210982
909 910 604181
910 911 949064
911 912 43736
912 913 384365
913 914 362371
914 915 887894
915 916 244458
916 917 943175
917 918 841956
918 919 612310
919 920 464254
920 921 591429
921 922 276274
922 923 510995
923 924 297816
924 925 330126
925 926 593883
926 927 384364
927 928 506352
928 929 562715
929 930 419140
930 931 629335
931 932 480180
932 933 362362
933 934 327874
934 935 344345
935 936 148612
936 937 388045
937 938 728607
938 939 216654
939 940 607221
940 941 896520
941 942 565211
942 943 664807
943 944 786703
944 945 986613
945 946 952552
946 947 476263
947 948 294351
948 949 18291
949 950 847725
950 951 708774
951 952 629542
952 953 694643
953 954 266181
954 955 363342
955 956 561719
956 957 19130
957 958 589629
958 959 873953
959 960 400157
960 961 816803
961 962 503001
962 963 853040
963 964 348643
964 965 101338
965 966 446671
966 967 804773
967 968 360906
968 969 593889
969 970 872778
970 971 367931
971 972 916678
972 973 755919
973 974 478952
974 975 78656
975 976 930049
976 977 833547
977 978 11261
978 979 577434
979 980 780951
980 981 567318
981 982 108430
982 983 867391
983 984 443993
984 985 677823
985 986 964503
986 987 11963
987 988 582346
988 989 524972
989 990 62406
990 991 743854
991 992 330661
992 993 443031
993 994 740989
994 995 555851
995 996 878228
996 997 365263
997 998 51412
998 999 177499
999 1000 189178
