69 1084 1
67 56 327937
56 45 685042
23 68 168259
9 15 511406
68 43 38938
35 44 29960
29 52 812413
38 66 45091
27 32 111513
66 47 969824
24 69 728047
43 28 95062
16 7 878192
7 21 522709
9 1 675799
12 4 143773
15 15 904326
38 57 936025
42 11 295268
15 7 501217
18 63 991414
60 33 631727
68 7 852221
6 67 940064
69 26 711951
40 62 470255
55 65 962553
20 32 314861
38 26 324436
61 67 406404
60 23 444582
1 51 815276
20 19 585468
53 51 603886
23 51 49541
10 15 299289
54 21 327025
29 50 708610
33 58 58250
2 28 284672
20 56 698898
22 47 576615
61 46 159198
18 51 282692
21 14 129971
39 35 962586
34 41 18079
40 29 377307
66 27 493657
35 8 444841
54 30 851612
57 41 365582
35 3 826113
55 37 230585
60 31 310044
66 10 468347
5 65 571161
48 29 216066
12 30 169687
51 45 56789
64 37 124099
7 36 707984
38 21 589625
13 38 442144
2 33 297559
34 56 896770
4 50 978467
9 41 75502
21 65 295623
66 58 152468
47 8 10759
68 31 294249
24 20 626731
39 44 876948
67 31 391535
39 59 13773
47 10 975540
26 14 279252
63 37 892633
46 46 453679
27 46 130520
46 52 699108
45 37 10851
18 23 497718
35 41 694207
8 24 198948
42 8 295585
23 52 1758
41 53 599431
45 11 510218
32 49 374744
29 42 687479
44 59 617599
36 56 831521
2 5 428869
3 15 387493
47 23 13806
58 55 710406
44 30 331030
36 68 471392
39 55 905099
28 44 611051
14 31 642093
17 1 136948
68 39 42628
15 30 76887
31 62 325794
12 27 226623
19 36 20026
47 39 456226
17 28 641664
53 28 237048
58 57 449025
2 11 400699
45 64 979076
55 33 992292
58 6 392535
18 41 921600
37 21 383320
49 46 341668
46 53 123573
35 48 102640
53 20 734875
14 56 459547
69 7 366121
42 15 523225
16 63 631701
43 21 544599
34 9 235971
18 68 680247
22 53 704355
14 23 491917
66 6 701999
14 40 720348
56 13 450404
16 60 52907
60 17 126010
61 12 255971
11 32 935346
58 30 461474
12 60 51542
53 15 178809
16 46 248538
25 64 687358
45 46 380663
61 15 286938
27 67 887699
16 39 278472
56 19 8688
41 63 742947
62 32 517877
28 67 801720
46 8 753610
58 60 202625
58 44 681121
55 11 465958
20 54 128415
30 4 896262
20 38 887165
38 48 760440
7 35 914942
38 3 48388
8 68 681806
27 50 567071
20 45 451994
53 38 813478
7 40 425071
32 3 800413
37 58 99222
55 31 166883
13 8 439859
37 5 460772
5 9 199283
17 32 375184
33 9 182177
35 61 768195
4 33 356457
61 23 642682
38 58 809518
61 51 874903
52 57 151595
59 34 740501
7 50 666718
63 45 155215
25 45 943052
6 49 433640
22 20 736098
8 22 447004
38 27 217760
16 17 128199
53 58 716767
47 45 856035
55 61 19112
27 21 663875
50 39 974999
11 48 653712
37 13 561103
59 55 118076
12 20 594186
22 5 311396
21 64 511509
40 68 158442
35 15 678668
3 55 745140
41 68 200268
49 24 457616
33 65 239058
40 51 398640
64 29 294295
13 51 905259
33 68 411435
67 43 212016
10 11 909457
59 45 631949
27 52 338650
6 1 981280
40 25 678532
43 37 663836
8 52 528725
42 45 339775
35 47 18292
36 31 296146
19 17 462664
30 59 173927
32 30 608034
13 25 940504
59 28 460127
39 56 665906
35 22 855866
22 31 966931
54 35 276117
29 49 329330
12 40 742214
18 7 583355
17 36 482778
26 59 638853
25 3 322565
18 33 413754
54 56 748486
57 2 142225
9 38 871098
68 57 313738
38 31 777667
16 12 345450
62 67 193178
29 8 156281
51 10 96177
41 67 10105
55 51 139596
32 23 330910
60 44 230338
66 24 921956
62 37 430863
22 48 834311
22 4 361589
67 10 946824
33 36 634115
6 69 978026
30 30 527641
11 20 521827
47 41 922183
11 44 932323
13 4 361514
22 3 555209
61 29 315843
62 17 586018
65 61 316184
16 2 516004
53 25 82393
23 24 810047
47 28 66140
31 56 856403
63 28 678533
23 16 539847
64 42 913168
61 26 372765
43 9 682050
3 2 869564
7 61 846528
59 22 288183
26 15 636896
54 34 342898
33 11 694948
58 23 505179
42 33 526092
62 15 95584
42 9 145460
26 65 346323
59 59 225205
37 6 659306
52 52 965887
66 33 237111
48 27 854068
30 34 783332
47 56 480251
43 31 653867
69 65 136293
30 21 564655
45 10 212086
34 43 476384
51 48 141379
57 27 489505
34 13 237369
17 54 319947
63 25 68732
32 41 493396
41 41 669720
59 54 735236
26 40 485672
16 20 135349
27 40 568533
67 65 473010
6 23 566189
63 46 804724
50 24 248386
66 52 65886
43 39 642628
19 65 889911
24 68 87138
67 60 865383
41 52 542942
10 65 630420
11 11 739838
65 52 535469
22 2 244634
15 12 609605
63 2 954867
3 59 27426
26 29 656146
35 23 452072
21 56 254999
22 66 353112
39 3 437908
13 23 628173
51 62 621164
15 6 712249
1 69 914412
7 19 277916
42 46 814506
22 19 494790
55 46 477341
6 25 251470
7 52 996476
39 38 419218
65 16 838297
48 34 637104
65 45 193358
16 44 598274
67 32 645605
69 28 398871
47 51 539269
35 68 783192
9 36 211159
46 19 89818
10 55 200890
11 23 73114
58 20 590536
43 51 381910
51 19 240433
26 67 901220
19 4 817764
1 5 312089
39 13 721261
5 27 942026
11 52 466868
8 43 19718
51 68 134740
46 17 118510
44 64 759056
5 67 626243
8 18 122245
1 19 560020
42 37 477623
42 44 920666
50 26 379844
55 5 318491
64 63 456624
47 52 464909
1 26 230143
45 19 743392
41 40 979718
4 21 914372
15 2 393052
40 3 682785
9 69 130120
12 39 684987
18 27 545228
47 14 278106
27 19 896263
4 46 461195
58 54 160143
6 63 586900
57 62 341644
37 44 508023
49 40 867520
35 14 655103
21 46 391021
26 13 267301
26 56 720411
1 21 544280
34 14 420365
53 45 867645
42 27 221672
64 6 33631
50 32 118189
15 11 743254
11 1 427691
25 9 924657
33 30 695236
3 27 654976
24 5 178970
37 16 859387
55 55 993916
5 11 322385
6 56 66950
53 2 559201
16 18 319419
35 45 159607
62 28 85858
17 14 47906
67 48 120014
34 62 983971
69 2 545125
21 42 538117
68 69 977995
60 6 216934
59 52 392828
62 33 993117
30 38 762071
55 25 689378
60 1 478261
1 13 594344
31 41 538884
61 17 795631
4 48 959593
29 7 34502
7 31 386238
19 5 243621
43 62 566499
20 47 893950
37 53 446351
1 68 997952
22 46 656141
27 17 451266
15 56 380070
13 17 466124
54 47 542010
31 59 979150
52 17 3207
46 60 188856
22 7 612051
29 45 58240
69 19 910937
43 55 814846
42 6 317443
32 60 161270
2 14 140488
40 18 581564
67 17 476785
37 27 392045
19 8 687521
48 57 622269
58 69 921948
56 37 101425
1 25 411261
49 27 82669
18 37 784782
46 30 8874
59 24 596561
54 66 219726
60 42 206139
39 10 854962
64 55 295514
35 17 189755
49 30 303956
60 53 262736
50 21 597629
53 44 503765
65 47 763640
48 42 765991
2 27 249819
16 59 158360
18 50 917892
32 8 7724
38 52 241851
20 25 179092
6 3 617162
56 3 820585
18 32 751641
35 18 109740
49 44 337519
42 58 989760
57 4 217420
58 51 108165
59 35 673295
41 10 776826
42 38 441437
48 5 94672
46 32 359776
19 44 586802
52 53 139729
48 6 528510
22 1 749760
60 50 176239
36 10 439402
38 17 126510
33 13 290436
12 19 789561
24 53 866721
12 56 137097
36 32 304935
65 56 397833
41 45 327294
25 8 862660
16 28 23646
68 66 861903
34 8 67130
20 60 468699
50 11 395886
40 47 959817
13 54 717146
25 28 710954
41 54 636287
68 20 860234
53 26 238063
11 25 34376
37 11 378026
7 39 854744
59 6 259698
46 65 13238
12 49 290352
28 7 34925
25 22 220492
43 59 48012
51 16 499744
20 50 537192
26 4 809196
47 38 822292
12 18 87266
68 27 978625
62 64 737491
27 10 968252
67 39 195780
15 20 602568
25 60 457868
69 36 251463
22 64 730836
44 54 475512
37 32 390821
21 35 232560
68 60 368010
39 26 424580
8 3 906079
16 61 60153
1 40 144946
40 50 403149
1 62 395121
56 35 293794
9 62 92035
51 29 974765
37 61 277323
5 34 960765
49 10 60
31 49 202523
55 68 960973
60 35 456273
24 37 863069
66 14 597407
9 68 655651
1 24 156751
29 60 702138
66 23 351027
20 66 886248
42 23 914879
1 56 100320
20 26 774749
65 40 863450
56 61 735726
34 3 261120
12 23 422560
20 49 249822
61 32 416315
10 40 703002
69 42 495156
32 58 593506
17 44 561037
48 19 188268
56 2 47422
55 18 582914
5 36 248136
25 46 694765
59 49 864176
10 13 358921
41 4 4687
45 54 453336
60 45 731713
31 25 960448
23 62 111453
47 50 516252
47 57 58417
48 31 627827
63 33 406948
29 10 552216
67 21 723959
56 29 443112
45 14 371201
60 2 330843
13 59 592982
48 49 394588
25 33 347635
14 16 337825
47 61 364899
66 44 277376
7 57 375641
34 19 168131
57 69 730219
11 67 594684
20 7 972886
39 18 749814
29 53 631045
68 11 639402
34 44 716653
68 28 511049
23 63 685030
62 65 432677
31 23 711312
49 56 346720
37 40 118005
23 29 110558
38 16 761466
40 69 228468
4 64 375864
41 19 229315
29 31 550606
32 40 744231
15 55 230832
49 5 86981
16 6 324031
46 38 522470
65 57 167012
9 46 335115
4 44 726977
36 38 956341
56 62 255096
34 57 654383
1 48 849834
45 17 734906
30 57 686023
67 47 926720
56 63 539247
57 20 132796
31 10 887851
30 68 555877
1 52 468222
18 31 143879
31 46 740753
9 21 431156
29 65 250696
16 68 419437
40 2 168348
62 26 318432
38 8 197138
26 52 941446
5 16 519685
25 59 449347
29 18 951519
38 38 798847
27 51 978815
42 17 308054
9 28 333821
32 59 723011
3 53 446254
60 52 307666
18 24 152474
33 16 41429
51 49 447212
32 9 434633
67 19 783068
27 47 145622
1 42 579001
8 6 98071
64 52 898359
63 57 816597
18 52 259512
41 44 177365
33 51 911303
34 61 636959
33 6 616029
31 66 389937
51 59 353264
13 28 789054
30 1 571194
41 33 486919
31 33 617868
37 10 635771
16 8 250567
11 27 138702
22 21 603346
24 45 889795
25 15 11957
35 28 179048
25 25 524664
53 6 169656
20 17 867772
15 33 650487
69 27 520040
64 3 882245
18 14 161962
58 3 51449
7 54 932048
38 11 466498
2 61 636896
63 66 395097
1 49 992255
31 61 261453
68 12 943234
68 62 528869
7 32 299032
58 62 25209
58 17 309702
45 58 697680
15 40 833395
57 3 257528
25 47 692407
62 4 525506
18 11 979850
26 49 978407
27 33 25877
22 43 919004
17 34 497739
30 69 225522
26 42 237297
46 69 987207
66 17 374432
5 47 713045
56 24 808358
38 14 689706
57 17 328464
12 29 101389
12 59 596966
61 27 117243
5 64 411002
37 65 490278
36 66 415872
22 52 161859
45 9 593416
40 58 766792
12 28 304925
13 9 160424
50 37 626518
26 7 163226
63 27 113114
27 54 494994
31 39 759600
67 44 803599
51 6 570009
28 1 760956
4 36 481360
25 10 472648
37 23 880223
11 47 416044
49 38 661347
3 46 338329
69 37 485301
68 47 185664
16 19 551367
41 50 435922
8 66 149832
11 57 951196
62 36 727971
64 7 862369
29 69 337128
56 64 143010
27 24 844417
38 6 40795
42 14 106714
26 10 18011
22 54 569841
9 11 395155
60 47 754772
50 44 855519
43 4 433771
8 14 856780
49 13 170213
43 30 980048
14 69 679179
14 1 120359
7 43 546457
25 26 868767
4 35 558178
18 46 357361
48 39 193201
35 65 571679
42 43 341102
60 27 844268
26 5 601351
51 17 777679
10 6 951278
64 12 169722
2 8 349040
54 5 619303
36 14 999642
1 16 811938
48 26 743088
11 43 441831
7 24 924063
14 44 493
22 24 134800
15 13 344933
16 24 79902
11 30 642996
39 28 728160
2 62 742035
48 66 78866
8 57 244362
56 28 268594
67 23 707292
60 41 882984
17 22 933553
13 61 867611
23 17 751202
38 44 735869
20 64 432491
58 11 565578
17 31 243749
33 67 671880
5 5 649218
67 36 398146
47 34 244509
13 31 411141
37 9 136987
47 42 757916
48 16 244482
31 54 968021
31 42 662871
31 37 858285
67 35 657685
1 4 382400
43 63 223256
21 39 938703
8 40 981052
24 32 746536
23 39 24852
23 4 546016
50 51 401372
42 40 19967
11 4 465720
3 14 910173
15 22 712470
6 11 299299
12 38 393094
63 29 874943
7 47 361815
7 7 42438
41 69 798403
8 17 818728
17 50 450211
9 4 542158
12 24 889488
38 1 564766
40 16 392755
63 61 8899
2 4 302432
54 6 162346
4 65 557970
7 55 551078
41 62 714635
28 61 52434
46 26 64261
50 48 780318
44 68 921796
69 49 742085
23 46 290316
50 38 131752
20 44 865408
24 52 821532
4 49 195078
18 53 144908
6 19 68988
55 1 312984
13 50 894109
33 28 60023
19 29 453925
32 13 187796
52 3 921344
45 43 561007
8 9 492752
68 63 357648
30 62 761725
53 14 616326
22 55 922125
38 69 867491
5 59 574079
4 31 833881
69 39 221089
15 27 20328
50 30 900124
38 22 734852
60 64 123523
26 47 184028
37 67 161685
66 30 478320
53 68 227039
4 42 579735
22 26 667372
7 63 737444
64 64 556824
54 32 667007
8 8 860028
10 56 901264
39 42 705760
50 31 712688
69 21 216034
29 5 414963
45 21 540940
59 46 52800
4 59 615187
54 11 19837
4 20 909389
65 42 101600
24 25 942272
23 9 457408
11 59 330323
43 57 520419
9 26 817968
12 44 79033
16 52 609041
38 2 853889
57 61 626900
4 66 303773
15 57 157949
25 2 779366
57 57 713457
42 59 382480
8 37 416336
58 10 137930
18 13 98276
38 60 459052
26 11 179019
31 53 466242
39 20 345021
44 7 846402
27 8 52434
54 61 366603
19 19 462364
69 35 690843
28 65 540352
30 23 930579
30 16 637441
15 44 794453
18 61 853514
30 26 474587
18 10 839690
29 3 331786
29 32 731886
7 49 818170
36 11 513670
63 14 469282
9 56 742544
15 29 117718
68 26 53675
11 65 416957
9 31 783117
63 26 192427
40 46 819683
28 14 158178
67 46 960904
63 3 781606
21 16 10679
6 12 569394
14 67 113030
13 12 585296
29 6 43033
64 33 139977
1 59 721795
8 55 160028
61 45 141686
3 23 550021
63 13 917265
53 63 229340
57 53 392460
36 50 529071
62 50 260817
42 52 702967
51 63 268535
10 43 862469
39 24 594991
54 68 89561
5 63 909849
51 65 215172
5 33 949339
12 5 741013
40 44 315838
43 16 716158
17 26 368760
39 54 268317
7 51 465566
34 1 607887
11 63 334938
39 11 607780
42 66 554364
54 57 809059
34 66 275035
4 63 96855
50 16 500471
67 1 495094
69 25 963010
36 43 704542
2 32 69890
46 66 922169
17 39 497407
14 19 126754
11 14 251593
42 34 12602
53 23 874997
43 44 807012
42 2 786434
12 11 97994
9 50 442472
13 16 728409
68 42 939417
32 45 871307
58 47 310908
67 58 351322
16 22 346981
36 18 712106
41 22 282687
12 3 800498
18 47 810230
41 7 625693
58 63 201672
60 13 66501
66 60 736749
52 10 81086
7 53 386753
7 2 934896
39 6 545096
1 3 885206
39 5 538929
44 1 295631
63 36 202722
20 9 798498
38 33 489305
32 42 977762
64 32 512075
28 31 805038
10 23 337765
8 7 775902
48 62 291979
51 26 45769
60 30 952604
49 2 859213
29 20 243235
19 61 132617
34 4 8690
3 49 310266
52 6 135431
32 5 657766
23 7 761420
14 13 482290
9 63 977865
55 69 703582
31 63 977077
65 63 708061
63 8 855426
25 37 538938
59 67 63520
12 8 252924
6 35 937576
19 59 390733
34 51 634409
29 22 132425
50 63 628863
32 33 448528
10 10 554679
20 63 887666
50 59 856918
41 8 569566
33 23 566070
53 16 656156
35 53 734176
9 58 374916
20 46 676159
15 8 792065
