208
1 97
2 110
3 117
4 93
5 121
6 138
7 51
8 179
9 77
11 102
12 193
13 180
14 104
15 37
16 181
17 191
18 59
19 38
20 129
21 112
22 92
23 147
24 11
25 76
26 165
27 92
28 147
29 202
30 33
31 96
32 150
33 193
34 65
35 92
36 57
37 92
38 103
39 143
40 173
41 159
42 38
43 56
44 68
45 18
46 182
47 137
48 196
49 54
50 111
51 186
52 38
53 119
54 78
55 207
56 90
57 16
58 145
59 159
60 142
61 112
62 107
63 8
64 74
65 77
66 29
67 8
68 113
69 190
70 120
71 126
72 97
73 128
74 146
75 65
76 196
77 192
78 9
79 3
80 94
81 184
82 56
83 88
84 83
85 27
86 208
87 177
88 18
89 7
90 132
91 67
92 9
93 203
94 123
95 105
96 36
97 146
98 83
99 200
100 158
101 114
102 203
103 57
104 88
105 45
106 63
107 58
108 11
109 140
110 146
111 126
112 56
113 99
114 76
115 200
116 108
117 157
118 4
119 100
120 97
121 58
122 121
123 19
124 29
125 103
126 82
127 7
128 11
129 85
130 59
131 174
132 187
133 104
134 31
135 188
136 127
137 74
138 167
139 53
140 104
141 153
142 174
143 62
144 95
145 4
146 107
147 187
148 21
149 47
150 106
151 8
152 208
153 154
154 105
155 142
156 188
157 146
158 10
159 139
160 112
161 68
162 37
163 7
164 100
165 201
166 30
167 108
168 104
169 129
170 186
171 58
172 6
173 180
174 46
175 190
176 159
177 110
178 190
179 46
180 100
181 154
182 137
183 79
184 183
185 139
186 28
187 196
188 93
189 23
190 125
191 112
192 2
193 121
194 156
195 6
196 130
197 113
198 56
199 99
200 11
201 50
202 58
203 18
204 117
205 22
206 53
207 159
208 141
