222
1 175
2 147
3 93
4 62
5 62
6 115
7 201
8 171
9 89
10 154
11 172
12 141
13 202
14 155
15 81
16 97
17 182
18 61
19 87
20 219
21 62
22 101
23 148
24 155
25 110
26 109
27 104
28 81
29 21
30 205
31 133
32 39
33 84
35 89
36 171
37 128
38 100
39 133
40 28
41 207
42 184
43 79
44 73
45 139
46 41
47 62
48 91
49 153
50 206
51 184
52 137
53 29
54 36
55 13
56 62
57 98
58 55
59 194
60 170
61 156
62 143
63 205
64 215
65 219
66 192
67 219
68 218
69 154
70 24
71 107
72 195
73 155
74 143
75 138
76 57
77 172
78 77
79 215
80 95
81 133
82 170
83 217
84 110
85 64
86 159
87 113
88 20
89 129
90 62
91 143
92 133
93 187
94 159
95 201
96 34
97 105
98 168
99 133
100 98
101 167
102 40
103 178
104 135
105 166
106 190
107 5
108 215
109 101
110 97
111 62
112 108
113 130
114 66
115 191
116 64
117 101
118 173
119 10
120 96
121 134
122 21
123 9
124 54
125 75
126 19
127 34
128 181
129 112
130 176
131 44
132 163
133 25
134 217
135 4
136 80
137 3
138 158
139 191
140 152
141 10
142 172
143 38
144 108
145 159
146 189
147 198
148 83
149 174
150 148
151 18
152 154
153 139
154 203
155 196
156 95
157 96
158 173
159 161
160 211
161 65
162 122
163 130
164 35
165 97
166 67
167 212
168 63
169 159
170 19
171 34
172 57
173 36
174 188
175 72
176 81
177 207
178 186
179 17
180 117
181 170
182 152
183 13
184 84
185 31
186 142
187 203
188 39
189 92
190 177
191 129
192 61
193 70
194 134
195 140
196 164
197 100
198 203
199 25
200 42
201 138
202 190
203 98
204 219
205 166
206 190
207 140
208 12
209 53
210 67
211 78
212 32
213 30
214 16
215 184
216 186
217 13
218 109
219 156
220 55
221 36
222 72
