763
1 370
2 594
3 515
4 570
5 570
6 475
7 428
8 57
9 420
10 730
11 125
12 401
13 637
14 647
15 441
16 714
17 580
18 70
19 256
20 623
21 46
22 537
23 393
24 82
25 664
26 523
27 162
28 230
29 614
30 410
31 259
32 271
33 236
34 609
35 30
36 621
37 643
38 63
39 655
40 420
41 266
42 400
43 453
44 375
45 689
46 303
47 265
48 327
49 512
50 156
51 531
52 117
53 302
54 305
55 502
56 376
57 30
58 340
59 534
60 293
61 89
62 603
63 420
64 187
65 659
66 563
67 336
68 664
69 12
70 198
71 653
72 62
73 560
74 488
75 453
76 375
77 353
78 139
79 389
80 191
81 29
82 212
83 706
84 265
85 563
86 133
87 451
88 728
89 587
90 525
91 229
92 21
93 662
94 106
95 693
96 209
97 128
98 8
99 463
100 185
101 307
102 364
103 188
104 164
105 428
106 183
107 35
108 151
109 520
110 706
111 497
112 704
113 587
114 380
115 253
116 128
117 545
118 382
119 648
120 134
121 751
122 518
123 688
124 630
125 158
126 252
127 118
128 283
129 460
130 2
131 103
132 704
133 47
134 97
135 670
136 569
137 457
138 276
139 674
140 536
141 379
142 585
143 610
144 321
145 37
146 211
147 7
148 96
149 395
150 95
151 742
152 278
153 601
154 48
155 118
156 469
157 614
158 586
159 515
160 478
161 87
162 553
163 733
164 686
165 487
166 415
167 675
168 400
169 488
170 426
171 543
172 196
173 593
174 280
175 177
176 665
177 192
178 104
179 209
180 19
181 150
182 689
183 606
184 187
185 43
186 392
187 63
188 587
189 637
190 514
191 143
192 506
193 310
194 493
195 180
196 467
197 418
198 110
199 215
200 633
201 643
202 366
203 90
204 602
205 85
206 27
207 593
208 739
209 294
210 176
211 494
212 304
213 12
214 67
215 406
216 500
217 514
218 558
219 169
220 16
221 731
222 127
223 114
224 516
225 185
226 478
227 734
228 241
229 445
230 746
231 726
232 372
233 30
234 429
235 390
236 679
237 495
238 603
239 330
240 756
241 675
242 193
243 492
244 512
245 283
246 716
247 248
248 218
249 543
250 440
251 748
252 655
253 671
254 111
255 348
256 593
257 208
258 521
259 697
260 200
261 155
262 453
263 452
264 87
265 682
266 284
267 423
268 662
269 116
270 248
271 185
272 737
273 177
274 660
275 677
276 612
277 86
278 398
279 442
280 222
281 583
282 348
283 586
284 655
285 228
286 298
287 522
288 348
289 639
290 218
291 422
292 388
293 104
294 552
295 245
296 305
297 266
298 563
299 456
300 500
301 5
302 655
304 395
305 62
306 519
307 463
308 250
309 127
310 157
311 591
312 189
313 168
314 534
315 101
316 20
317 319
318 261
319 689
320 135
321 25
322 624
323 347
324 627
325 4
326 654
327 100
328 436
329 652
330 703
331 660
332 362
333 277
334 93
335 664
336 469
337 221
338 157
339 419
340 353
341 212
342 206
343 586
344 115
345 8
346 6
347 591
348 83
349 322
350 546
351 116
352 688
353 197
354 716
355 356
356 294
357 3
358 282
359 267
360 656
361 223
362 116
363 37
364 547
365 271
366 46
367 266
368 731
369 166
370 32
371 376
372 31
373 463
374 686
375 460
376 417
377 512
378 503
379 284
380 604
381 67
382 71
383 286
384 511
385 187
386 177
387 437
388 567
389 671
390 551
391 221
392 728
393 52
394 435
395 501
396 302
397 302
398 195
399 676
400 716
401 545
402 172
403 511
404 137
405 376
406 552
407 216
408 206
409 83
410 401
411 90
412 341
413 311
414 645
415 35
416 256
417 421
418 185
419 200
420 16
421 247
422 118
423 10
424 175
425 326
426 85
427 700
428 572
429 448
430 670
431 416
432 440
433 53
434 517
435 411
436 456
437 148
438 31
439 437
440 437
441 54
442 482
443 724
444 732
445 546
446 728
447 305
448 99
449 165
450 9
451 448
452 317
453 445
454 212
455 208
456 532
457 430
458 280
459 28
460 639
461 283
462 459
463 731
464 264
465 25
466 144
467 176
468 603
469 47
470 727
471 75
472 42
473 87
474 626
475 512
476 516
477 743
478 689
479 358
480 577
481 660
482 191
483 39
484 495
485 742
486 134
487 559
488 306
489 520
490 316
491 283
492 610
493 606
494 633
495 693
496 138
497 39
498 153
499 433
500 96
501 275
502 730
503 481
504 307
505 88
506 382
507 137
508 99
509 645
510 661
511 216
512 468
513 681
514 247
515 194
516 17
517 399
518 636
519 525
520 480
521 480
522 110
523 616
524 310
525 19
526 411
527 683
528 628
529 281
530 523
531 534
532 576
533 641
534 603
535 189
536 192
537 547
538 195
539 537
540 538
541 69
542 761
543 448
544 100
545 378
546 731
547 696
548 98
549 311
550 664
551 373
552 85
553 410
554 281
555 444
556 460
557 118
558 305
559 733
560 204
561 174
562 720
563 46
564 249
565 365
566 428
567 364
568 107
569 481
570 534
571 71
572 755
573 647
574 695
575 47
576 7
577 218
578 571
579 417
580 184
581 49
582 217
583 742
584 255
585 147
586 196
587 207
588 379
589 448
590 691
591 343
592 743
593 628
594 59
595 139
596 579
597 38
598 334
599 319
600 626
601 71
602 715
603 639
604 616
605 276
606 676
607 454
608 314
609 52
610 236
611 759
612 256
613 488
614 296
615 107
616 189
617 528
618 600
619 453
620 411
621 619
622 75
623 511
624 751
625 269
626 459
627 14
628 641
629 251
630 464
631 302
632 237
633 703
634 386
635 473
636 67
637 545
638 341
639 30
640 519
641 546
642 139
643 322
644 327
645 587
646 374
647 339
648 608
649 552
650 608
651 597
652 569
653 197
654 28
655 506
656 97
657 632
658 23
659 463
660 362
661 385
662 552
663 697
664 35
665 148
666 500
667 12
668 442
669 406
670 521
671 83
672 262
673 389
674 1
675 59
676 565
677 349
678 730
679 453
680 712
681 82
682 556
683 28
684 205
685 552
686 486
687 410
688 88
689 680
690 625
691 347
692 403
693 408
694 145
695 438
696 19
697 528
698 581
699 328
700 278
701 576
702 713
703 551
704 233
705 649
706 68
707 433
708 483
709 732
710 385
711 45
712 173
713 471
714 74
715 245
716 546
717 744
718 689
719 516
720 492
721 316
722 377
723 568
724 209
725 283
726 685
727 91
728 244
729 461
730 78
731 342
732 728
733 166
734 495
735 605
736 411
737 150
738 521
739 72
740 391
741 728
742 289
743 434
744 625
745 506
746 295
747 71
748 370
749 528
750 295
751 133
752 20
753 701
754 2
755 409
756 510
757 52
758 670
759 464
760 491
761 342
762 247
763 400
