79
168 370 959 253 515 493 35 442 155 63 224 589 661 80 38 108 796 97 225 645 836 682 392 536 153 797 231 747 478 473 774 693 158 992 671 243 367 449 228 653 538 774 902 338 949 655 879 792 745 230 866 997 299 297 69 97 215 388 286 153 377 644 755 846 138 596 240 124 193 532 573 99 399 341 62 834 650 62 937 
895 835 442 475 64 208 840 820 901 226 370 6 227 528 182 954 962 603 792 586 424 720 670 568 173 905 235 94 717 972 164 668 777 674 14 62 278 521 22 811 580 315 471 767 840 821 576 625 466 977 899 694 128 876 720 900 713 760 991 136 19 27 458 761 982 639 817 122 663 1000 475 540 518 57 660 649 552 463 441 
130 717 740 942 971 987 238 328 282 993 669 52 635 285 416 862 998 967 49 779 808 468 892 31 598 867 644 919 301 531 183 945 453 315 613 111 521 881 420 720 152 196 807 263 175 906 162 490 429 283 808 828 974 883 958 683 57 196 45 155 10 26 883 617 600 597 610 96 192 578 544 496 136 427 790 810 725 162 890 
109 174 642 284 956 966 238 492 558 190 440 299 829 616 516 677 335 629 866 582 536 600 23 25 862 401 436 898 532 860 678 278 767 431 892 566 84 231 717 424 560 635 511 502 774 144 113 284 725 123 242 830 856 82 823 240 820 92 977 236 813 356 477 680 593 386 882 981 619 146 326 369 834 442 682 638 391 456 105 
537 451 179 981 995 886 805 762 420 729 607 241 915 973 349 351 231 386 206 419 497 529 813 755 663 282 987 31 19 647 10 765 914 455 331 732 294 956 961 289 325 797 908 581 175 69 184 972 275 938 907 591 931 711 706 923 523 218 468 744 182 599 309 692 1 259 69 501 878 665 143 274 587 753 146 123 440 564 35 
12 317 905 249 47 409 291 592 22 356 665 991 637 846 989 186 302 989 798 128 98 860 998 62 679 582 668 882 989 703 258 305 272 459 152 617 865 933 215 167 997 234 192 995 132 3 331 480 259 839 16 845 219 342 497 894 928 767 574 491 546 963 639 47 415 575 814 938 15 590 531 544 183 421 797 680 63 6 576 
630 268 605 105 314 758 814 476 735 443 525 351 964 930 836 340 590 617 441 555 372 784 525 749 906 260 86 194 615 133 69 516 55 648 681 650 993 549 843 550 985 570 560 159 408 646 234 320 751 111 551 159 944 925 400 303 525 828 228 470 287 734 298 240 984 951 578 90 489 79 549 264 909 580 968 719 612 101 934 
819 657 936 435 819 85 284 921 40 489 200 959 666 464 331 349 251 243 49 377 817 314 156 21 472 106 17 134 758 930 183 623 150 157 156 228 782 611 911 559 104 23 567 967 316 714 810 828 773 199 127 596 760 261 397 922 760 312 849 585 964 961 980 989 31 921 475 394 472 442 77 923 608 966 289 917 486 269 149 
969 846 268 440 349 421 169 897 820 743 224 77 961 90 481 453 848 520 343 29 78 433 114 95 900 982 694 766 127 39 274 907 99 270 82 996 987 426 750 648 83 429 865 836 847 15 402 673 657 456 678 51 206 602 916 476 633 468 487 743 655 464 624 301 298 542 482 179 583 735 436 34 55 483 603 750 73 43 949 
160 999 408 630 4 908 953 207 859 645 2 610 810 837 839 880 914 831 653 387 318 287 210 724 776 785 240 726 804 9 902 609 602 658 655 144 456 216 424 75 39 629 886 790 929 495 646 912 994 8 780 677 260 637 485 989 688 664 308 194 612 255 456 662 896 834 629 851 424 872 127 201 301 715 746 955 716 431 84 
482 981 839 321 657 117 640 999 559 36 597 959 848 968 961 530 924 129 984 386 495 507 222 852 471 215 638 589 545 825 804 194 893 99 99 670 589 89 569 256 418 588 582 42 335 23 49 803 540 757 883 126 308 609 577 321 111 340 550 63 681 650 735 679 217 605 13 266 387 193 782 296 607 454 189 956 655 338 670 
988 885 84 11 186 475 562 793 85 896 340 587 737 842 766 462 58 263 242 604 517 410 332 617 880 437 428 689 789 137 335 56 635 343 871 872 869 618 630 439 913 107 639 630 321 892 518 627 190 997 666 440 440 387 338 66 719 332 613 474 69 596 80 671 714 730 197 707 151 715 726 858 227 439 326 638 609 303 528 
533 544 126 990 401 74 204 819 639 469 620 921 785 917 544 885 996 248 119 30 498 136 62 889 298 133 996 792 955 1 236 726 52 674 559 596 679 923 135 688 290 683 126 769 797 972 61 132 6 789 717 762 232 705 817 951 959 238 226 149 189 375 394 503 417 162 393 742 419 211 100 280 385 751 944 820 206 234 315 
487 21 986 892 346 506 249 86 993 241 94 377 917 173 381 465 875 139 211 901 988 52 651 737 979 551 755 292 562 452 327 315 805 66 813 196 892 778 24 380 822 225 910 218 905 794 802 41 219 714 330 226 972 666 457 624 513 49 687 482 747 263 100 4 678 651 496 422 355 422 359 924 574 222 405 468 144 692 14 
379 174 446 857 168 912 534 975 192 435 521 185 864 208 400 896 518 498 10 723 89 76 224 972 612 465 880 283 143 538 372 841 998 292 96 423 728 199 807 325 185 664 349 531 40 39 6 179 842 954 847 540 45 697 112 625 62 631 136 544 420 199 592 820 802 157 383 164 617 513 876 625 947 720 640 772 137 282 754 
325 663 741 360 325 211 592 124 741 945 273 581 309 361 80 386 398 847 730 99 608 851 559 184 629 711 915 839 628 12 857 666 239 797 11 143 933 425 699 78 361 821 62 855 969 112 180 993 279 518 945 492 908 838 167 544 120 252 810 60 139 639 650 608 600 60 421 67 492 753 34 637 651 107 974 78 948 809 275 
702 992 702 5 107 967 219 899 350 650 514 980 446 594 764 871 147 848 932 753 852 323 754 339 546 701 778 986 18 846 786 934 943 888 567 483 670 833 856 82 257 372 26 561 237 808 666 759 235 559 534 609 850 393 557 168 779 247 282 921 292 40 613 843 870 687 689 940 767 762 503 173 41 141 874 977 729 13 370 
826 753 222 673 364 974 230 664 168 138 607 275 283 563 16 633 380 243 869 381 129 678 395 576 779 183 333 924 597 347 122 690 617 308 428 85 27 319 914 421 348 726 967 86 264 175 489 278 352 732 970 122 81 577 227 185 700 617 396 239 916 530 693 180 163 92 465 939 413 221 597 419 970 96 582 633 56 833 688 
492 544 923 839 232 349 162 970 916 464 569 267 692 526 558 400 871 640 105 645 962 122 473 296 635 268 326 940 398 660 600 70 884 618 119 307 535 635 760 944 320 679 143 233 369 163 183 683 883 144 955 393 450 898 873 26 867 441 50 961 621 307 764 492 5 272 496 806 720 205 644 910 13 642 209 798 280 452 526 
132 225 195 819 116 435 69 759 779 653 178 91 358 132 942 53 577 463 25 702 441 970 154 964 731 876 536 833 298 417 880 194 29 56 794 272 262 629 596 170 180 473 397 410 898 645 651 908 934 787 222 818 67 893 98 234 287 332 465 926 133 2 759 507 157 920 644 563 239 585 278 491 612 941 332 725 853 695 796 
543 857 999 214 75 372 713 150 589 826 613 446 112 528 237 129 169 476 545 762 690 928 214 547 641 355 723 238 878 623 466 752 456 84 349 112 369 932 559 149 541 77 287 861 375 882 593 111 333 546 676 450 567 520 68 299 964 121 769 716 828 25 263 143 407 414 157 783 652 971 62 151 595 279 410 488 292 932 606 
352 134 960 392 694 793 543 796 767 564 783 170 340 664 962 789 170 618 664 397 848 261 698 510 52 502 352 143 455 470 28 28 476 692 989 485 925 616 565 701 990 153 315 907 480 720 58 604 55 131 496 191 565 795 920 583 165 902 128 893 368 93 604 444 147 207 465 323 327 933 835 247 712 660 607 542 559 270 194 
116 80 169 720 874 581 558 541 986 73 171 112 388 29 506 691 477 486 440 101 715 397 263 136 546 558 860 43 58 889 105 784 486 293 508 207 838 8 526 218 470 952 510 71 13 941 244 585 87 164 878 919 300 902 966 716 454 446 705 261 391 247 225 654 889 812 213 237 691 382 788 294 531 578 606 637 223 736 107 
375 922 677 721 569 118 962 282 943 52 474 467 903 653 720 727 771 381 351 770 811 154 264 823 585 329 688 203 507 666 862 519 540 631 297 713 891 449 593 579 706 499 674 523 368 189 436 202 592 970 989 733 288 258 973 143 835 169 904 125 351 702 848 824 184 877 185 855 747 462 219 938 956 251 284 472 992 574 147 
866 315 969 558 822 908 971 381 533 396 378 860 453 819 612 29 7 371 132 812 178 75 779 529 78 877 757 658 330 504 896 934 775 894 600 155 179 231 878 744 879 941 940 596 513 638 266 261 67 638 293 914 386 378 179 722 792 141 656 923 522 142 19 932 642 825 177 658 326 738 882 663 895 413 479 262 851 569 458 
465 364 471 990 235 751 952 803 367 374 725 76 175 910 197 24 573 506 834 332 13 982 316 423 417 348 364 796 52 83 858 940 296 947 664 369 864 754 917 460 70 650 588 905 942 664 258 398 489 223 899 247 612 75 261 173 182 823 155 250 157 879 195 214 546 662 433 710 728 410 978 991 609 979 834 775 945 632 214 
421 953 777 283 916 773 286 413 228 646 206 768 401 617 921 835 394 239 703 56 459 163 607 654 387 295 953 191 31 535 228 634 237 188 337 618 994 130 806 829 197 162 843 61 121 577 64 859 343 439 494 815 962 361 73 217 153 800 485 68 280 648 478 829 391 442 174 872 873 858 691 571 791 873 678 178 259 668 397 
617 549 259 377 989 66 603 33 604 407 661 334 888 202 36 565 399 98 427 984 310 42 141 13 866 754 11 789 813 630 290 246 479 637 890 258 442 915 920 70 541 567 708 116 963 398 388 329 625 774 760 815 91 596 852 444 135 671 369 258 416 626 883 869 780 214 604 40 375 693 448 368 750 680 8 727 501 802 639 
18 762 475 832 548 359 127 989 337 283 284 897 108 282 151 40 617 649 656 346 99 563 41 267 295 286 507 78 512 423 768 701 889 82 610 955 430 658 771 730 803 783 459 133 715 227 774 384 882 212 875 426 796 766 694 818 676 806 742 263 437 895 584 551 893 433 594 921 301 293 17 675 218 322 403 644 79 340 454 
723 209 119 391 990 89 184 636 540 478 605 291 372 24 760 648 891 894 823 83 707 945 423 720 630 943 957 189 479 169 995 279 729 893 985 509 742 516 938 963 681 877 179 777 660 449 759 898 611 661 637 870 807 907 928 896 205 785 678 216 484 304 338 697 907 230 475 252 496 981 482 300 625 817 456 952 103 70 630 
197 895 8 546 801 288 874 753 721 919 96 615 652 605 196 905 469 375 372 643 805 158 794 555 38 933 675 892 249 838 433 795 609 77 113 103 766 667 742 896 315 916 124 959 977 673 765 70 850 879 136 491 382 191 357 74 681 788 170 992 35 320 9 489 663 175 344 82 420 569 959 183 919 285 917 639 103 409 988 
691 936 515 305 611 345 299 605 984 614 54 30 667 278 101 86 213 821 972 115 437 316 435 910 701 940 928 452 181 199 68 256 903 559 561 983 497 61 98 570 630 347 756 1000 253 354 869 249 385 877 180 268 799 652 584 538 443 771 727 248 291 184 937 425 114 664 907 922 247 642 237 316 859 90 236 886 543 112 369 
489 787 327 391 458 24 46 177 211 935 50 530 193 432 434 499 272 701 418 384 987 147 817 67 60 672 738 432 18 95 895 175 174 629 905 982 317 345 873 124 625 107 75 535 80 132 902 279 867 974 69 185 496 816 224 836 49 971 284 351 603 575 479 785 680 871 301 104 853 184 382 907 229 231 429 880 84 392 986 
351 172 255 633 444 203 515 337 497 371 390 647 754 282 582 416 943 432 711 906 381 891 183 435 141 925 617 480 412 277 571 480 578 818 439 431 59 636 438 292 817 443 544 771 615 421 997 819 447 780 575 128 6 950 478 338 315 36 947 701 275 499 109 872 400 694 559 966 445 649 512 591 692 424 521 432 184 102 755 
687 59 678 646 872 81 214 947 883 267 23 412 507 358 783 590 216 273 190 310 470 250 836 905 556 610 410 738 966 212 108 712 684 66 910 629 568 616 796 680 756 415 704 180 530 243 855 39 754 198 764 580 295 915 580 681 898 755 649 482 926 916 376 588 538 204 650 98 842 90 38 340 831 886 357 171 114 564 157 
871 557 622 295 233 306 519 434 585 113 664 693 817 743 22 536 287 346 794 292 791 30 872 838 375 682 161 753 418 20 929 897 486 801 985 728 557 974 558 780 912 2 392 791 823 969 620 550 762 122 539 187 307 82 73 763 282 208 966 833 568 966 648 857 52 438 959 558 313 747 664 68 942 4 163 70 636 860 677 
313 116 445 535 143 127 824 4 750 732 230 615 574 757 835 267 263 858 581 425 136 260 513 470 153 83 999 650 146 577 865 874 378 917 848 198 257 641 735 372 998 757 966 563 329 441 808 641 26 342 45 398 905 622 577 214 659 760 971 435 516 229 615 385 615 630 245 521 808 491 519 398 379 893 711 346 449 957 910 
90 930 171 390 646 46 936 810 491 467 684 641 568 410 217 174 172 690 77 274 238 44 444 769 68 661 452 657 349 935 808 574 455 576 974 1 689 689 937 692 442 528 879 503 225 974 107 527 658 426 60 449 983 477 909 595 757 340 155 116 867 745 130 663 582 666 304 708 688 81 817 327 140 922 457 239 84 744 501 
208 324 232 514 258 172 652 116 687 673 497 145 569 308 201 740 506 817 906 690 81 642 822 944 620 738 905 747 241 691 326 502 787 232 714 520 875 875 335 955 229 760 571 454 879 816 526 332 973 680 120 923 288 783 64 134 634 227 294 332 691 197 250 518 567 16 66 429 374 910 960 921 107 307 402 403 758 16 105 
236 170 985 386 980 607 80 736 540 369 880 928 324 871 266 811 398 917 155 319 937 554 124 367 255 803 73 38 263 830 211 488 859 544 854 538 995 984 587 293 825 497 103 935 755 676 370 809 77 836 602 578 644 968 557 266 139 300 810 832 250 776 777 653 522 335 710 231 682 290 538 623 789 123 330 867 346 546 774 
533 891 27 955 241 62 558 602 779 751 830 839 879 852 931 754 207 312 752 921 977 80 829 596 214 393 798 1000 61 352 746 213 173 8 789 392 774 688 510 530 457 578 386 62 67 494 479 583 239 420 938 48 105 526 105 530 947 436 378 809 339 541 587 87 483 757 767 720 280 801 103 869 156 21 854 233 701 886 284 
255 547 89 221 154 501 818 791 802 461 206 127 662 583 409 189 765 863 8 307 340 312 177 994 787 157 646 132 767 91 334 259 530 925 836 225 999 439 902 198 774 740 447 6 518 297 973 792 230 831 291 208 722 924 601 549 84 155 815 460 105 751 302 347 1000 764 567 567 871 599 449 822 293 617 255 726 657 447 248 
580 946 597 678 70 4 710 191 362 545 702 543 412 918 345 12 124 74 105 473 229 746 779 35 272 720 810 663 599 55 443 570 186 545 448 231 277 137 389 725 936 665 310 455 478 958 711 226 622 695 570 578 470 305 101 309 635 942 169 582 49 961 548 252 33 715 696 864 406 658 522 586 367 965 300 941 721 705 867 
695 714 919 521 962 199 795 612 702 167 686 765 492 277 366 755 164 153 201 909 280 448 397 676 511 848 187 774 555 101 855 292 507 879 794 157 522 817 296 864 118 740 275 999 306 434 22 646 92 75 378 96 751 59 180 498 147 234 413 374 752 211 489 882 599 725 121 999 593 605 281 738 461 74 794 21 678 680 169 
871 115 510 430 400 478 152 510 119 614 77 458 876 949 993 510 269 529 877 818 957 23 378 493 321 428 346 877 297 866 647 280 317 682 690 14 245 780 213 300 352 872 337 490 342 752 489 974 334 44 605 352 697 668 665 340 781 778 203 123 787 550 880 521 832 367 87 408 848 273 292 908 7 625 183 118 966 715 971 
841 972 901 847 632 498 417 648 478 750 327 661 452 561 568 642 510 73 868 606 462 320 773 700 728 498 698 638 61 227 429 781 112 567 493 850 980 592 421 801 923 572 507 713 96 5 802 501 799 959 40 749 312 181 137 470 775 356 210 454 519 333 167 497 290 400 821 7 298 988 560 939 60 800 247 301 128 214 299 
929 34 578 36 494 268 47 180 632 402 626 841 663 572 917 375 222 567 661 556 468 780 741 459 30 336 57 465 467 459 932 171 343 65 266 534 993 700 998 318 828 79 526 376 346 284 474 783 772 768 232 674 203 922 123 476 795 831 903 916 922 729 519 459 630 411 232 752 428 215 675 607 58 912 966 773 926 920 900 
686 884 147 625 976 11 386 382 173 785 370 531 917 139 10 792 545 550 616 899 993 273 749 45 551 968 100 861 610 267 423 139 148 516 482 534 333 261 374 727 469 384 848 276 349 685 767 982 7 943 177 835 682 943 998 140 159 240 28 40 486 833 874 728 930 870 485 513 601 455 221 701 733 688 33 418 61 112 311 
729 557 330 981 112 977 878 491 617 126 649 198 465 354 337 15 633 727 498 986 673 796 971 624 96 404 346 861 757 660 228 522 561 513 886 708 227 480 831 251 730 469 595 948 815 853 625 584 392 539 38 771 126 462 249 509 360 737 948 580 205 915 969 536 759 893 323 774 890 766 713 702 1 874 286 397 626 615 819 
476 909 310 172 583 16 112 815 782 494 671 256 143 155 688 8 914 274 544 977 508 759 36 540 845 606 591 563 18 666 336 327 171 374 593 483 382 32 585 871 746 177 115 446 885 654 101 72 311 754 890 721 957 754 64 888 511 55 963 785 449 216 376 315 942 197 251 651 592 869 546 48 722 1 391 668 822 134 153 
377 839 303 948 570 977 169 708 661 236 622 46 768 180 547 664 713 396 417 500 685 390 279 977 418 908 206 234 444 923 580 421 772 835 474 228 228 496 478 40 76 252 610 265 537 770 707 975 192 669 898 724 679 863 431 872 741 738 521 500 405 411 271 279 727 657 234 652 847 435 592 258 668 375 715 427 978 220 240 
613 169 225 33 476 563 579 971 758 218 699 25 37 264 238 287 953 700 611 759 348 972 696 600 524 982 966 530 444 125 976 491 307 282 832 317 587 953 323 453 483 464 344 934 326 83 652 260 626 259 96 522 834 346 969 476 76 992 896 941 308 457 464 3 215 653 195 742 761 975 357 732 896 231 967 112 78 288 157 
79 346 146 625 137 272 897 54 510 829 948 917 350 156 23 299 680 867 777 41 940 326 535 611 841 395 327 738 880 61 414 266 670 314 219 612 526 397 825 29 509 948 449 982 765 674 621 626 874 478 263 186 976 443 8 700 267 886 385 760 557 251 741 242 835 265 653 507 960 801 387 224 593 179 319 785 864 24 853 
427 890 505 269 927 968 71 466 193 242 617 340 825 751 273 598 45 814 887 400 901 312 980 350 318 883 617 367 248 865 822 231 656 559 851 653 103 646 610 406 400 286 410 232 750 558 126 400 724 877 620 756 235 972 791 954 880 306 846 479 979 847 306 425 560 601 428 142 26 2 532 378 315 63 795 965 870 243 170 
771 510 570 753 474 764 86 329 903 484 950 834 153 456 754 134 597 972 568 748 464 488 914 398 672 706 838 643 836 777 5 798 351 827 228 709 185 215 454 570 262 876 415 878 117 377 554 513 314 818 829 235 860 346 608 663 840 35 402 714 116 167 412 192 85 867 683 536 49 991 450 75 702 167 6 153 345 581 400 
491 384 692 199 594 529 462 459 951 376 408 379 833 93 465 160 810 251 774 32 642 835 953 412 571 863 557 66 547 295 644 563 469 887 273 446 192 231 870 843 742 290 56 513 47 359 686 634 995 403 405 689 620 933 751 659 826 721 735 803 396 878 342 107 182 648 850 370 109 622 466 409 277 189 51 213 484 19 774 
288 972 645 615 96 404 153 376 807 480 325 76 361 181 294 228 705 886 338 629 388 818 167 48 324 155 841 249 870 984 128 89 701 36 167 540 621 325 599 468 824 349 34 620 981 893 664 125 956 717 901 156 227 317 377 362 20 56 127 395 876 723 814 712 790 619 195 37 958 844 549 547 423 930 952 471 381 572 691 
393 892 980 265 390 775 856 620 359 841 996 717 904 424 990 822 746 885 449 536 673 613 138 645 430 987 462 231 654 627 354 807 489 769 665 783 828 128 610 504 927 140 576 69 176 592 736 278 295 464 342 686 912 801 32 406 652 244 721 392 279 559 560 188 52 899 543 454 148 295 276 350 187 203 435 87 564 350 705 
40 431 825 331 358 386 394 965 640 557 474 300 338 685 327 525 786 713 563 67 382 896 179 253 757 226 137 901 25 466 618 266 139 883 848 399 279 743 305 610 123 865 990 630 229 221 581 513 226 123 384 6 160 887 940 341 725 748 251 910 53 348 338 490 280 282 483 858 713 16 237 469 496 873 687 719 161 144 896 
884 923 655 458 9 458 490 434 740 598 985 306 639 194 177 184 897 733 84 532 300 36 756 110 296 534 836 565 479 111 951 369 807 870 239 10 555 54 327 710 706 313 946 47 319 952 386 123 375 708 385 242 110 913 356 36 194 525 90 609 366 102 241 510 465 937 434 550 909 932 520 711 904 324 109 801 454 240 790 
939 661 436 402 134 783 719 710 223 756 630 611 289 157 638 887 721 234 638 104 224 397 586 572 605 701 986 348 480 988 8 165 240 609 454 989 782 599 718 100 912 988 304 640 895 379 151 543 585 266 796 634 552 805 690 28 176 289 800 231 773 842 514 519 83 853 984 301 852 175 30 125 382 580 779 360 250 520 722 
67 286 42 115 86 796 540 315 902 361 901 279 700 239 559 477 748 315 201 524 175 919 765 896 97 361 51 407 483 843 253 414 874 657 89 68 150 398 338 645 660 591 823 240 29 686 187 794 725 848 235 329 300 840 635 266 241 498 81 108 698 856 504 915 724 313 471 141 521 309 296 8 77 330 233 18 473 10 382 
808 721 203 293 384 189 541 208 22 659 8 695 795 75 235 843 889 538 198 644 209 128 729 925 261 530 410 634 814 656 4 609 887 456 778 870 624 409 440 373 900 233 611 980 723 464 435 686 97 3 728 489 845 882 3 953 699 394 912 931 730 971 699 195 711 338 543 590 432 641 840 808 98 803 579 216 580 272 977 
431 418 327 112 165 906 999 545 876 146 732 539 19 688 9 47 460 104 176 114 662 851 491 662 491 226 551 768 387 31 604 228 544 36 318 357 904 217 743 13 47 514 275 963 458 839 530 848 412 643 9 337 836 414 553 384 414 435 183 547 798 450 474 11 16 679 649 487 723 321 90 367 824 988 300 145 8 96 934 
526 892 703 5 638 90 419 290 144 727 693 450 779 672 135 332 529 295 412 863 734 964 682 401 373 201 439 689 83 941 785 662 34 515 196 789 880 432 753 367 533 416 201 344 80 177 261 178 923 214 674 48 635 469 277 875 793 266 947 688 267 778 276 352 219 9 43 767 591 828 784 934 104 168 430 938 763 265 133 
66 363 347 433 748 820 109 713 336 322 121 809 668 64 430 744 374 482 798 835 381 947 896 616 137 887 423 788 646 859 561 766 182 944 808 193 4 371 501 110 849 472 224 471 18 899 913 661 320 669 123 556 175 341 627 130 703 884 701 323 878 896 951 880 564 818 973 651 542 600 851 268 428 931 62 263 268 538 788 
308 20 278 102 406 387 852 861 261 681 38 963 356 162 450 262 499 543 857 280 230 972 177 753 116 667 924 899 576 72 727 109 812 564 940 794 81 35 24 871 529 157 357 536 862 576 938 715 319 724 838 915 730 230 568 398 956 62 274 760 651 977 769 54 925 751 655 588 702 734 578 248 46 301 922 260 417 266 950 
519 253 381 128 229 207 714 636 867 622 675 461 116 135 924 529 470 591 781 304 758 84 924 344 480 189 160 924 543 317 959 280 979 252 281 647 590 14 970 206 214 178 532 782 143 452 779 285 590 483 775 854 382 851 181 868 167 693 822 627 322 170 967 848 390 668 984 291 647 990 517 212 169 646 400 468 57 66 28 
991 637 624 708 105 247 828 354 677 613 830 632 519 508 57 155 132 929 406 74 245 702 87 651 624 275 836 95 839 923 521 266 742 467 462 124 161 22 534 522 84 875 72 861 361 997 881 273 518 386 368 640 364 805 865 285 89 405 747 978 751 483 778 106 83 624 349 351 854 685 25 389 792 928 820 549 664 334 675 
891 53 755 108 345 832 220 621 82 903 533 811 783 148 923 620 662 284 756 566 317 697 282 997 139 913 493 833 888 500 925 421 313 329 427 474 845 778 313 90 890 187 357 485 592 719 179 951 204 747 496 272 791 689 911 218 613 655 664 567 815 709 780 977 953 531 787 904 908 416 174 432 853 604 405 16 668 223 449 
211 15 519 323 827 372 455 500 857 114 26 555 782 529 108 138 854 317 529 961 688 527 364 162 735 484 922 971 396 948 996 975 449 692 985 21 631 965 353 47 97 306 443 125 247 382 984 352 308 508 445 327 649 237 373 621 272 502 757 521 769 247 607 100 800 845 751 887 525 896 857 650 586 398 521 230 737 686 89 
916 268 670 319 172 235 262 444 119 498 483 374 429 143 149 38 504 464 64 211 895 995 551 582 612 5 828 628 999 364 474 615 24 349 540 597 680 558 178 71 441 269 763 100 594 39 646 275 796 594 544 140 319 380 809 248 14 873 790 692 374 169 721 259 620 343 932 969 772 723 418 96 626 817 919 255 853 864 746 
446 7 364 602 723 710 37 438 568 846 158 748 826 501 438 451 700 198 322 680 506 695 553 677 935 418 831 885 359 584 106 682 445 945 256 400 22 45 784 23 493 166 780 340 93 732 709 560 522 608 423 704 936 9 328 579 418 362 126 367 853 834 942 405 450 10 261 257 727 923 483 155 319 877 667 744 277 369 549 
1 237 441 212 858 140 386 657 525 675 737 822 29 775 843 907 459 588 723 700 909 861 1000 168 626 6 484 988 111 683 414 839 101 798 625 356 632 956 179 906 393 353 855 855 597 591 587 761 805 971 491 988 964 57 468 599 484 306 601 582 585 973 674 777 204 764 792 988 225 898 595 605 889 732 36 130 505 829 683 
160 545 432 666 92 23 417 511 190 577 956 614 289 294 405 101 917 406 207 335 869 837 86 274 706 524 796 416 437 400 391 562 281 801 849 896 903 477 359 194 623 626 539 306 206 423 843 440 906 476 895 821 384 173 430 984 655 459 10 636 843 99 791 800 714 173 584 773 970 86 418 732 641 758 560 38 508 651 413 
778 305 524 581 570 324 983 268 54 598 132 317 975 721 512 356 621 565 315 140 394 31 506 323 245 941 909 9 296 795 554 797 419 32 353 904 46 114 901 967 418 198 745 677 561 329 929 215 850 514 93 926 350 245 362 585 238 849 104 712 498 699 333 290 691 593 736 520 82 168 679 871 311 519 154 626 571 385 541 
278 326 775 322 581 890 836 269 83 917 607 726 364 819 652 442 796 194 451 587 181 101 992 227 205 258 49 661 773 924 788 556 163 497 798 802 929 412 996 475 532 100 526 543 589 948 751 259 531 361 663 448 136 119 305 427 992 484 773 316 349 172 231 647 853 195 886 462 874 974 862 972 425 746 118 395 444 547 99 
63 8 15 36 353 87 209 459 622 112 414 322 326 26 475 204 341 500 461 975 364 272 295 953 641 412 944 504 115 336 762 712 191 66 708 529 286 5 537 439 852 965 103 968 195 684 609 225 126 289 926 714 950 460 743 829 625 211 637 883 957 481 728 871 322 761 849 937 861 215 689 436 550 655 80 416 707 468 239 
609 458 315 318 782 395 725 591 891 708 57 873 335 931 127 70 607 7 470 349 457 488 55 256 962 962 263 615 969 319 33 276 753 362 730 37 203 652 275 54 929 898 755 164 180 429 506 10 464 305 15 600 411 726 139 823 401 218 108 454 363 758 731 144 835 44 598 396 353 920 703 780 929 788 355 46 323 81 619 
