56
397 11 606 280 172 146 901 211 97 197 562 542 553 664 194 784 763 981 42 940 13 923 175 795 976 346 124 232 63 664 464 538 516 111 957 357 99 508 275 841 325 226 226 690 631 397 843 774 248 688 328 2 950 575 296 910 
282 301 660 996 535 608 333 541 223 920 851 124 758 892 47 96 381 828 682 671 792 456 932 518 529 207 598 369 491 713 328 1 23 686 716 41 386 365 553 361 181 974 545 403 124 960 723 777 856 76 633 93 917 367 251 974 
652 340 379 10 434 584 959 847 344 605 683 248 721 295 236 22 206 314 757 996 53 314 430 482 710 41 488 20 477 332 450 312 939 599 55 747 117 453 886 733 595 472 345 656 690 743 166 973 571 939 289 975 362 289 488 429 
591 731 238 12 496 479 120 372 525 902 851 702 187 750 220 428 898 889 302 657 815 516 352 941 635 225 124 18 841 117 130 674 84 482 58 22 567 750 30 104 483 939 126 250 420 613 9 445 428 127 131 204 823 350 849 798 
806 100 783 79 244 382 74 167 284 15 783 521 593 443 218 622 515 573 120 912 481 9 589 511 410 362 30 519 771 749 313 240 516 444 928 85 131 453 234 998 503 753 386 822 550 637 46 877 567 484 441 526 249 226 537 866 
315 323 634 212 641 546 793 508 918 26 25 636 948 721 466 966 701 184 749 667 766 276 705 253 935 936 201 78 540 913 692 447 351 888 332 338 891 292 975 409 258 69 769 141 433 482 368 615 415 692 39 514 209 897 979 630 
937 602 73 159 802 677 830 917 294 963 821 986 80 899 589 543 178 758 377 542 281 641 294 817 468 62 416 762 984 459 725 881 495 449 120 922 740 110 304 532 384 988 678 563 857 247 891 390 454 963 95 521 236 36 267 13 
36 789 720 971 42 322 566 173 288 205 230 829 609 300 600 812 894 529 550 141 748 169 335 311 636 638 573 134 626 813 39 594 7 113 392 854 655 486 214 490 276 78 236 570 393 776 16 638 343 436 862 520 971 656 427 448 
366 694 314 539 804 547 419 120 414 994 495 242 984 103 749 833 451 141 401 160 580 633 447 496 139 732 804 996 117 172 718 411 763 515 103 434 689 943 830 439 192 881 325 247 756 710 44 760 982 281 589 936 851 903 942 740 
747 657 778 50 987 949 88 224 27 38 290 930 657 744 744 648 125 29 659 733 563 354 954 321 780 370 176 1000 828 578 67 626 661 507 687 401 795 236 873 901 751 550 973 539 605 918 185 394 525 574 487 69 925 563 31 908 
669 752 890 202 825 835 128 432 843 3 91 865 527 152 802 628 382 483 975 910 155 289 73 445 729 12 683 557 722 570 995 263 177 52 292 469 426 528 548 264 325 712 15 626 430 561 906 180 216 925 321 113 309 393 345 161 
831 488 838 472 403 126 711 612 993 901 333 410 181 547 264 377 321 858 130 525 449 880 561 254 333 61 473 830 970 159 704 543 826 536 169 411 967 807 266 354 108 475 77 903 140 980 634 155 873 170 92 601 270 755 960 920 
461 553 577 933 251 386 326 702 71 831 338 255 30 765 628 113 938 167 637 102 494 385 220 183 284 967 5 870 471 660 557 964 569 723 952 60 702 546 436 158 927 186 91 533 273 640 693 673 531 591 371 166 108 444 117 764 
250 337 894 877 659 26 586 641 56 691 551 293 605 24 425 919 659 811 612 908 623 641 734 579 432 317 985 200 556 564 374 674 339 600 509 884 275 22 535 144 267 679 660 207 224 18 221 898 466 696 963 645 552 479 837 462 
808 88 639 130 576 58 413 305 56 932 260 773 829 134 850 159 528 833 345 482 373 826 64 310 421 916 946 926 956 619 332 714 899 617 331 654 647 548 980 529 72 926 667 399 275 764 509 880 321 88 933 127 902 375 363 771 
378 564 576 713 563 707 891 440 306 87 775 203 929 372 386 691 963 845 64 275 956 743 495 962 61 460 1000 732 418 194 220 954 603 9 645 205 662 65 992 175 915 257 970 722 15 913 640 846 354 481 677 384 457 464 80 357 
620 358 19 827 929 586 373 809 447 860 729 34 868 964 541 287 224 426 940 761 8 891 453 874 52 563 833 365 496 781 560 858 375 397 389 188 619 991 310 690 455 852 173 369 5 364 49 272 792 495 54 570 100 723 400 904 
793 985 404 957 379 384 16 304 573 105 318 869 513 785 917 740 161 666 768 873 434 146 165 490 660 770 294 196 163 872 652 31 849 845 783 85 817 584 927 319 870 354 622 56 90 72 932 904 399 964 378 258 850 124 647 598 
946 2 918 816 550 546 542 527 652 343 961 415 531 222 653 975 362 793 934 708 94 93 810 940 1000 428 699 204 93 956 289 139 724 495 534 708 691 409 88 296 883 653 122 482 903 608 315 577 689 932 805 393 910 831 879 154 
221 105 612 136 187 194 50 225 625 713 660 922 581 438 545 435 397 577 426 734 151 160 615 796 308 813 891 272 416 326 212 921 444 36 948 316 588 76 842 921 562 177 538 313 153 376 201 646 562 258 266 803 50 421 187 48 
18 340 136 607 574 226 823 746 655 699 483 459 169 972 314 9 541 462 887 74 680 119 904 523 923 912 768 458 297 424 623 997 532 527 861 272 967 188 762 355 141 960 794 346 257 993 961 947 908 472 771 571 811 739 887 434 
566 164 966 434 434 207 913 324 232 472 217 795 900 251 5 878 470 842 695 258 940 499 199 814 127 511 951 758 889 213 989 273 789 20 4 331 839 52 819 916 944 630 828 446 652 495 54 946 347 18 780 116 531 899 108 267 
516 772 841 90 995 515 58 562 472 970 752 46 215 502 444 797 643 249 366 923 303 865 279 528 467 830 880 15 677 703 9 585 213 734 915 808 79 487 326 60 285 462 796 513 107 358 588 143 897 810 192 809 597 887 135 799 
614 440 68 548 418 393 757 848 297 981 356 686 447 353 626 647 646 454 975 886 873 490 131 851 619 16 377 352 790 115 878 694 908 503 390 225 906 865 200 832 328 122 805 646 914 567 85 820 786 668 121 356 235 948 154 951 
832 235 305 329 539 717 925 552 254 44 368 176 174 333 82 529 938 155 901 607 128 475 719 466 625 991 379 596 376 395 784 197 320 363 568 746 723 411 699 938 307 837 410 984 684 863 180 732 192 810 652 786 218 828 896 49 
75 935 788 852 289 464 741 413 603 961 855 565 406 7 904 694 339 140 578 921 702 398 941 864 449 854 210 301 823 651 713 137 913 660 76 718 580 233 450 957 937 115 853 962 940 264 764 187 70 200 506 980 772 562 565 141 
261 272 935 730 39 326 489 306 130 287 683 330 187 656 957 303 283 819 402 663 158 382 799 529 85 257 985 248 116 516 36 636 500 830 604 32 882 247 264 741 374 767 394 606 454 76 728 778 216 433 870 902 83 985 362 160 
823 184 367 213 200 723 787 755 775 266 768 192 33 93 886 985 254 540 872 20 171 198 379 687 656 395 530 774 259 58 548 345 404 852 780 827 759 63 16 740 141 859 715 648 227 768 556 711 601 719 581 939 276 773 420 564 
924 579 229 671 647 496 853 731 700 813 489 267 9 328 45 127 366 570 214 218 112 129 921 557 151 767 617 659 991 912 773 779 211 736 767 250 877 699 198 382 752 915 581 611 743 998 290 306 754 222 496 893 840 871 517 605 
968 884 316 620 791 586 429 851 837 362 200 725 319 844 558 290 975 327 368 477 567 274 733 743 10 886 433 266 804 66 784 886 908 950 375 895 401 952 116 893 90 770 625 450 437 153 197 144 833 544 66 57 75 243 152 701 
173 149 625 703 82 162 275 224 396 341 833 803 191 172 962 943 3 271 113 873 869 188 219 623 710 726 828 581 427 801 586 4 563 848 88 638 380 920 325 780 559 66 683 280 519 556 40 107 110 817 256 976 425 829 657 759 
879 129 845 811 925 5 100 564 437 473 951 62 642 987 782 288 853 276 395 967 644 987 485 816 173 1000 822 865 560 154 701 432 578 162 893 666 715 670 708 566 193 839 413 672 826 923 230 454 23 587 571 710 435 710 377 126 
904 301 532 267 66 757 369 787 130 208 437 563 700 404 836 697 793 42 402 42 934 808 926 414 307 256 850 879 814 743 421 910 429 926 817 118 607 885 565 431 716 555 915 180 336 999 899 597 596 98 631 182 685 731 221 982 
923 609 472 713 579 173 663 119 374 405 829 491 424 170 655 436 202 275 849 319 544 439 497 843 251 368 363 779 591 714 619 664 47 600 454 349 421 336 129 265 250 362 480 240 452 396 969 586 442 585 238 595 234 77 879 937 
972 203 302 714 133 247 809 171 933 661 411 569 113 112 299 340 505 483 243 399 659 884 962 114 830 612 891 120 112 32 516 265 945 619 672 537 30 538 69 175 631 646 655 879 737 950 499 609 68 818 997 912 805 65 42 987 
886 740 446 87 90 632 368 579 201 640 9 130 250 513 609 373 500 301 90 607 339 665 779 199 386 894 222 249 843 563 978 253 168 889 425 55 166 230 427 77 597 875 170 356 449 854 260 84 116 265 445 847 146 497 618 686 
307 431 302 900 932 467 185 697 462 276 236 688 894 105 574 105 747 635 570 848 804 712 431 252 775 426 534 225 211 798 320 78 863 6 110 856 904 591 967 85 951 956 661 682 241 721 496 942 117 456 345 604 418 488 768 309 
270 201 159 236 192 825 973 840 615 986 405 381 64 129 196 491 428 761 190 214 247 894 641 36 227 251 112 570 675 508 513 576 880 284 360 792 415 353 602 403 401 59 275 932 354 904 576 522 923 907 150 786 41 9 409 91 
323 418 341 961 47 766 401 379 549 221 199 29 587 694 942 55 487 321 360 467 336 789 740 571 806 163 365 288 317 112 289 732 879 399 234 530 63 933 753 56 110 411 366 380 673 552 793 236 569 549 837 548 642 63 727 316 
60 216 163 480 637 469 424 486 238 273 615 243 465 49 535 239 298 191 524 220 835 312 740 531 837 221 129 239 718 598 177 271 950 794 305 928 161 56 662 1 304 49 610 766 647 187 301 62 865 192 865 325 591 285 797 810 
877 603 220 330 166 306 987 563 826 689 782 122 615 31 675 638 669 405 269 210 753 10 610 343 603 734 950 647 512 591 742 628 856 639 102 871 393 995 460 761 26 278 450 77 497 164 808 116 574 943 679 200 637 366 591 401 
720 497 970 995 187 942 983 54 966 231 664 757 815 338 276 431 789 176 261 177 622 990 779 259 26 663 560 982 157 903 250 500 9 585 733 232 578 331 150 145 64 893 760 828 584 974 419 551 124 271 232 271 342 77 894 107 
881 499 113 342 464 94 965 545 605 495 175 350 700 733 901 246 877 944 481 693 509 639 306 976 245 571 338 614 346 130 265 620 355 493 576 15 927 618 911 847 180 738 41 614 265 436 875 764 101 16 64 662 933 637 351 507 
778 501 539 822 784 91 778 679 977 420 807 298 536 547 873 238 911 746 9 998 297 624 360 772 424 614 471 241 424 977 724 823 602 715 812 599 634 714 3 179 674 808 822 357 277 793 762 262 588 232 154 408 205 234 940 212 
607 993 524 741 599 338 697 179 645 640 315 138 392 815 651 240 206 505 995 162 973 589 593 111 437 35 193 148 732 569 104 814 120 433 578 251 232 424 348 314 156 921 402 542 560 896 987 423 173 944 424 320 680 981 201 18 
714 395 407 648 486 965 651 809 805 454 22 258 93 972 431 665 886 327 920 923 124 943 905 78 712 868 460 224 55 155 783 374 801 760 837 862 115 502 205 870 686 593 698 234 645 324 769 266 355 555 774 577 387 755 583 127 
46 237 55 112 33 391 301 123 404 378 74 197 308 525 863 363 209 816 660 827 241 618 442 84 435 276 859 608 933 892 340 689 519 923 290 618 830 951 442 762 442 434 775 461 32 233 143 554 640 693 735 613 720 790 147 55 
439 179 702 361 195 283 760 853 4 255 603 333 574 917 838 578 283 383 994 334 943 234 399 994 778 824 48 689 601 102 522 611 942 286 826 107 923 494 100 482 27 824 828 298 962 512 753 467 143 33 45 913 801 480 799 603 
279 71 320 926 935 220 369 545 152 439 748 423 903 280 943 360 190 366 877 407 232 577 124 285 31 345 439 997 735 764 717 702 112 956 16 972 71 527 48 64 61 261 94 411 919 934 217 807 476 153 476 646 771 742 158 265 
594 565 464 370 488 549 339 402 236 310 855 364 275 151 773 232 86 489 951 49 945 697 722 287 974 10 147 942 248 977 751 309 136 743 641 552 252 763 1000 239 643 837 166 605 282 108 554 313 42 313 319 520 23 586 627 609 
546 320 857 392 656 809 47 211 898 791 121 440 555 798 860 693 133 514 339 807 708 279 886 676 441 799 622 672 864 728 579 532 634 763 86 306 12 78 207 963 527 851 376 633 822 47 15 165 98 332 672 122 873 127 545 32 
315 538 405 370 196 43 626 416 21 28 306 726 827 145 702 723 326 349 454 947 164 781 850 246 851 875 732 526 306 636 732 397 697 923 715 13 148 812 560 758 220 153 990 787 390 329 732 757 834 372 972 639 757 512 540 568 
831 567 968 516 166 311 46 963 858 288 608 801 758 874 702 788 118 4 865 506 659 782 865 640 952 56 536 587 65 608 797 419 743 809 738 123 269 22 639 323 534 691 812 510 685 77 899 404 362 588 659 913 684 40 134 932 
66 602 212 449 185 334 126 704 929 247 532 371 680 963 623 108 821 651 592 765 854 805 367 246 619 754 877 138 904 840 810 90 559 104 960 176 268 217 309 246 823 644 277 365 573 318 158 926 880 729 315 637 98 178 314 632 
134 733 38 164 55 173 829 257 311 52 850 225 418 105 876 581 792 541 630 360 574 349 533 129 653 419 837 430 450 453 957 876 285 564 118 264 34 535 551 449 507 485 820 251 827 702 515 141 116 467 805 100 498 962 923 790 
111 731 143 440 845 581 190 345 975 850 565 996 720 350 401 954 313 300 757 534 328 417 832 151 228 927 892 65 786 836 632 44 347 872 711 139 499 394 831 175 516 540 939 666 897 699 706 364 155 888 709 354 56 753 5 601 
