25
616 839 708 610 136 210 351 589 80 841 402 254 578 354 392 786 375 638 484 317 594 569 820 100 11 
316 120 939 725 915 592 481 840 336 92 983 160 654 881 205 308 670 923 469 168 573 997 550 275 492 
370 714 882 399 48 648 131 951 120 195 563 40 104 16 465 355 505 164 760 389 512 965 817 423 433 
548 398 452 7 841 608 158 846 678 707 848 650 531 717 797 461 985 250 520 621 327 466 98 403 73 
922 56 661 203 31 970 44 618 334 493 543 523 247 570 71 482 293 981 873 261 184 630 551 871 883 
683 143 341 606 605 746 516 84 390 166 401 486 913 333 831 911 690 204 581 23 170 229 149 760 101 
61 575 524 187 190 612 44 130 990 315 642 642 919 279 65 232 821 318 543 124 931 68 818 802 270 
518 96 613 672 368 349 495 542 568 545 275 651 704 119 444 915 591 56 747 521 769 870 12 49 331 
969 1 278 736 69 414 110 422 946 171 377 801 331 710 357 616 344 646 421 379 228 681 453 435 303 
527 496 178 669 844 266 102 685 362 239 163 162 836 202 998 590 749 670 138 162 399 801 111 552 132 
204 238 801 217 268 990 215 350 204 562 124 591 385 881 409 750 524 125 257 526 508 437 803 473 105 
490 667 956 322 813 193 678 216 496 672 396 609 129 217 304 982 274 974 925 581 331 431 397 735 879 
792 147 163 770 681 818 178 354 421 60 609 387 179 883 842 913 1000 443 371 834 411 454 757 777 960 
743 310 157 854 447 728 271 937 916 344 48 184 541 47 464 376 103 620 984 759 387 777 33 90 733 
482 171 119 231 209 95 196 212 892 725 718 789 269 583 627 535 881 316 177 283 570 326 244 261 253 
868 972 118 661 185 812 458 734 675 12 987 850 669 496 492 184 973 504 838 976 775 278 78 928 136 
498 933 2 699 801 87 516 712 450 149 598 912 416 875 655 338 99 50 809 674 895 551 505 812 314 
986 440 469 914 384 212 915 862 570 639 808 552 44 511 819 649 159 213 62 813 599 326 745 139 677 
837 926 958 222 175 243 174 754 845 163 816 566 238 181 178 754 106 243 712 4 680 645 442 28 705 
668 3 606 938 311 44 571 718 705 151 688 898 216 492 309 928 440 815 486 772 790 432 606 794 406 
209 264 782 854 436 684 34 464 419 160 76 796 958 628 597 91 64 181 19 445 946 451 959 668 591 
410 360 7 150 61 591 544 572 102 905 206 663 744 440 948 444 502 570 456 497 336 928 301 244 701 
664 625 970 852 692 520 616 897 881 263 550 551 65 138 800 96 745 566 419 375 964 519 30 918 678 
412 6 928 729 494 304 728 780 285 643 336 767 339 259 164 72 414 976 924 129 554 173 501 87 445 
233 737 917 506 601 26 783 295 820 235 511 382 550 895 388 119 189 752 198 117 847 857 443 941 26 
