522
67713 41869 33836 -55981 48202 73097 25228 68204 -36409 53282 -18112 27557 -90146 -51410 94032 -19631 84572 -17401 -96923 93364 57340 651 -2401 -1461 51373 53199 -47225 -49093 -23113 -65826 43632 -51039 32479 -17794 -76774 92308 -67028 23587 93409 -42196 -12614 -78703 96134 67153 95445 99595 46853 -5170 24723 -11609 28312 -32142 -23248 28123 -10519 -46756 -92881 -44646 15061 -80756 -50838 8998 -43565 36119 90821 -80166 11184 -66486 -97177 78278 49294 -2590 -58495 -28113 852 59762 -85652 -92147 36511 89991 11573 -19780 792 6920 -66975 21403 76003 71236 8703 -22392 -23879 70015 -84066 46390 37068 -31264 -2390 27238 99874 94110 -45279 32134 23675 -3878 -7035 -41090 -42939 53101 488 -78084 -3945 -8011 -6270 -24148 -89351 95275 -29375 36537 -99762 60544 -62125 -17687 -99333 7934 -54247 -424 -21804 39029 -73500 48441 66998 44167 21884 -38769 73214 -63052 16024 -87839 24021 79243 -590 -56080 1713 57697 -63373 -19810 -27390 23490 -23707 47025 -44006 32662 -68714 -55409 6249 50090 68051 -15413 -55204 -45592 92303 63297 -1210 -57725 2969 -1336 -29140 -72981 19059 96012 -79738 970 -16794 75323 -22311 -63767 89348 -67778 -46960 56817 -96469 25422 14049 36945 -67980 70342 98837 -86795 34294 -4265 -14331 33561 72343 52055 98952 -71189 60872 10459 -7512 -11981 57756 -78228 -28044 37397 -69980 -27527 -51966 22661 -16694 13759 -59976 86539 -47703 17098 31709 -62497 -70998 -57608 59799 -1904 -35574 -73860 121 42284 -48130 3429 -28987 99450 -34686 -64474 -59269 -93852 -31699 58230 -19988 -92451 -92420 53873 -87915 -28859 42360 21191 98507 -9780 52220 25887 -73623 14407 73354 -15152 9092 -59266 93833 72566 -73311 -48915 46435 34108 -17038 -6116 -5829 -52859 -60789 41799 3118 25011 13013 -11128 57505 3853 9763 -78720 738 51928 46440 79258 -97461 -14931 80060 -75349 64876 -58628 -33607 -78987 -15642 -73934 93629 87970 84768 -54573 21509 12875 36071 61262 -90953 -9354 -75443 34265 14061 -83977 -11527 25395 -39978 13318 -9389 -20531 78289 -75559 -57576 99727 85082 38053 -44997 -58424 -68226 39111 72776 -46207 90155 -41166 -27850 -5478 81012 -873 -76890 -23510 -57194 19657 47727 63512 -71113 73043 89630 90136 51993 61558 -88579 44647 -56290 90100 -77954 -81010 -74968 2238 1119 -70328 3541 -9650 51934 64069 -88114 -57973 -9974 42412 -97702 80170 15476 7944 -82771 55788 -65828 -17084 92971 61003 -87378 56005 12798 -17015 -72930 -456 22954 22427 6559 46999 28361 -28782 -27185 -68630 9777 -38948 -34435 56042 -98057 -76582 57087 12215 93757 -30281 48600 -16568 53526 -88654 18007 -32139 46725 5880 -40055 62551 4760 -13878 -81211 -52124 16427 23134 -62437 -77510 -46914 -25068 -85450 96718 -6697 -76360 38029 -60046 96398 91217 8365 61047 -74411 -3093 -94385 1632 -19815 -87808 -60908 67244 78059 -93285 12783 -97764 -44496 -55536 -79439 -90357 41609 -70322 86460 6736 23705 -91676 30643 46476 63956 -1169 71901 8560 -52847 -39090 65961 -45823 14953 -19708 -31685 16356 -90487 -24759 -35413 -2173 -94071 44740 -18341 -31320 55421 9143 -84719 -99989 -11043 -56922 87284 -40436 -56504 -54556 49968 71427 -85066 41371 69627 52592 -23762 -65851 3680 16174 -1311 -57350 -20255 31707 1702 59449 90762 34542 -8000 -40612 6927 -59133 14338 -12593 39281 5854 82618 84863 -24862 93639 -48082 -4137 74989 25071 -11978 -36773 -19011 -37707 -99281 -93045 -73866 66581 -71136 -79292 44762 -67595 5646 -20961 8838 -25524 
162 305
470 63
90 207
407 435
181 487
429 57
406 20
484 162
143 39
47 120
370 65
58 414
264 270
171 489
251 48
16 348
433 383
445 488
144 343
359 346
121 163
339 20
263 499
394 341
195 521
199 155
78 271
360 515
377 336
447 454
219 54
154 22
391 19
117 29
435 478
209 443
132 280
81 32
493 270
319 333
217 435
163 234
243 357
161 431
234 262
179 31
509 353
383 20
151 218
429 434
136 28
334 442
32 115
425 102
82 479
384 284
339 317
272 129
109 390
12 323
46 221
132 193
458 409
145 134
57 367
171 309
139 382
380 86
72 36
353 348
484 38
498 264
303 448
302 344
214 486
105 109
115 447
168 516
446 516
330 50
227 260
311 378
390 173
65 487
45 133
213 206
314 476
81 113
75 252
20 516
353 65
234 81
392 329
33 362
103 301
305 93
403 109
340 449
46 209
496 49
437 213
260 353
141 473
147 46
354 451
37 196
333 390
445 300
453 14
318 454
504 207
113 382
249 231
247 327
332 388
65 131
270 481
278 133
286 96
321 92
90 168
345 306
14 385
364 160
398 220
76 471
2 348
12 53
337 368
370 298
461 404
496 370
183 444
87 229
241 234
68 371
387 496
260 80
192 11
79 144
259 367
155 235
475 24
169 348
428 101
211 229
83 276
259 452
505 459
406 140
362 477
324 76
194 65
506 156
312 305
221 85
110 231
267 159
116 178
402 260
517 23
339 125
68 243
488 352
124 133
368 404
418 199
27 248
192 518
200 100
517 301
170 445
417 101
189 321
291 177
399 116
258 316
215 462
172 179
19 22
119 349
489 481
469 208
6 255
291 239
391 312
259 223
92 254
9 236
434 437
138 339
510 200
253 10
397 84
452 337
391 510
358 387
398 124
502 373
76 55
132 342
61 346
476 291
442 137
384 498
468 327
128 191
179 62
305 304
257 295
139 205
460 207
497 331
469 56
64 53
65 204
303 348
163 197
33 205
127 334
9 340
71 207
274 83
384 510
275 489
9 518
333 400
166 121
187 239
515 371
30 362
414 84
405 45
73 67
190 355
86 29
500 227
442 108
203 443
295 160
75 253
385 481
483 273
87 99
81 469
347 499
326 169
394 253
476 237
138 196
409 297
273 220
78 320
201 227
117 100
426 195
69 209
470 8
131 138
296 47
262 123
122 42
306 131
41 337
460 136
519 79
282 18
276 132
477 265
68 132
488 71
293 112
117 213
192 457
215 489
115 40
23 4
328 441
421 90
92 166
480 225
469 14
95 166
71 1
292 126
171 518
160 410
56 106
521 152
322 24
470 181
7 292
331 478
391 499
460 158
359 78
410 104
164 202
38 348
150 56
144 266
368 25
293 89
107 86
365 125
306 393
249 330
238 396
334 344
130 10
279 219
296 269
59 248
220 123
35 403
112 472
424 373
155 202
361 3
490 289
278 230
325 483
173 436
62 97
239 473
450 319
44 58
333 355
471 97
381 513
440 10
125 515
175 407
328 116
522 118
206 211
175 193
334 397
360 349
491 437
26 51
411 198
228 420
467 261
132 64
69 20
359 205
96 194
163 186
359 143
55 436
212 97
245 89
505 44
409 74
249 430
246 272
277 359
190 228
512 450
29 161
463 89
426 50
437 308
165 443
373 279
301 493
513 105
178 312
39 249
151 255
62 140
45 111
507 251
267 24
521 224
270 442
371 253
202 387
92 307
181 17
210 221
278 379
180 413
250 238
59 94
473 483
352 456
410 499
168 519
336 58
81 36
128 21
328 148
465 324
374 331
503 366
383 134
157 363
274 439
482 465
460 21
271 198
294 393
490 493
210 26
387 269
334 73
268 405
461 94
392 189
217 283
198 310
77 225
92 251
256 457
415 176
500 74
327 491
135 147
315 233
508 44
396 422
231 245
183 406
430 233
427 330
153 443
163 501
378 517
461 503
507 174
47 176
19 258
380 6
224 101
132 335
387 423
58 373
76 416
510 43
7 258
395 381
396 467
28 232
354 178
149 221
19 156
321 432
69 77
3 270
34 203
146 17
408 423
514 353
427 376
297 18
485 521
377 42
8 338
479 484
425 85
114 303
507 464
287 324
167 239
299 475
5 325
91 477
386 293
475 275
259 396
260 182
288 2
314 413
90 98
20 351
356 354
420 419
363 152
129 141
112 214
180 492
16 401
242 381
38 184
233 495
188 374
142 290
25 216
403 52
455 426
251 412
185 141
127 281
372 140
522 169
124 375
290 466
88 186
313 115
332 178
142 351
237 389
369 261
203 474
13 310
240 274
285 25
1 222
494 196
15 158
350 68
118 520
378 226
60 437
438 499
511 435
244 508
397 66
70 507
