100
854664258
1360117961
193618389
366783581
76500789
1776314619
1156644688
1468286477
1954613899
571284025
1226309913
168626134
183691920
1583233179
779451065
1647468697
652194727
1159251051
1230397706
1858990763
502882500
810722471
375291068
1924525652
1613473266
326078850
211620052
833618000
818586319
1822365411
1260124456
370156626
902223115
1483777764
639921380
1472155517
1559083757
42439764
1456060679
683053801
1346008526
1173959990
64692967
1051693604
196280475
1891332416
1831790249
410751406
1513882199
4286557
581738954
543487355
1045411991
353546539
1632516505
1617483637
304075268
1846928254
530971066
1183199736
217310428
423654107
1920736932
1447285332
1108156786
1493312766
298872868
1220238159
179125418
771949652
1642999768
926551968
1844739710
1376139905
123606965
694961269
1433700475
923978460
1978396802
1144262638
508904516
1555949806
1014183002
1582432159
1063326222
969714423
723969326
275205906
963696419
1745638505
398374721
1505207875
740843615
920859755
1981685674
312039458
1778648246
1914881111
805736149
1377054997
