100
1326187504
1138672172
1522581493
1650158954
383439221
671458132
1249003060
1195325623
1909210982
1737604181
233949064
1344043736
1104384365
1978362371
1529887894
553244458
1626943175
1776841956
1132612310
1738464254
1914591429
1906276274
1596510995
831297816
487330126
1944593883
1658384364
1497506352
1381562715
843419140
1416629335
1039480180
1024362362
183327874
1556344345
1990148612
1722388045
1623728607
344216654
506607221
900896520
1910565211
1172664807
1121786703
1560986613
1706952552
1703476263
359294351
1662018291
1995847725
1250708774
1640629542
1354694643
1329266181
1932363342
525561719
1899019130
155589629
484873953
195400157
1370816803
1902503001
1361853040
113348643
369101338
1297446671
87804773
541360906
1687593889
1724872778
777367931
88916678
1419755919
1216478952
1412078656
1250930049
1883833547
1948011261
888577434
437780951
479567318
171108430
1008867391
1756443993
446677823
1981964503
622011963
1625582346
1574524972
1454062406
207743854
1025330661
937443031
140740989
235555851
1227878228
329365263
1601051412
399177499
131189178
