100
1139980814
1698886343
36571886
1452291197
1644803100
984611856
1181091709
23953879
1640815479
222572461
1656643014
531569123
1012729744
1635265400
1327847094
592429447
1496359020
1633009152
191773963
867979674
556097829
707998984
1076819930
1820585322
1135106665
1913072646
312069385
47739191
691631353
1244157605
1298097110
968374453
816013356
947090243
1742927694
1936531854
326152297
986313075
847599831
1590890974
1341708720
283891837
672470695
1897009845
738587154
22451673
1966495306
1022387865
1774825524
380160952
1435411231
1218915329
14502353
419646331
1320425692
754648027
883663413
1208193081
868178438
1406765063
467569858
677847358
1216070266
386147801
505226095
1111818374
1406264807
1233105051
1652844868
877489478
1326729809
1904311304
1746167007
1735582308
1180302992
745164499
1540049650
289171706
1301768399
534977822
1017493698
396941015
1708506381
1973867267
873242282
1281450237
319497119
1396836111
1478539926
265553444
1524559788
1994309826
735799944
1338683702
1098771888
966876944
976165655
419053521
1860394489
1513566946
