100
158260522
877914575
602436426
24979445
1861648772
623690081
433933447
476190629
262703497
1211047202
971407775
628894325
731963982
1822804784
450968417
1430302156
982631932
1161735902
1880895728
923078537
707723857
1189330739
1910286918
1802329211
1404539679
303238506
1317063340
1492686568
773361868
125660016
650287940
839296263
1462224593
1492601449
384836991
191890310
1576823355
1782177068
404011431
1818008580
1954291757
160449218
155374934
840594328
164163676
797829355
138996221
1501899080
353195922
545531545
910748511
350034067
913575467
1470338674
824284691
1533206504
180999835
31262034
138344965
1677959980
131381221
1846045895
1208032501
346948152
973708325
1506147731
893229302
1816248153
1298309896
1037119022
455797489
215208399
190870607
1189766466
554374432
137831502
1694053968
47628333
1469187475
1409233792
1810900084
888987010
799979694
1087027328
1575207354
421624712
1666538409
1871216480
1597902643
509928121
1727751951
14723492
265804420
1569328197
1234828607
807497925
1360472167
1537560717
1613363438
889089200
