100
1444687788
1202710076
296901378
1245402483
862773211
610607964
907212485
278609930
707678577
664785583
1935076228
1318677657
1809065135
603896671
448242685
1659288151
1919065195
1792491338
1720187581
1603709546
755189903
1822568836
507077801
751608433
999262359
612811986
814947193
1548177147
1639748119
1012922927
1627881528
292855310
495229747
1230869323
1828294
1745446305
1828117798
1678939399
1433293654
616751649
1386425020
852830714
1747368688
1748431088
1832107735
305210607
183444464
911816417
1576360685
603166565
740155781
886335166
846414216
1536335885
679118131
1325240258
1356682437
130056528
975232337
608441376
1840906454
175667143
471709580
691146618
1679600256
1821562049
1242260322
43222378
1897088413
464293056
577871016
1670256636
738597788
1077987836
873542149
1375000114
1349048828
1434476254
1896826741
463664767
718590164
1268117638
197664966
1173262669
858408270
1758648646
1041984542
1644609399
1993059368
556549925
818821235
986067151
1540020274
57504350
1226169361
1286008473
1554641106
1059874782
145244952
304368142
