100
1182076035
1332667337
1330942460
1701348059
935604049
1514398709
1846356995
75794847
112154974
944502381
1035553226
582042224
674323809
1914664943
1586393025
1770781527
169848610
971728495
525232298
1700264655
412205567
1493495698
1956085790
1226888778
1700869995
1329369908
1868619016
568112300
127542633
1396743650
1706422312
1961445582
1876888853
1966816097
1842228881
1043738620
1957766427
1963973925
1829389355
82565240
1288875070
1721977050
1491824178
1356038133
1985526739
1484740319
1754884533
664015388
359199299
1328655558
1761757720
1869370122
638270861
144887766
1200555922
1286741456
94257601
32618377
1503860144
420528882
224728966
18988046
1637617104
186508009
1156416149
141418696
906492327
521447585
1970538555
1360286413
185404859
1608915963
1007858139
1232543591
1070804970
1412598860
152617834
190645911
1061026274
1237894876
1439260145
1044833677
1846242214
1102685545
1580041743
1122530609
1806308879
58187937
1050253940
648474782
1434804553
1025871531
385019495
1451046817
416006994
38573471
1522508865
72502590
204213886
862211593
