100
1741106986
1846216104
1325976483
1076823620
1279509806
242790881
9676858
1792345559
1322056553
632488502
444723554
70422962
1027172325
1026697435
1040309279
1992120464
751627327
499482549
277429832
1736386595
1471708200
1940778720
1417787658
306890639
248789992
1849130
1203226467
1672298989
938207958
1331602581
313746600
206347466
1864661473
1149811929
1787179775
316412581
1803189770
927999455
1116383718
1441504628
1174616807
673419335
1374281898
1198091552
286986530
1599715811
702179569
441414148
1527003384
1080656954
893508913
1110880114
519216315
1233703686
1370689334
1209550382
846701392
1214278326
1574671008
1936333553
889270962
1989214957
121514850
1989248231
1935422061
954621185
219371588
909664305
394002980
1887357564
1317441890
988670052
414068747
1922390943
1067181740
1901347593
1602287469
528977370
383612516
817020443
1753396007
1081469525
83003299
1101430412
1092357163
801006699
318863571
1099958976
1258387455
1458482217
1969793590
770179343
713114427
1091883220
73141342
1087104584
1192884239
1008454496
1327965875
269122601
