-879 335
1000
-1832 -1641
-1763 -1613
-1982 -1603
-1754 -1680
-1991 -1858
-1858 -1852
-1823 -1636
-1757 -1756
-1748 -1729
-1633 -1606
-1892 -1855
-1708 -1648
-1812 -1605
-1791 -1724
-1851 -1775
-1994 -1679
-1738 -1731
-2000 -1891
-1993 -1961
-1816 -1745
-1465 -1412
-1468 -1439
-1634 -1483
-1795 -1685
-1553 -1401
-1529 -1499
-1633 -1447
-1452 -1440
-1720 -1430
-1572 -1527
-1613 -1563
-1458 -1416
-1799 -1504
-1445 -1415
-1508 -1501
-1526 -1524
-1760 -1662
-1687 -1445
-1410 -1403
-1485 -1418
-1258 -1204
-1444 -1206
-1202 -1200
-1480 -1215
-1321 -1258
-1208 -1203
-1380 -1211
-1516 -1223
-1236 -1213
-1385 -1245
-1289 -1254
-1241 -1224
-1251 -1247
-1538 -1477
-1536 -1204
-1524 -1446
-1558 -1421
-1298 -1294
-1216 -1211
-1517 -1302
-1065 -1026
-1310 -1138
-1260 -1110
-1074 -1025
-1036 -1036
-1135 -1025
-1049 -1030
-1169 -1102
-1145 -1011
-1210 -1022
-1283 -1258
-1227 -1119
-1358 -1270
-1263 -1079
-1047 -1021
-1388 -1260
-1381 -1344
-1372 -1065
-1025 -1018
-1038 -1007
-1049 -989
-1042 -1039
-1118 -849
-1088 -876
-1103 -917
-945 -834
-1161 -883
-1070 -952
-1095 -929
-812 -808
-951 -845
-1015 -869
-1138 -989
-1079 -890
-1199 -1173
-1181 -1002
-1023 -849
-1058 -912
-822 -801
-1140 -995
-801 -636
-953 -795
-668 -614
-858 -766
-865 -631
-674 -672
-680 -677
-929 -648
-633 -620
-861 -707
-826 -782
-739 -637
-997 -755
-732 -632
-846 -626
-961 -960
-667 -606
-962 -716
-661 -654
-703 -650
-786 -686
-410 -410
-445 -423
-436 -410
-688 -446
-491 -438
-645 -626
-766 -592
-467 -455
-702 -487
-740 -729
-686 -643
-795 -699
-716 -618
-781 -585
-724 -484
-631 -413
-530 -439
-648 -528
-666 -472
-329 -281
-304 -296
-514 -251
-502 -216
-337 -295
-327 -210
-244 -204
-339 -266
-321 -294
-301 -228
-253 -236
-201 -201
-557 -243
-480 -236
-502 -416
-543 -450
-282 -271
-487 -253
-583 -291
-217 -204
-241 -165
-120 -34
-263 -63
-168 -64
-381 -158
-228 -167
-22 -8
-123 -49
-43 -8
-191 -89
-125 -64
-181 -144
-222 -45
-189 -69
-240 -107
-344 -93
-247 -195
-384 -292
-219 -62
-290 -234
-135 23
-30 83
83 190
-31 89
-69 -63
-73 150
198 199
110 179
-87 -22
-34 151
-197 158
-102 123
158 163
-38 37
-142 -95
-147 -92
-150 -98
-163 -123
108 184
7 183
127 242
341 370
361 382
64 184
354 362
7 338
226 243
15 352
124 370
277 343
61 376
307 338
133 137
189 261
90 271
336 378
74 271
318 380
64 359
146 348
504 543
497 524
321 395
438 499
411 570
537 588
579 589
302 567
263 345
217 482
375 444
507 515
308 407
337 363
315 316
287 297
439 453
389 586
533 540
331 468
627 644
634 744
432 704
522 526
632 799
418 604
507 695
745 784
656 783
640 747
477 640
718 779
451 737
633 688
577 594
745 761
597 698
612 662
493 566
425 555
663 699
782 802
824 868
897 961
839 965
915 959
630 781
651 964
696 941
807 968
893 957
935 946
722 928
806 937
698 877
858 945
694 841
764 951
704 920
900 970
942 969
1083 1180
984 1039
846 940
1063 1091
829 1145
1137 1189
1060 1094
866 1092
1118 1188
1056 1196
949 1024
807 917
1020 1126
990 1152
1112 1125
1068 1101
873 1156
880 1086
993 1093
1089 1325
1341 1388
1162 1183
1141 1333
1162 1233
1195 1349
1355 1363
1269 1330
1145 1340
1345 1356
1134 1137
1156 1252
1212 1362
1358 1366
1259 1341
1266 1315
1215 1375
1295 1347
1030 1281
1198 1375
1540 1544
1336 1379
1222 1420
1558 1560
1246 1496
1385 1585
1597 1600
1243 1512
1459 1516
1257 1524
1360 1491
1261 1428
1443 1530
1503 1530
1222 1427
1542 1559
1319 1519
1413 1426
1492 1530
1471 1552
1417 1430
1730 1782
1742 1760
1494 1643
1622 1782
1571 1714
1643 1798
1684 1778
1647 1794
1580 1627
1416 1456
1462 1659
1678 1679
1482 1785
1624 1762
1523 1533
1593 1619
1719 1743
1595 1729
1521 1761
1757 1775
1927 1953
1891 1939
1773 1776
1752 1758
1728 1824
1855 1912
1913 1974
1731 1780
1630 1799
1812 1946
1890 1992
1662 1754
1645 1845
1710 1815
1993 1995
1994 1994
1998 1998
1873 1958
1926 1930
1978 2033
1919 2014
2110 2140
1836 1921
2028 2142
2034 2167
1966 2103
2196 2196
1865 2076
2048 2111
2162 2190
2091 2172
2152 2168
1880 2198
1933 2006
1915 1949
1833 2154
1954 2018
1837 1951
1981 2000
2398 2398
2048 2268
2032 2172
2076 2351
2335 2357
2348 2364
2033 2226
2155 2228
2352 2398
2186 2205
2218 2223
2209 2344
2153 2321
2293 2304
2179 2255
2088 2226
2240 2318
2301 2355
2288 2372
2307 2396
2574 2578
2290 2295
2292 2474
2536 2595
2290 2506
2453 2482
2512 2576
2454 2500
2377 2414
2469 2568
2505 2589
2433 2559
2567 2567
2444 2581
2520 2561
2532 2584
2463 2568
2571 2594
2261 2585
2559 2586
2441 2663
2748 2786
2641 2660
2746 2773
2457 2551
2576 2644
2490 2662
2571 2726
2451 2554
2547 2721
2602 2648
2417 2724
2598 2665
2658 2785
2435 2471
2643 2758
2677 2779
2421 2550
2666 2759
2629 2739
2626 2751
2668 2968
2955 2961
2790 2921
2651 2662
2879 2931
2890 2942
2642 2762
2708 2843
2698 2971
2723 2823
2826 2863
2814 2937
2873 2910
2783 2867
2955 2984
2937 2994
2778 2858
2812 2962
2826 2940
2883 3000
3070 3085
2987 2997
2922 3067
2965 3047
2805 2972
2913 2987
3053 3142
3186 3198
2816 3041
2803 2965
3077 3199
2990 3010
3064 3164
2950 3113
3002 3122
2867 3035
3066 3139
3046 3154
3123 3140
3125 3291
3325 3370
3388 3400
3121 3125
3041 3061
3304 3378
3162 3309
3107 3335
3255 3271
3232 3301
3362 3400
3187 3312
3001 3281
3208 3317
3389 3390
3384 3385
3058 3334
3171 3213
3361 3375
3379 3394
3573 3578
3554 3571
3470 3550
3405 3528
3293 3463
3312 3521
3567 3570
3487 3529
3490 3564
3531 3582
3298 3592
3262 3561
3596 3599
3346 3445
3523 3591
3567 3575
3564 3588
3336 3464
3455 3490
3496 3558
3598 3774
3408 3756
3723 3743
3463 3640
3400 3489
3526 3631
3413 3444
3709 3800
3427 3652
3459 3492
3454 3557
3571 3782
3777 3795
3528 3705
3711 3738
3535 3551
3408 3592
3786 3800
3713 3758
3757 3772
3715 3780
3621 3902
3827 3859
3927 3948
3840 3942
3631 3883
3897 3984
3655 3809
3897 3959
3786 3797
3815 3880
3757 3766
3670 3813
3915 3918
3699 3711
3701 3745
3892 3906
3926 3960
3799 3947
3892 3922
4000 4144
3930 4041
4067 4166
3906 4067
3981 3993
3984 4089
4010 4162
3885 4082
4150 4192
3996 4184
4091 4131
4021 4060
4111 4177
3800 3939
4104 4197
4053 4102
4116 4130
4141 4145
4138 4163
4113 4190
4346 4392
4291 4305
4038 4290
4258 4269
4209 4233
4156 4294
4199 4351
4230 4324
4220 4315
4083 4260
4396 4396
4264 4394
4353 4370
4078 4394
4126 4286
4183 4198
4264 4278
4205 4265
4377 4390
4312 4339
4324 4392
4202 4583
4425 4481
4292 4575
4264 4327
4457 4590
4465 4592
4467 4490
4218 4270
4324 4574
4532 4555
4520 4537
4512 4523
4308 4319
4401 4504
4361 4398
4286 4377
4278 4486
4504 4525
4568 4591
4692 4783
4612 4653
4465 4761
4502 4520
4692 4706
4561 4677
4779 4800
4485 4699
4422 4767
4641 4726
4592 4701
4524 4721
4758 4768
4751 4781
4603 4790
4699 4729
4541 4543
4769 4785
4454 4777
4719 4768
4901 4928
4954 5000
4667 4880
4837 4975
4831 4924
4699 4779
4875 4991
4800 4839
4905 4974
4778 4938
4682 4903
4617 4752
4712 4833
4911 4956
4943 4977
4695 4709
4843 4846
4909 4979
4617 4965
4670 4955
5072 5155
4890 5016
5077 5176
5027 5140
4818 4886
4903 5194
5132 5145
4966 5000
4877 4953
5057 5153
5012 5125
4984 5125
5052 5126
5110 5191
4859 4871
4823 4893
4919 4957
4946 5119
4844 5075
4867 4879
5183 5383
5238 5306
5050 5304
5225 5349
5396 5397
5099 5277
5160 5332
5087 5131
5292 5302
5078 5148
5128 5228
5333 5351
5204 5214
5370 5392
5332 5336
5231 5281
5153 5303
5151 5153
5290 5301
5310 5360
5397 5461
5266 5304
5463 5517
5508 5553
5385 5483
5567 5570
5300 5531
5301 5412
5536 5594
5578 5589
5283 5476
5518 5562
5551 5584
5310 5492
5423 5477
5327 5523
5358 5389
5581 5591
5224 5579
5452 5549
5795 5800
5482 5740
5575 5723
5446 5473
5712 5751
5788 5798
5534 5725
5791 5799
5454 5714
5449 5782
5515 5715
5519 5526
5696 5727
5442 5730
5477 5684
5590 5727
5748 5787
5742 5770
5758 5790
5520 5598
5717 5849
5800 5882
5774 5813
5902 5954
5851 5994
5898 5981
5648 5808
5943 5995
5975 5999
5648 5947
5888 5931
5675 5786
5820 5972
5824 5901
5828 5918
5897 5931
5897 5910
5931 5966
5660 5920
5945 5974
5853 6168
6181 6185
6056 6148
6071 6158
5877 5926
5834 5951
6069 6163
6165 6190
6148 6160
5989 6168
6049 6091
5858 6002
5970 6015
5926 5986
6126 6132
6122 6132
6188 6190
6020 6046
6140 6144
5862 5904
6249 6359
6096 6224
6088 6302
6101 6335
6219 6304
6225 6390
6347 6374
6266 6304
6027 6061
6393 6395
6084 6099
6359 6360
6082 6287
6358 6378
6222 6250
6397 6399
6160 6210
6213 6276
6377 6392
6220 6292
6336 6421
6361 6441
6341 6434
6285 6418
6232 6451
6295 6586
6239 6476
6439 6513
6516 6568
6516 6540
6575 6575
6458 6470
6395 6473
6380 6541
6593 6600
6243 6473
6202 6363
6306 6452
6454 6469
6458 6542
6444 6574
6625 6667
6688 6784
6594 6595
6752 6766
6713 6753
6465 6517
6776 6793
6639 6732
6644 6670
6468 6537
6603 6710
6737 6757
6665 6731
6597 6738
6794 6795
6727 6746
6691 6695
6721 6731
6648 6787
6673 6814
6925 6995
6853 6910
6915 6971
6849 6965
6776 6799
6895 6924
6606 6684
6880 6972
6814 6996
6759 6812
6840 6978
6675 6812
6933 6976
6657 6677
6768 6793
6682 6962
6674 6998
6849 6877
6660 6941
7033 7192
6926 7088
6907 7172
6825 7152
7018 7095
7137 7162
6981 7051
6844 6966
6879 7177
6893 7168
6844 6877
6820 7090
6860 7019
6843 6917
6805 7093
6917 6922
7015 7022
7134 7157
7005 7017
7020 7082
7363 7375
7288 7335
7332 7363
7042 7183
7378 7379
7357 7382
7311 7351
7326 7357
7210 7304
7056 7131
7214 7315
7159 7166
7239 7373
7131 7204
7271 7358
7384 7397
7150 7397
7214 7275
7036 7326
7028 7194
7232 7498
7542 7583
7453 7484
7572 7582
7423 7460
7511 7566
7503 7568
7260 7479
7250 7356
7550 7555
7313 7575
7272 7373
7345 7569
7579 7597
7253 7586
7592 7596
7582 7600
7276 7336
7234 7452
7425 7515
7539 7684
7618 7622
7434 7659
7419 7659
7480 7605
7503 7508
7569 7652
7421 7770
7567 7642
7455 7507
7529 7589
7800 7800
7684 7797
7706 7792
7627 7666
7494 7709
7731 7784
7761 7762
7449 7689
7727 7738
7852 7891
7903 7972
7819 7921
7865 7915
7982 8000
7837 7881
7868 7883
7711 7996
7782 7791
7968 7985
7690 7949
7732 7893
7902 7978
7867 7985
7751 7981
7990 7990
7898 7958
7952 7988
7945 7958
7754 7860
8094 8102
8164 8188
8107 8181
7912 8103
7813 7888
8154 8169
8124 8181
7942 8127
7968 8081
8107 8108
7927 8098
7926 8072
7947 8138
7909 7928
8100 8122
8145 8170
8023 8081
8174 8175
7894 8024
7981 8144
