2904 9711
1000
-19832 -19641
-19763 -19613
-19782 -19403
-19554 -19480
-19591 -19458
-19458 -19452
-19223 -19036
-19157 -19156
-18948 -18929
-18833 -18806
-18892 -18855
-18708 -18648
-18612 -18405
-18591 -18524
-18451 -18375
-18594 -18279
-18138 -18131
-18400 -18291
-18193 -18161
-18016 -17945
-17665 -17612
-17668 -17639
-17634 -17483
-17795 -17685
-17353 -17201
-17329 -17299
-17233 -17047
-17052 -17040
-17120 -16830
-16972 -16927
-16813 -16763
-16658 -16616
-16799 -16504
-16445 -16415
-16308 -16301
-16326 -16324
-16360 -16262
-16287 -16045
-15810 -15803
-15885 -15818
-15658 -15604
-15844 -15606
-15402 -15400
-15680 -15415
-15321 -15258
-15208 -15203
-15180 -15011
-15316 -15023
-14836 -14813
-14985 -14845
-14689 -14654
-14641 -14624
-14451 -14447
-14738 -14677
-14536 -14204
-14524 -14446
-14358 -14221
-14098 -14094
-13816 -13811
-14117 -13902
-13665 -13626
-13910 -13738
-13660 -13510
-13474 -13425
-13236 -13236
-13335 -13225
-13049 -13030
-13169 -13102
-12945 -12811
-13010 -12822
-12883 -12858
-12827 -12719
-12758 -12670
-12663 -12479
-12247 -12221
-12588 -12460
-12381 -12344
-12372 -12065
-11825 -11818
-11838 -11807
-11849 -11789
-11842 -11839
-11718 -11449
-11688 -11476
-11503 -11317
-11345 -11234
-11361 -11083
-11270 -11152
-11095 -10929
-10812 -10808
-10751 -10645
-10815 -10669
-10738 -10589
-10679 -10490
-10599 -10573
-10581 -10402
-10223 -10049
-10258 -10112
-9822 -9801
-10140 -9995
-9801 -9636
-9953 -9795
-9468 -9414
-9658 -9566
-9465 -9231
-9274 -9272
-9080 -9077
-9329 -9048
-8833 -8820
-9061 -8907
-8826 -8782
-8739 -8637
-8797 -8555
-8532 -8432
-8446 -8226
-8561 -8560
-8067 -8006
-8362 -8116
-7861 -7854
-7903 -7850
-7986 -7886
-7610 -7610
-7445 -7423
-7436 -7410
-7488 -7246
-7291 -7238
-7245 -7226
-7366 -7192
-6867 -6855
-7102 -6887
-6940 -6929
-6886 -6843
-6795 -6699
-6716 -6618
-6581 -6385
-6524 -6284
-6231 -6013
-6130 -6039
-6048 -5928
-6066 -5872
-5729 -5681
-5704 -5696
-5714 -5451
-5702 -5416
-5337 -5295
-5327 -5210
-5044 -5004
-5139 -5066
-4921 -4894
-4901 -4828
-4653 -4636
-4601 -4601
-4757 -4443
-4680 -4436
-4502 -4416
-4543 -4450
-4082 -4071
-4287 -4053
-4183 -3891
-3817 -3804
-3841 -3765
-3720 -3634
-3663 -3463
-3568 -3464
-3581 -3358
-3428 -3367
-3022 -3008
-3123 -3049
-2843 -2808
-2991 -2889
-2725 -2664
-2781 -2744
-2622 -2445
-2589 -2469
-2440 -2307
-2544 -2293
-2247 -2195
-2384 -2292
-2019 -1862
-2090 -2034
-1935 -1777
-1830 -1717
-1517 -1410
-1631 -1511
-1469 -1463
-1473 -1250
-1002 -1001
-1090 -1021
-1087 -1022
-1034 -849
-997 -642
-902 -677
-442 -437
-638 -563
-542 -495
-547 -492
-350 -298
-363 -323
108 184
7 183
127 242
341 370
561 582
264 384
754 762
407 738
826 843
615 952
924 1170
1077 1143
1061 1376
1307 1338
1333 1337
1389 1461
1490 1671
1736 1778
1674 1871
1918 1980
1864 2159
1946 2148
2304 2343
2297 2324
2321 2395
2438 2499
2611 2770
2737 2788
2979 2989
2702 2967
2863 2945
2817 3082
3175 3244
3307 3315
3308 3407
3337 3363
3515 3516
3487 3497
3839 3853
3789 3986
4133 4140
3931 4068
4227 4244
4234 4344
4232 4504
4322 4326
4632 4799
4418 4604
4707 4895
4945 4984
5056 5183
5040 5147
5077 5240
5318 5379
5251 5537
5433 5488
5577 5594
5745 5761
5797 5898
5812 5862
5893 5966
5825 5955
6063 6099
6182 6202
6424 6468
6497 6561
6639 6765
6715 6759
6630 6781
6651 6964
6896 7141
7007 7168
7293 7357
7335 7346
7322 7528
7406 7537
7498 7677
7658 7745
7694 7841
7764 7951
7904 8120
8100 8170
8142 8169
8283 8380
8384 8439
8246 8340
8663 8691
8429 8745
8937 8989
8860 8894
8866 9092
9118 9188
9256 9396
9149 9224
9207 9317
9420 9526
9590 9752
9712 9725
9868 9901
9673 9956
9880 10086
9993 10093
10089 10325
10341 10388
10362 10383
10341 10533
10562 10633
10595 10749
10955 10963
10869 10930
10945 11140
11145 11156
11134 11137
11156 11252
11412 11562
11558 11566
11659 11741
11666 11715
11815 11975
11895 11947
11830 12081
11998 12175
12340 12344
12136 12179
12222 12420
12558 12560
12446 12696
12585 12785
12997 13000
12643 12912
13059 13116
12857 13124
13160 13291
13061 13228
13443 13530
13503 13530
13422 13627
13742 13759
13719 13919
13813 13826
14092 14130
14071 14152
14017 14030
14330 14382
14542 14560
14294 14443
14622 14782
14571 14714
14843 14998
14884 14978
15047 15194
14980 15027
15016 15056
15062 15259
15478 15479
15282 15585
15624 15762
15523 15533
15793 15819
15919 15943
15995 16129
15921 16161
16157 16175
16327 16353
16491 16539
16373 16376
16552 16558
16528 16624
16855 16912
16913 16974
16931 16980
16830 16999
17212 17346
17290 17392
17262 17354
17245 17445
17510 17615
17793 17795
17994 17994
17998 17998
18073 18158
18126 18130
18178 18233
18119 18214
18510 18540
18236 18321
18628 18742
18634 18767
18766 18903
18996 18996
18865 19076
19048 19111
19362 19390
19291 19372
19552 19568
19280 19598
19533 19606
19515 19549
19633 19954
19754 19818
19837 19951
19981 20000
20398 20398
20048 20268
20232 20372
20276 20551
20735 20757
20748 20764
20633 20826
20755 20828
21152 21198
20986 21005
21218 21223
21209 21344
21353 21521
21493 21504
21579 21655
21488 21626
21840 21918
21901 21955
22088 22172
22107 22196
22374 22378
22090 22095
22292 22474
22536 22595
22490 22706
22653 22682
22912 22976
22854 22900
22977 23014
23069 23168
23305 23389
23233 23359
23567 23567
23444 23581
23720 23761
23732 23784
23863 23968
23971 23994
23861 24185
24159 24186
24041 24263
24348 24386
24441 24460
24546 24573
24457 24551
24576 24644
24690 24862
24771 24926
24851 24954
24947 25121
25202 25248
25017 25324
25398 25465
25458 25585
25435 25471
25643 25758
25877 25979
25621 25750
26066 26159
26029 26139
26026 26151
26068 26368
26555 26561
26390 26521
26451 26462
26679 26731
26890 26942
26642 26762
26908 27043
26898 27171
27123 27223
27226 27263
27414 27537
27473 27510
27583 27667
27755 27784
27937 27994
27778 27858
28012 28162
28026 28140
28083 28200
28270 28285
28387 28397
28322 28467
28565 28647
28405 28572
28713 28787
28853 28942
29186 29198
28816 29041
29003 29165
29277 29399
29390 29410
29464 29564
29550 29713
29602 29722
29667 29835
29866 29939
30046 30154
30123 30140
30125 30291
30325 30370
30588 30600
30321 30325
30441 30461
30704 30778
30762 30909
30707 30935
31055 31071
31032 31101
31362 31400
31187 31312
31201 31481
31408 31517
31789 31790
31784 31785
31658 31934
31771 31813
32161 32175
32179 32194
32373 32378
32354 32371
32470 32550
32405 32528
32493 32663
32512 32721
32967 32970
32887 32929
33090 33164
33131 33182
33098 33392
33062 33361
33596 33599
33346 33445
33723 33791
33767 33775
33964 33988
33736 33864
34055 34090
34096 34158
34198 34374
34008 34356
34523 34543
34263 34440
34400 34489
34526 34631
34613 34644
34909 35000
34827 35052
34859 34892
35054 35157
35171 35382
35577 35595
35328 35505
35711 35738
35535 35551
35608 35792
35986 36000
36113 36158
36157 36172
36115 36180
36021 36302
36427 36459
36527 36548
36640 36742
36431 36683
36897 36984
36655 36809
37097 37159
36986 36997
37215 37280
37157 37166
37270 37413
37515 37518
37499 37511
37501 37545
37892 37906
37926 37960
37999 38147
38092 38122
38200 38344
38130 38241
38467 38566
38306 38467
38581 38593
38584 38689
38810 38962
38685 38882
39150 39192
38996 39184
39291 39331
39221 39260
39511 39577
39200 39339
39704 39797
39653 39702
39916 39930
39941 39945
40138 40163
40113 40190
40346 40392
40291 40305
40238 40490
40458 40469
40609 40633
40556 40694
40799 40951
40830 40924
41020 41115
40883 41060
41396 41396
41264 41394
41553 41570
41278 41594
41526 41686
41583 41598
41864 41878
41805 41865
42177 42190
42112 42139
42124 42192
42002 42383
42425 42481
42292 42575
42464 42527
42657 42790
42865 42992
42867 42890
42818 42870
42924 43174
43332 43355
43320 43337
43512 43523
43308 43319
43601 43704
43561 43598
43686 43777
43678 43886
44104 44125
44168 44191
44292 44383
44212 44253
44265 44561
44302 44320
44692 44706
44561 44677
44979 45000
44685 44899
44822 45167
45041 45126
45192 45301
45124 45321
45558 45568
45551 45581
45603 45790
45699 45729
45741 45743
45969 45985
45854 46177
46119 46168
46301 46328
46354 46400
46267 46480
46437 46575
46631 46724
46499 46579
46875 46991
46800 46839
47105 47174
46978 47138
47082 47303
47017 47152
47312 47433
47511 47556
47743 47777
47495 47509
47843 47846
47909 47979
47817 48165
47870 48155
48272 48355
48090 48216
48477 48576
48427 48540
48418 48486
48503 48794
48932 48945
48766 48800
48877 48953
49057 49153
49212 49325
49184 49325
49452 49526
49510 49591
49459 49471
49423 49493
49719 49757
49746 49919
49844 50075
49867 49879
50183 50383
50238 50306
50250 50504
50425 50549
50796 50797
50499 50677
50760 50932
50687 50731
51092 51102
50878 50948
51128 51228
51333 51351
51404 51414
51570 51592
51732 51736
51631 51681
51753 51903
51751 51753
52090 52101
52110 52160
52197 52261
52066 52104
52463 52517
52508 52553
52585 52683
52767 52770
52700 52931
52701 52812
53136 53194
53178 53189
53083 53276
53318 53362
53551 53584
53310 53492
53623 53677
53527 53723
53758 53789
53981 53991
53824 54179
54052 54149
54395 54400
54082 54340
54375 54523
54246 54273
54712 54751
54788 54798
54734 54925
54991 54999
54854 55114
54849 55182
55115 55315
55119 55126
55496 55527
55242 55530
55477 55684
55590 55727
55948 55987
55942 55970
56158 56190
55920 55998
56117 56249
56200 56282
56374 56413
56502 56554
56651 56794
56698 56781
56648 56808
56943 56995
57175 57199
56848 57147
57288 57331
57075 57186
57420 57572
57424 57501
57628 57718
57697 57731
57897 57910
57931 57966
57860 58120
58145 58174
58053 58368
58381 58385
58456 58548
58471 58558
58477 58526
58434 58551
58869 58963
58965 58990
59148 59160
58989 59168
59249 59291
59058 59202
59370 59415
59326 59386
59726 59732
59722 59732
59988 59990
59820 59846
60140 60144
59862 59904
60249 60359
60096 60224
60288 60502
60301 60535
60619 60704
60625 60790
60947 60974
60866 60904
60827 60861
61193 61195
61084 61099
61359 61360
61282 61487
61558 61578
61622 61650
61797 61799
61760 61810
61813 61876
62177 62192
62020 62092
62136 62221
62161 62241
62341 62434
62285 62418
62432 62651
62495 62786
62639 62876
62839 62913
63116 63168
63116 63140
63375 63375
63258 63270
63395 63473
63380 63541
63793 63800
63443 63673
63602 63763
63706 63852
64054 64069
64058 64142
64044 64174
64225 64267
64488 64584
64394 64395
64752 64766
64713 64753
64665 64717
64976 64993
65039 65132
65044 65070
65068 65137
65203 65310
65537 65557
65465 65531
65597 65738
65794 65795
65927 65946
65891 65895
66121 66131
66048 66187
66073 66214
66325 66395
66453 66510
66515 66571
66649 66765
66576 66599
66895 66924
66606 66684
67080 67172
67014 67196
67159 67212
67240 67378
67275 67412
67533 67576
67457 67477
67568 67593
67682 67962
67674 67998
68049 68077
67860 68141
68233 68392
68126 68288
68307 68572
68225 68552
68618 68695
68737 68762
68781 68851
68644 68766
68879 69177
68893 69168
69044 69077
69020 69290
69260 69419
69243 69317
69405 69693
69517 69522
69815 69822
69934 69957
70005 70017
70020 70082
70363 70375
70288 70335
70532 70563
70242 70383
70778 70779
70757 70782
70911 70951
70926 70957
71010 71104
70856 70931
71214 71315
71159 71166
71439 71573
71331 71404
71671 71758
71784 71797
71750 71997
71814 71875
71836 72126
71828 71994
72032 72298
72342 72383
72453 72484
72572 72582
72623 72660
72711 72766
72903 72968
72660 72879
72850 72956
73150 73155
73113 73375
73072 73173
73345 73569
73579 73597
73453 73786
73792 73796
73982 74000
73676 73736
73834 74052
74025 74115
74139 74284
74218 74222
74234 74459
74219 74459
74480 74605
74503 74508
74769 74852
74621 74970
74967 75042
74855 74907
75129 75189
75400 75400
75484 75597
75506 75592
75627 75666
75494 75709
75931 75984
75961 75962
75849 76089
76127 76138
76252 76291
76303 76372
76419 76521
76465 76515
76782 76800
76637 76681
76868 76883
76711 76996
76982 76991
77168 77185
77090 77349
77132 77293
77502 77578
77467 77585
77551 77781
77790 77790
77898 77958
77952 77988
78145 78158
77954 78060
78294 78302
78364 78388
78507 78581
78312 78503
78413 78488
78754 78769
78924 78981
78742 78927
78968 79081
79107 79108
79127 79298
79126 79272
79347 79538
79309 79328
79700 79722
79745 79770
79823 79881
79974 79975
79894 80024
79981 80144
