2904 9711
1000
-16791 -16140
-17762 -17161
-18628 -16719
-16107 -16101
-17552 -16292
-19907 -18775
-16555 -16268
-16439 -16072
-18173 -17605
-19023 -18890
-19245 -17879
-19782 -19091
-19039 -16532
-16394 -16220
-16988 -16909
-18116 -16336
-18684 -18130
-16722 -16708
-19350 -17094
-19951 -16458
-14040 -14032
-16962 -15211
-17614 -14833
-17876 -15902
-17989 -14253
-15582 -14747
-17559 -14845
-14354 -14290
-17829 -17489
-17492 -15089
-14773 -14707
-17523 -16174
-15604 -15414
-14146 -14095
-14106 -14017
-17157 -16242
-17424 -16182
-17435 -14265
-15901 -15522
-17295 -15970
-14954 -13586
-12645 -12341
-14563 -13741
-15325 -14179
-15022 -14405
-12348 -12083
-14676 -12368
-12832 -12497
-15298 -13194
-14300 -12459
-12631 -12498
-12684 -12682
-15927 -13591
-12254 -12241
-13918 -13484
-14154 -13946
-12800 -12099
-15754 -13683
-12355 -12192
-15901 -13486
-12445 -11428
-12382 -11584
-12525 -10542
-10634 -10580
-13966 -10066
-10918 -10111
-11941 -10730
-12798 -12115
-10476 -10150
-10379 -10262
-13283 -10230
-10149 -10131
-12504 -11711
-13321 -12367
-11676 -10168
-11207 -10178
-12376 -10544
-10572 -10168
-12585 -11658
-13066 -12916
-11699 -8839
-11896 -9868
-10558 -10053
-9775 -9246
-9663 -8117
-8804 -8400
-11878 -10784
-8406 -8124
-11999 -11993
-11246 -10252
-9270 -8174
-8108 -8038
-9180 -9097
-9624 -8910
-10959 -10053
-11387 -11254
-9826 -8714
-8254 -8075
-11244 -11187
-10106 -8297
-7591 -6460
-7557 -6909
-6969 -6427
-8678 -8409
-9917 -9441
-6181 -6112
-7470 -7367
-7263 -7086
-8617 -7652
-8936 -8749
-6219 -6002
-9960 -8786
-9536 -6139
-9441 -8347
-8124 -6419
-7157 -6256
-6483 -6218
-8814 -6264
-7472 -6855
-8402 -8198
-5181 -4259
-4302 -4271
-5369 -4743
-6420 -6163
-4724 -4034
-7792 -6142
-5883 -5186
-4825 -4791
-6672 -6505
-4613 -4154
-6372 -5705
-7987 -5823
-5387 -4111
-6542 -6503
-7027 -4011
-5505 -4387
-4390 -4143
-4044 -4034
-5446 -5266
-7974 -7894
-5502 -4028
-5486 -3505
-4131 -3933
-3894 -3810
-4478 -3886
-5084 -3336
-5522 -4093
-5783 -2854
-5316 -4855
-3935 -2322
-4685 -2304
-4840 -3608
-2206 -2140
-4885 -2156
-5176 -4505
-3654 -2071
-3775 -2772
-4150 -3250
-2298 -2105
-5704 -2685
-643 -7
-498 -447
-2869 -1057
-3010 -826
-2486 -383
-2266 -1295
-1614 -1578
-181 -157
-1055 -624
-665 -35
-346 -316
-2822 -6
-1022 -93
-3296 -1266
-3636 -1335
-574 -208
-64 -22
-2674 -2537
-3984 -3412
-2169 -1384
-1218 1631
1958 1985
1343 1980
370 1140
667 1625
407 1734
634 642
156 899
627 1166
801 1581
-552 1557
-1363 307
-1159 1046
-1055 1404
800 1442
674 1683
-1203 -845
1397 1981
-686 -675
1690 1716
929 994
1408 3023
3451 3942
3639 3861
1417 1941
3745 3764
2945 3056
1987 3230
2230 3567
2404 2547
1100 3104
2902 2952
456 3630
222 974
2371 3966
3005 3954
3924 3953
1517 1750
3204 3566
958 3880
2399 4747
5012 5490
2930 3755
5369 5705
3421 5620
2463 3576
3668 5009
5504 5739
5184 5927
3692 4594
5180 5297
3332 5741
5620 5660
5597 5931
3860 5196
2466 2610
5565 5891
2168 4415
2530 4192
2603 5280
6920 7114
7001 7773
5779 6452
7624 7987
7152 7950
5430 7255
5397 6509
7121 7800
6836 7063
4929 7378
4320 6931
4675 6365
6949 7645
7062 7291
7912 7925
7048 7289
7679 7694
6098 6878
6994 7651
5529 7171
7384 9291
8857 9823
8507 9091
7103 9391
6264 6528
8526 8841
7589 8022
9153 9850
9232 9996
6183 8222
8783 9021
9215 9304
8159 9934
7473 8325
8120 8131
6607 9614
8666 9786
8784 9609
8892 9367
8547 8962
10922 11434
8997 11350
10243 10825
9211 10145
10210 11261
10455 10637
8472 9057
10065 10493
9194 10652
8102 9293
9251 10086
9033 9948
10791 11123
8459 10851
8700 10548
8368 11333
8933 10042
8330 9614
10263 11948
11054 11679
11242 12155
10493 11652
10767 13865
11768 13735
11420 11536
11628 12102
10238 10532
13336 13626
11282 11635
11307 13936
12499 12574
13258 13874
11989 12559
13940 13954
12263 13449
10021 13280
11150 11254
10072 10856
12249 13502
13528 13749
15453 15563
13785 14993
15222 15941
15976 15979
13112 14936
15285 15969
13560 15662
13557 15174
13755 14506
14609 15652
12898 15545
12354 13828
12667 15874
14134 14293
13602 13698
15843 15953
12029 13771
15427 15658
13708 14270
13574 13923
17138 17857
16196 16591
16089 17627
16565 17085
16344 16726
17563 17570
17370 17554
14441 14629
16451 17788
14545 17490
15481 16571
16625 17045
15693 16045
17486 17743
15791 17015
15780 15940
16033 17755
17737 17813
16194 17635
14688 17237
16328 18702
19613 19845
16832 16977
18327 18948
16236 19332
16531 19574
17281 18438
16063 19380
19283 19914
18322 19102
19401 19535
19321 19664
18968 19627
17012 19401
17036 18386
18721 18771
17989 19565
18332 18965
17015 19798
17679 18580
19070 21955
20356 21062
20327 20459
18554 19424
19525 21672
21894 21908
19770 19795
21407 21945
18374 20271
19654 21387
18223 20020
20455 21558
20237 21184
19669 20079
19980 20163
20793 21529
19927 21662
19479 19894
21469 21471
18617 19516
21119 22407
22140 23001
21865 23478
23251 23976
21974 23991
20701 22825
22189 23358
22964 23295
23959 23991
22235 23054
20992 22182
21587 22894
21765 23105
20055 21868
20019 22903
21819 22951
21428 21668
21234 23230
20826 22645
20922 21681
24440 24923
22393 25045
24828 25793
25819 25930
23435 25285
24229 24470
24036 25911
22265 25016
25996 25996
22666 25114
25456 25779
24357 25275
24054 25852
23025 25451
22955 25139
23061 24910
24706 25084
23764 24965
23084 24592
25761 25974
24342 26941
24591 27589
24781 27280
27885 27965
25539 26547
24200 26917
24140 27800
24107 24612
25117 25164
27476 27768
24446 27196
24976 26685
26065 26486
25927 27564
25204 27846
26352 27251
27406 27810
24106 24140
26894 27743
26675 27821
29091 29856
29019 29784
28600 28983
26415 28747
27255 29358
28854 29917
26380 27326
29461 29954
26653 27532
27334 27400
27743 28939
27393 28807
26518 28342
26080 28676
26029 26123
29871 29932
29374 29505
28384 29408
27422 27645
28065 28144
29421 31098
31597 31817
29451 29689
30681 31531
31864 31966
30182 31796
31578 31787
30721 30874
30576 31818
28424 30147
30547 31257
29469 31963
29421 31372
29752 31866
29067 30623
31300 31532
31404 31659
31862 31974
30664 31765
28531 30252
30872 32778
33856 33899
31480 33357
30802 33599
32148 32167
30715 33297
33036 33605
33401 33593
32429 32939
30987 32451
30413 32245
33062 33305
30236 32041
32318 33671
33153 33634
30272 32223
33734 33923
31702 32215
32161 32415
30601 32978
32403 35670
35744 35950
32265 34349
32189 35952
32283 34147
34778 34799
34135 34276
34522 35122
34508 34707
33879 35856
35905 35983
34697 35518
33612 34385
35812 35968
34672 35028
32533 32677
35604 35663
32828 34846
32200 32755
35406 35783
36957 37568
34408 35942
36787 37935
34033 37716
37368 37542
36345 37875
36390 37766
37634 37906
37848 37852
35096 35199
34593 37768
37370 37711
36834 37581
34794 35826
37287 37530
37691 37813
37138 37720
37884 37988
37677 37942
34333 37392
37275 38260
39387 39994
39262 39538
36439 39656
39371 39935
38061 38103
38353 39232
39297 39305
36901 39643
36422 37540
36224 39214
36704 38182
37283 38130
39327 39382
37711 39977
37434 37712
37255 39697
36624 36686
36527 38773
36957 36981
40430 40965
40598 41285
41107 41962
41850 41963
41847 41859
41108 41405
40082 41046
41391 41636
39114 39496
40416 41449
40613 40713
40886 41680
40924 41848
38355 41645
40127 40909
39868 40831
40523 41181
40472 40942
41621 41860
41448 41810
41956 42962
41249 41553
41843 42569
42372 43287
42009 43209
43131 43479
40018 42249
40822 43007
40505 42627
41307 41520
43925 43988
40333 41592
43369 43802
42904 42919
40904 43330
42141 43218
42483 43888
41749 43477
40528 40680
41275 42794
43221 45537
43162 44768
44708 45140
44251 45327
45988 45990
44695 45982
44595 45142
45054 45662
42196 43786
43083 44497
45342 45398
42113 42616
42545 45333
44626 45822
43631 45864
44840 45147
44747 45915
43810 44940
42364 44069
42994 43572
44185 47358
44259 46669
46731 47545
46916 47785
47288 47797
47157 47557
46003 46484
47577 47631
47860 47934
44800 45260
47495 47582
46891 47359
47458 47661
44233 46625
45173 47810
45228 47263
45721 46343
46457 46841
47459 47555
47051 47536
46225 48068
47839 47885
47847 48574
47832 47866
49029 49324
47913 49157
47668 49804
46195 48956
49887 49896
46389 47752
46395 48017
49138 49880
46534 48847
48155 48290
49152 49896
48406 49678
48875 49984
49862 49943
47641 48405
48170 48336
51234 51784
48448 49749
51221 51940
50793 51414
49468 49802
49470 51601
49647 49718
50180 51307
49130 49755
48457 51969
48080 50017
48024 48795
50233 51789
50960 51570
48666 51422
49013 51639
48345 48615
49574 49957
49018 49971
48886 49266
51186 52496
52258 53291
53621 53993
50116 53517
53295 53344
53681 53935
53483 53634
51110 53794
52338 52428
51943 53590
50521 53678
52524 52796
50689 50811
52586 53778
50118 52989
50455 50847
53920 53954
53858 53923
51427 52443
51816 51988
54094 54728
55833 55958
52812 55155
54949 54966
55803 55991
52973 53326
55693 55931
52805 53776
55198 55479
54298 55387
55471 55982
54409 55104
53475 53706
55761 55997
55003 55843
52975 55921
53700 55963
54223 55743
55362 55620
55131 55204
57355 57380
55934 57804
55712 56602
56854 57056
55168 55286
54361 54618
54090 54091
56437 57525
56412 56885
55153 57086
56668 56734
57484 57820
56922 57271
56203 56978
55682 56243
54630 57890
56563 57472
55158 55750
57483 57884
55672 56925
59483 59577
59237 59341
58054 59800
58626 58898
59566 59634
59940 59984
59057 59393
58254 58676
59174 59822
57582 58384
59201 59519
57504 58986
59264 59980
56262 57770
58322 58976
56974 59801
59163 59732
58661 59996
58459 59088
59649 59718
61902 61986
59907 60279
58692 58697
58410 60803
61262 61418
61804 61958
59428 60297
61079 61176
60642 61141
58453 58504
59359 60727
59520 61784
61332 61719
60460 61850
60703 61191
58500 61959
58448 61137
58866 60136
61116 61549
60721 60971
62492 63910
61083 63113
60297 60645
61536 63365
62663 63508
61968 62797
63978 63999
60169 61129
61450 62916
60813 62203
61113 61311
60270 63358
63996 63997
62448 63443
63579 63888
60756 63348
62595 62728
63573 63772
62759 63368
61784 62222
64363 65105
63409 64833
64207 65730
64688 65093
62460 62635
62996 63689
62524 63271
62315 62907
64494 65578
63709 64044
62850 63117
62533 64028
64699 64767
62144 62507
62471 62830
63608 64015
62607 63733
62197 64330
64487 64749
64865 65852
64331 67913
67569 67739
64656 65258
65409 65824
66508 67187
66506 67045
66328 67059
65675 67919
64139 67640
66954 67020
64731 65700
67551 67910
67123 67149
67001 67859
66780 67623
66789 67523
67755 67778
67831 67945
65576 66656
65139 67321
68472 69855
66240 69461
69501 69998
67478 67649
68443 68901
66897 67607
68798 69616
68127 69840
69268 69400
69939 69978
67400 68133
67962 68498
66611 67632
66192 67765
69438 69969
67304 68309
68777 69774
69628 69970
69803 69817
68079 68670
71519 71994
69637 71511
68100 68847
68204 70781
68410 68820
69631 71858
71585 71779
70580 70975
69302 69698
68635 69702
68661 69051
71268 71297
69715 70322
71511 71871
70010 71596
70589 71130
71752 71975
70139 71156
70761 71501
70293 71396
72063 73367
73570 73974
71982 73606
71325 71880
73370 73513
72026 73263
72742 73867
71907 73279
71743 72358
72737 72761
71296 73666
72086 72365
73989 73997
70220 71507
72578 73408
72747 73262
70293 72395
72313 72414
70571 71231
71994 73336
75147 75976
73924 75438
74286 75525
75884 75888
73318 74463
74934 75477
75718 75852
74532 75653
72620 74616
75494 75766
73291 73577
73730 75718
72856 74193
72887 74269
73822 75231
73409 73881
73767 74755
74924 75223
75995 75996
72022 74830
76624 76783
77429 77477
76794 77204
74938 77497
77718 77914
77620 77673
74610 77405
74169 77882
77149 77344
75316 76727
77551 77555
76971 77798
77033 77871
77624 77891
76101 77514
77405 77984
77084 77494
75630 77267
77564 77655
76442 76800
78215 78640
78181 79972
76339 78507
78435 79033
76726 77578
76369 77093
79763 79974
76419 79370
76386 76773
79817 79845
79207 79427
76461 79895
78814 79943
76289 79325
78959 79727
76846 77372
77049 78671
77909 79904
76899 79620
76575 77710
79759 80846
81344 81419
81786 81989
81085 81293
78995 80926
80013 81537
81252 81540
79962 80208
81833 81861
81265 81994
79424 81504
78270 79000
80992 81116
81829 81956
79447 81683
78826 81775
78803 79775
81988 81996
79364 80283
81234 81757
