6727 7922
1000
-20000 -19722
-19987 -19841
-19506 -19479
-19626 -19422
-19361 -19278
-19395 -19261
-19065 -19025
-19294 -19207
-19035 -19001
-18850 -18801
-18848 -18658
-18706 -18651
-18411 -18410
-18539 -18470
-18355 -18261
-18558 -18215
-18243 -18080
-18280 -18090
-18191 -18093
-18166 -18166
-17852 -17849
-17746 -17668
-17598 -17458
-17448 -17438
-17208 -17202
-17326 -17266
-17287 -17047
-17006 -17004
-16939 -16925
-16990 -16864
-16643 -16635
-16637 -16635
-16691 -16690
-16563 -16487
-16323 -16288
-16435 -16426
-16028 -16014
-16396 -16008
-16192 -15909
-15921 -15881
-15918 -15690
-15672 -15630
-15547 -15476
-15671 -15420
-15226 -15213
-15563 -15420
-15102 -15070
-15117 -15099
-15059 -14802
-15121 -15077
-14753 -14741
-14600 -14600
-14404 -14400
-14692 -14648
-14452 -14218
-14298 -14203
-14272 -14163
-14302 -14154
-14007 -13902
-14111 -14042
-13859 -13746
-13846 -13661
-13488 -13476
-13582 -13482
-13234 -13232
-13226 -13202
-13318 -13250
-13347 -13214
-13060 -12904
-12885 -12856
-12988 -12691
-12903 -12627
-12446 -12444
-12695 -12632
-12541 -12484
-12228 -12205
-12165 -12152
-12330 -12158
-12152 -12148
-11913 -11801
-11729 -11626
-11624 -11605
-11554 -11419
-11725 -11567
-11504 -11444
-11573 -11442
-11026 -11017
-11257 -11168
-11027 -10924
-11132 -11063
-10700 -10658
-10739 -10640
-10429 -10406
-10707 -10494
-10307 -10240
-10294 -10240
-10337 -10060
-10149 -10127
-10031 -10014
-9803 -9801
-9886 -9646
-9774 -9758
-9415 -9401
-9686 -9641
-9529 -9294
-9437 -9410
-9046 -9009
-9032 -9029
-8813 -8805
-8851 -8814
-8767 -8757
-8833 -8659
-8514 -8419
-8505 -8414
-8496 -8314
-8533 -8459
-8120 -8097
-8297 -8009
-8082 -7813
-8042 -7890
-7714 -7699
-7836 -7611
-7509 -7430
-7425 -7417
-7357 -7289
-7514 -7211
-7311 -7211
-7297 -7046
-6833 -6833
-6994 -6862
-6757 -6607
-6744 -6640
-6535 -6456
-6754 -6665
-6524 -6444
-6267 -6216
-6357 -6030
-6185 -6143
-5980 -5878
-6037 -5966
-5940 -5718
-5947 -5722
-5693 -5421
-5559 -5552
-5448 -5414
-5575 -5286
-5136 -5037
-5026 -5023
-5087 -4915
-5057 -4987
-4735 -4685
-4950 -4894
-4660 -4599
-4440 -4400
-4317 -4202
-4515 -4373
-4163 -4135
-4162 -4071
-4123 -4069
-4056 -3809
-3644 -3634
-3785 -3747
-3708 -3620
-3614 -3400
-3202 -3202
-3539 -3473
-3400 -3100
-3222 -3141
-3058 -2846
-2945 -2852
-2729 -2715
-2764 -2762
-2402 -2401
-2693 -2539
-2464 -2373
-2340 -2242
-2116 -2046
-2314 -2145
-2097 -2067
-2001 -1929
-1673 -1635
-1670 -1601
-1582 -1534
-1791 -1677
-1501 -1217
-1493 -1212
-1229 -1194
-1066 -1054
-981 -975
-902 -856
-981 -670
-914 -634
-624 -609
-511 -455
-230 -205
-403 -275
-289 -259
-171 -118
-157 199
-144 -89
331 383
87 135
204 368
548 600
653 689
562 720
916 969
604 722
1134 1142
913 1049
1348 1382
1149 1376
1331 1576
1209 1505
1405 1587
1464 1744
1884 1992
1659 1815
1962 2113
1807 2132
2324 2394
2164 2262
2509 2526
2462 2523
2574 2693
2527 2755
2768 2963
2667 2726
3008 3064
3016 3168
3289 3334
3369 3388
3596 3598
3330 3459
3576 3769
3701 3720
3852 3994
3963 3995
4047 4183
3897 3957
4105 4313
4246 4387
4395 4536
4594 4597
4612 4774
4620 4640
4611 4713
4626 4818
4824 4865
5001 5171
5324 5381
5057 5205
5537 5562
5579 5596
5549 5615
5630 5655
5793 5992
5679 5687
5920 6197
6194 6195
6038 6239
6082 6221
6289 6519
6344 6487
6470 6580
6674 6790
6658 6927
6760 6807
7183 7185
6857 6885
7119 7341
7391 7395
7281 7587
7545 7556
7778 7788
7413 7661
7610 7962
7934 7989
8165 8188
8052 8171
8284 8390
8232 8291
8367 8536
8417 8565
8489 8800
8691 8750
8912 8957
8870 8989
9033 9144
8957 8981
9116 9168
9347 9358
9571 9581
9234 9320
9762 9800
9757 9784
9859 9929
9682 9945
9964 10088
9844 10054
10322 10325
10224 10306
10267 10505
10343 10441
10744 10798
10781 10793
10827 10880
10661 10823
10968 10977
10996 11186
11198 11302
11381 11391
11369 11522
11564 11571
11720 11796
11625 11666
11698 11977
11931 11974
12145 12148
11997 12011
12129 12181
12346 12370
12485 12570
12500 12579
12542 12661
12442 12502
12890 12912
12602 12753
12971 13125
13152 13199
13247 13321
13017 13120
13335 13344
13286 13352
13467 13641
13574 13776
13862 13961
13695 13819
13931 14069
13834 14121
14151 14347
14284 14293
14380 14479
14292 14476
14701 14724
14702 14790
14881 14928
14665 14997
14834 15121
15149 15153
15288 15395
15348 15381
15431 15505
15585 15597
15783 15791
15663 15706
15622 15695
15892 15985
16177 16181
16086 16114
16276 16317
16110 16274
16315 16384
16577 16592
16639 16647
16400 16773
16947 16977
16855 16990
17049 17093
17027 17142
17189 17373
17072 17155
17384 17404
17278 17549
17539 17726
17709 17793
17709 17788
17858 17947
18141 18183
18146 18167
18235 18279
18161 18223
18351 18417
18423 18545
18775 18780
18750 18760
18694 18990
18986 18992
19085 19135
19171 19188
19077 19394
19187 19315
19213 19454
19428 19439
19464 19551
19556 19762
19879 19934
19657 19985
19936 20091
19940 20135
20248 20289
20247 20364
20259 20516
20448 20510
20533 20584
20424 20572
20874 20885
20927 20977
20960 20963
21192 21197
21302 21381
21279 21346
21361 21523
21575 21580
21492 21528
21788 21792
21610 21781
21660 21833
22009 22166
22044 22083
22076 22221
22246 22277
22564 22596
22470 22589
22723 22763
22426 22585
22919 22947
22827 22915
22854 23060
22951 23126
23103 23221
23020 23125
23367 23418
23574 23577
23682 23797
23461 23672
23723 23814
23820 23838
23911 24018
23839 24018
24159 24288
24337 24386
24441 24553
24363 24597
24408 24773
24719 24732
24881 24970
24620 24660
24908 25068
25027 25086
25152 25226
25241 25343
25573 25595
25259 25571
25591 25739
25736 25784
25940 25966
25950 25989
26194 26197
26046 26119
26262 26278
26319 26348
26508 26569
26384 26558
26599 26726
26453 26625
26724 26849
26712 26957
26801 26941
27153 27154
27046 27367
27217 27257
27582 27588
27314 27371
27702 27763
27584 27662
27846 27911
27720 27755
28083 28112
28042 28174
28398 28399
28381 28397
28492 28594
28485 28513
28775 28788
28680 28690
28946 28995
28714 28999
29083 29139
28889 29199
29336 29394
29052 29197
29200 29540
29466 29494
29679 29707
29418 29737
29976 29994
29873 29924
29874 30159
30175 30182
30191 30287
30132 30316
30386 30441
30527 30538
30463 30702
30754 30787
30831 30925
30915 30968
31071 31072
30911 31082
31260 31261
31066 31394
31393 31411
31292 31319
31462 31563
31655 31657
31921 31987
31885 31956
31883 32035
32190 32194
32127 32385
32261 32275
32200 32508
32546 32556
32616 32695
32485 32584
32930 32969
32938 32971
32864 32951
32801 33192
33224 33333
33196 33375
33419 33578
33447 33522
33440 33739
33478 33525
33885 33977
33620 33896
33934 34001
33854 34054
34372 34396
34149 34359
34267 34553
34258 34310
34656 34684
34712 34742
34992 34995
34895 34916
35118 35146
35043 35154
35389 35398
35072 35327
35215 35398
35375 35381
35481 35634
35688 35763
35686 35966
35834 35942
36095 36145
36130 36173
36281 36352
36198 36278
36406 36444
36263 36439
36614 36626
36788 36796
36954 36969
36818 36924
36958 37117
37035 37059
37243 37268
37267 37283
37483 37483
37524 37565
37651 37776
37523 37718
37714 37822
37800 37903
37824 37974
37917 38011
38291 38387
38306 38320
38429 38488
38326 38380
38409 38456
38797 38800
38986 38993
38613 38888
38931 39015
38989 39112
39170 39178
39318 39383
39366 39508
39421 39475
39720 39795
39425 39688
39662 39674
39758 39857
40179 40182
39878 40123
40178 40372
40105 40330
40600 40600
40266 40493
40693 40713
40630 40793
40709 40772
40762 40915
41092 41098
40934 41006
41281 41380
41102 41228
41400 41563
41207 41210
41595 41726
41512 41690
41681 41901
41617 41975
41802 42158
42156 42169
42330 42352
42255 42255
42520 42529
42285 42325
42460 42734
42474 42651
42676 42908
42638 42890
43009 43109
43033 43073
43129 43388
43078 43361
43437 43444
43254 43281
43613 43674
43789 43792
43622 43964
43819 43964
44179 44200
44023 44136
44301 44316
44092 44133
44201 44483
44296 44522
44749 44771
44652 44698
44860 44962
44905 44915
44870 44978
45026 45068
45327 45387
45100 45293
45291 45314
45276 45497
45418 45535
45517 45655
45760 45809
45960 45995
46198 46199
46195 46196
46148 46312
46353 46388
46560 46585
46344 46473
46750 46773
46525 46603
46826 46852
46730 46858
46904 47148
46887 47143
47046 47211
47051 47170
47238 47301
47408 47549
47659 47775
47648 47756
47862 47915
47685 47713
47871 48089
47950 48083
48398 48399
48133 48286
48501 48512
48437 48549
48689 48791
48510 48698
48711 48811
48919 48937
48911 49021
48968 49092
49281 49317
49282 49354
49528 49549
49534 49584
49743 49775
49701 49790
49638 49793
49937 49976
49882 49973
50151 50167
50097 50368
50140 50246
50480 50495
50305 50325
50482 50621
50794 50795
50958 50969
50632 50747
51107 51141
51176 51193
51159 51281
51217 51349
51486 51495
51467 51591
51596 51614
51531 51574
51830 51932
51843 51905
51810 52176
51891 52116
52050 52232
52029 52265
52440 52484
52337 52541
52600 52622
52532 52631
52952 52979
52663 52778
52988 53068
53048 53157
53074 53101
53351 53375
53341 53456
53445 53517
53475 53761
53608 53634
53875 53973
53729 53897
54029 54077
53853 53983
54254 54390
54397 54400
54417 54467
54540 54591
54705 54723
54598 54729
54812 54951
54698 54841
54883 55101
54929 54931
55239 55325
55131 55250
55330 55373
55289 55536
55426 55725
55635 55723
55797 55815
55888 55925
56194 56200
55893 56164
56348 56388
56334 56354
56293 56550
56358 56511
56436 56728
56425 56667
56895 56928
56738 56911
57099 57115
57042 57089
57146 57280
57061 57281
57459 57600
57518 57521
57481 57675
57788 57791
57639 57861
57953 57989
58195 58200
57990 58152
58056 58073
58216 58346
58437 58571
58377 58401
58576 58629
58508 58590
58895 58922
58996 58999
59173 59198
59040 59088
59214 59384
59017 59212
59407 59411
59325 59586
59596 59649
59441 59566
59785 59971
59709 59742
60187 60192
59831 59911
60099 60115
60033 60177
60372 60556
60327 60391
60747 60768
60770 60800
60880 60942
60900 60915
60982 61137
60919 60939
61387 61387
61168 61207
61541 61563
61585 61600
61658 61684
61710 61786
61831 61894
61900 61991
62062 62157
62099 62113
62218 62382
62304 62388
62334 62518
62523 62537
62761 62771
62699 62729
62644 62908
62761 62939
63031 63037
62949 63194
63271 63341
63320 63368
63385 63466
63458 63458
63745 63756
63560 63571
63642 63857
63793 63990
63929 64146
63924 64068
64388 64395
64308 64382
64475 64535
64539 64571
64628 64704
64785 64795
64868 64956
64622 64860
65059 65181
64809 64827
65155 65343
65119 65292
65306 65475
65314 65498
65766 65797
65518 65717
65709 65757
65808 65838
66127 66136
66040 66112
66291 66371
66076 66155
66245 66277
66401 66499
66705 66772
66570 66579
66684 66879
66836 66912
67181 67186
67050 67130
67202 67252
67115 67366
67439 67443
67450 67588
67784 67784
67521 67609
67638 67729
67792 67892
67993 68171
68029 68035
68292 68349
68366 68377
68496 68548
68560 68582
68637 68660
68531 68575
68802 68898
68903 68917
68833 68877
68883 68930
69236 69259
69379 69398
69263 69334
69525 69585
69469 69526
69756 69793
69917 69935
69927 69992
69802 69956
69929 70121
70048 70107
70067 70088
70349 70474
70420 70488
70651 70747
70643 70782
70718 70821
70795 70959
71087 71153
70822 71098
71281 71371
71349 71380
71448 71449
71284 71482
71645 71768
71412 71505
71855 71953
71726 71986
72122 72123
71947 72078
72226 72242
72193 72321
72415 72474
72473 72600
72715 72744
72648 72686
72600 72875
72719 72833
72839 72993
72839 73031
73209 73272
73290 73307
73451 73528
73222 73301
73612 73632
73622 73772
73949 73951
73830 73891
73819 74179
74017 74129
74322 74391
74131 74370
74513 74559
74592 74594
74662 74733
74662 74748
74647 74952
74848 74874
74854 75185
74838 75101
75358 75399
75161 75209
75408 75451
75520 75550
75446 75772
75504 75631
75911 75979
75730 75782
76098 76107
76113 76182
76319 76387
76265 76272
76499 76596
76327 76338
76503 76518
76426 76790
76987 76989
76602 76956
77123 77161
76856 77029
77341 77383
77084 77147
77354 77459
77287 77456
77462 77669
77410 77590
77847 77853
77713 77733
77873 77898
78096 78177
78135 78386
78142 78378
78473 78509
78353 78464
78488 78640
78510 78724
78797 78953
78929 78967
78856 79168
78955 79044
79268 79397
79393 79396
79226 79312
79375 79467
79770 79780
79778 79782
79932 79965
79649 79809
79977 80177
80060 80169
