131 507 155
120 435
55 182
89 447
70 177
72 284
85 362
80 12
24 24
27 381
1 483
20 48
127 269
73 11
40 289
2 260
47 356
34 430
102 264
119 171
7 103
119 26
6 435
45 222
103 356
30 36
61 187
11 200
85 474
5 421
72 395
72 489
51 348
5 458
36 60
100 400
24 144
13 381
91 458
66 368
105 206
99 58
65 417
73 24
82 99
106 489
60 506
42 312
102 400
24 441
83 292
95 446
32 192
66 461
6 88
96 88
16 228
124 243
109 469
130 254
104 394
31 291
62 255
122 330
125 335
29 8
130 308
43 300
48 356
57 79
78 220
91 232
131 173
37 475
35 190
37 272
90 447
14 380
52 13
105 305
6 295
98 177
17 20
131 115
33 251
28 61
115 98
78 191
54 3
104 167
83 307
75 265
19 189
109 344
128 133
107 120
23 116
113 41
106 12
9 273
17 100
9 505
100 350
128 438
74 494
87 78
3 57
126 278
104 192
71 466
102 75
87 429
111 308
111 422
74 84
118 252
59 321
1 263
57 69
104 352
12 118
90 320
80 32
44 12
56 220
14 164
59 495
117 122
114 386
51 233
100 241
113 465
62 462
87 66
92 450
30 413
118 198
107 244
98 241
21 99
65 177
47 449
17 230
65 424
33 134
85 378
77 471
23 82
39 23
65 401
80 81
34 492
131 498
113 398
113 467
29 150
