374 7538 388 340
257 114 9112
233 225 847
218 264 2748
279 333 5850
22 192 1705
132 119 4169
362 330 7535
154 170 6074
97 334 806
265 313 5162
271 328 576
38 245 2914
33 333 5986
239 343 3838
173 104 2887
60 202 7792
168 242 8595
225 233 573
199 270 7746
361 5 7548
348 371 181
20 297 2731
176 305 2381
309 158 2894
302 369 7701
294 22 3083
143 89 552
313 265 1524
370 193 3599
9 242 5043
10 158 4055
134 316 1809
104 173 675
321 230 8516
134 35 5059
346 81 7904
302 159 4210
207 210 9871
27 167 766
72 153 692
138 188 6747
217 311 5762
173 104 2211
31 234 2983
364 65 1103
149 112 4143
7 319 3309
342 62 9751
331 48 6338
153 343 1052
81 242 711
158 10 2205
95 57 2459
11 370 8079
219 332 7995
9 81 1631
231 357 438
228 324 1403
239 153 527
291 302 2736
163 286 8323
166 233 5359
174 350 7342
58 68 6221
15 43 7595
364 128 1832
237 267 6122
245 38 1961
113 268 9297
184 219 7539
82 99 8760
265 313 4919
294 22 3556
160 70 2988
324 124 5604
110 290 4728
244 340 8283
224 17 1554
183 53 6278
360 357 518
221 342 3090
268 362 5729
157 338 2060
293 366 9297
248 340 7441
166 233 353
355 63 6811
29 175 7608
85 212 3001
71 209 231
208 263 6012
167 27 1003
121 40 9159
358 157 4737
350 88 336
185 260 2091
183 53 1412
22 294 8805
80 286 4140
29 249 8390
333 33 7081
143 89 1269
331 118 9647
31 234 9700
146 53 4265
106 132 928
265 313 5936
10 309 33
233 225 9969
256 120 9650
188 117 3929
248 244 3217
210 207 323
269 37 4454
200 95 6372
135 48 5844
294 192 8383
321 17 6336
44 93 2134
87 271 5479
20 95 9256
312 368 229
231 360 3360
252 112 3129
263 359 5867
2 6 4992
26 133 9591
260 201 2988
162 144 439
133 26 4349
344 142 1772
284 137 2656
173 104 5053
101 366 6199
181 14 984
88 350 7212
13 269 6936
324 320 4040
231 360 281
25 8 6251
282 102 8486
119 132 9658
223 312 5824
207 25 4905
106 119 5448
192 22 3617
294 22 4215
356 219 8614
269 13 4432
161 102 550
332 184 466
158 236 5390
34 70 5691
208 263 348
172 89 472
333 33 7303
165 214 3462
13 37 6804
365 94 3713
255 2 8373
33 333 327
158 10 9298
295 274 9553
57 296 4292
356 219 8268
358 157 1304
195 188 8743
348 259 1282
295 21 8984
239 343 6203
152 59 7213
59 152 7170
40 60 1777
21 250 3362
112 149 5043
10 236 5210
339 130 2219
128 65 4
301 372 5114
49 32 5376
233 166 4475
158 236 8346
107 51 5431
232 44 2618
183 146 434
38 50 4165
78 98 45
278 240 9026
114 197 5971
31 246 2660
265 313 2010
326 286 9153
155 29 4903
86 199 5950
253 136 7645
242 81 4576
20 200 2434
372 329 1419
17 321 6261
58 303 3149
120 256 7804
167 229 3254
361 204 6573
257 114 8988
286 80 7683
143 75 1226
248 190 4268
293 101 710
3 5 1596
239 153 3349
348 126 6810
33 333 6171
153 343 4682
249 29 5645
338 157 350
200 20 1485
23 7 6866
126 259 9550
358 338 6861
190 244 9303
45 224 7481
138 188 1060
34 160 2389
77 221 8140
212 285 1891
88 174 1293
345 92 8623
368 312 7285
83 74 9065
96 12 3527
154 99 8828
224 45 3293
195 117 8038
216 116 8414
374 234 8232
69 302 4222
57 296 70
322 343 3277
147 290 4350
341 217 3401
42 277 8036
290 147 2937
271 220 7186
153 343 5120
358 338 6014
134 169 391
256 120 3550
129 306 3199
304 320 5987
77 221 2783
64 170 646
370 238 8797
94 328 6174
45 19 6294
105 123 6900
75 89 9471
313 265 4061
10 309 8295
234 374 6107
10 236 8954
23 319 5847
335 130 379
115 101 1678
354 141 1686
372 58 4093
23 7 7466
294 192 8151
226 47 4169
154 108 9685
237 251 9269
149 252 4153
25 207 179
269 125 5171
158 309 2945
128 65 8693
19 17 2644
115 101 4101
263 145 4260
16 351 5176
70 276 217
216 162 3115
149 252 9623
185 91 4359
252 149 4605
22 294 4896
358 338 2993
350 88 1380
158 10 9121
198 370 584
270 327 4593
357 231 7178
279 333 4565
358 338 3536
50 245 1040
299 314 1132
141 164 4335
350 88 3142
332 184 4017
84 284 5890
192 22 6780
273 136 552
352 260 1411
338 157 5711
340 248 6856
75 307 3778
223 368 3488
366 293 8838
93 275 5086
349 205 5367
92 52 3049
64 99 3911
265 313 979
282 102 5157
138 195 1749
132 66 9984
231 357 1982
374 246 6032
356 219 6244
211 278 4979
190 340 6397
289 217 1618
313 265 1385
302 159 4129
56 24 3476
29 249 4710
314 344 6769
74 127 1124
25 210 6320
103 210 8743
265 313 5564
327 86 7623
133 26 7392
75 89 2174
328 220 1050
114 111 2800
52 178 4428
111 257 4957
179 298 7223
236 10 3713
226 47 6218
158 10 7635
289 311 8413
10 158 9871
255 28 3870
239 322 6194
102 282 6002
30 311 6296
37 269 7592
37 125 8211
161 102 3774
129 78 5852
342 77 2136
318 347 7703
31 374 5285
192 294 159
74 127 9658
110 151 8298
290 151 6891
96 1 684
120 256 1979
260 206 7067
336 139 3384
49 32 5579
190 244 7179
149 252 7062
82 170 2441
290 151 4145
157 338 1551
6 2 7246
36 41 9079
233 166 816
222 357 7813
90 19 9632
50 245 3658
191 147 8630
315 323 5999
125 213 7444
10 158 4587
279 33 2327
226 59 532
243 79 9994
21 250 7670
231 360 5857
256 120 2520
368 298 9516
24 235 123
31 374 1205
163 258 5590
264 28 5711
360 357 1369
248 244 783
183 146 7259
233 225 4157
26 336 2874
96 1 7701
361 204 2015
21 39 6485
239 343 8445
177 130 1775
353 227 2731
225 166 9920
333 279 8966
222 231 2597
173 104 1867
174 350 4900
360 231 9996
142 308 5945
133 139 5234
51 107 3666
311 217 1610
337 284 3802
146 53 408
246 31 7237
210 207 4526
352 206 2866
156 298 2014
289 311 1688
49 32 324
325 162 5808
206 352 2630
96 12 9791
201 352 1555
282 161 7568
10 158 7133
81 242 8880
212 79 8151
253 136 6627
128 364 9513
320 150 6815
315 41 2037
313 265 8305
338 157 480
18 318 6769
294 22 6449
43 1 2854
153 239 7183
211 189 2879
225 233 3740
359 280 6641
69 287 9132
182 169 9313
364 65 3180
252 149 8707
242 346 4721
331 61 7061
230 224 9345
243 212 1484
14 160 5231
149 112 1792
172 75 6736
352 206 1246
246 374 9541
340 244 4965
174 88 8739
85 212 8874
10 309 4521
195 117 6465
266 51 7366
351 339 6112
77 186 3757
352 185 6477
263 208 3317
202 245 2941
6 28 6178
51 266 2230
74 272 614
195 117 6837
290 151 7962
347 18 1755
140 204 846
274 21 9539
311 341 4848
247 214 738
74 127 1753
84 100 4081
73 148 2153
35 4 5010
143 89 9412
136 227 3489
172 75 8587
225 233 3203
110 147 4642
106 119 6852
124 228 7709
154 64 7123
275 93 1758
219 356 6270
44 93 4874
193 370 8006
161 282 6381
127 83 7897
143 307 4173
87 328 2602
260 352 8849
232 93 7181
218 2 6378
8 25 3218
81 168 8914
74 272 4088
150 324 2909
268 299 5276
73 148 4757
113 330 6251
306 78 950
183 146 5826
103 8 9311
235 165 7823
7 319 731
135 48 2167
162 54 5121
173 104 6567
166 225 7599
147 191 9829
133 26 7446
183 53 3248
143 75 2991
252 149 3054
110 191 9386
360 357 9794
169 134 7445
247 56 6311
124 324 4592
206 185 2769
317 243 3800
53 183 6113
164 292 5635
289 341 9352
56 214 7041
94 271 6366
81 168 8791
144 162 6662
202 121 7851
23 319 6255
340 190 9029
139 336 3807
119 106 2931
95 262 8411
223 312 1267
231 360 510
58 372 6167
51 266 8457
235 214 1525
237 141 6640
360 222 8978
324 228 9560
367 323 6370
340 248 9734
133 336 6779
162 144 9055
288 136 6706
89 75 4536
222 357 5773
7 319 7063
156 312 9021
318 347 7494
294 192 2363
287 159 2202
104 173 115
296 200 7214
40 38 324
337 284 6482
282 161 5481
104 173 1904
232 275 512
250 283 247
312 156 582
370 193 9555
107 266 5160
175 249 9506
208 359 4448
98 55 4484
236 10 7248
244 190 9675
167 118 9516
124 150 8866
302 369 7233
201 91 6112
190 248 5132
366 115 9443
287 159 7463
248 340 166
250 295 4668
360 357 7907
24 214 2038
266 107 5031
173 104 6634
103 25 7896
248 244 30
147 290 4987
153 239 5685
265 313 5637
64 82 4758
281 258 2250
239 343 405
203 342 2240
25 210 4535
31 234 7900
122 188 1531
199 270 2636
177 16 6807
165 247 1612
213 37 4882
355 140 2194
337 84 1897
192 294 9098
157 338 7220
291 287 1508
172 75 2785
100 137 4324
46 98 4513
261 259 2980
42 286 3694
150 124 5092
237 354 8102
374 31 9745
21 295 8256
338 358 4331
113 362 1033
252 149 9245
327 199 6996
49 32 308
217 311 4005
256 120 9029
87 220 6670
69 369 8049
76 315 5938
157 338 5544
153 72 1790
283 39 645
10 309 3376
226 59 9286
290 110 3939
119 66 368
236 10 1167
185 206 3912
226 152 5114
9 242 4907
102 282 7024
345 209 7801
12 43 9237
364 65 2964
288 253 2378
90 45 2464
98 180 6381
155 249 1264
128 364 3064
107 51 5819
339 177 3712
252 149 7253
166 225 5721
307 89 7891
217 30 4841
32 49 4122
365 271 5781
38 40 1572
81 346 778
361 140 9987
234 374 5584
103 25 9863
58 303 8214
101 115 6470
301 68 3698
168 242 2521
82 154 3118
309 158 4697
88 174 8870
146 53 3908
232 93 4134
239 72 3750
221 77 6813
147 151 413
313 265 2871
265 313 9227
288 227 4949
358 338 6183
140 63 8868
286 281 3366
228 124 2092
344 268 5913
167 331 5059
238 193 4613
247 214 8093
276 34 7646
112 149 1120
102 161 6715
41 36 4288
27 331 2416
89 172 3209
225 166 5308
313 265 1568
358 157 513
40 50 1185
264 6 3447
282 102 4073
319 23 3721
357 360 5134
130 335 7082
305 240 814
198 193 3872
107 51 6090
189 278 6060
222 357 8784
77 186 8460
63 3 4217
73 335 6014
15 12 3046
275 194 9126
318 18 9552
359 208 6908
56 247 4755
210 25 7333
207 210 9013
365 328 5364
253 227 9946
320 150 6693
353 288 3913
226 152 7836
66 106 2465
32 49 5160
235 165 5847
51 266 1187
51 107 3589
191 151 8848
89 143 3686
145 263 3900
243 79 2320
290 191 1888
244 190 161
151 147 6238
37 269 5873
59 152 4025
212 79 7294
311 30 6296
327 171 2405
261 259 919
355 63 4964
108 170 9435
209 92 2280
21 250 2182
161 282 2721
293 366 6702
271 94 2060
301 372 165
66 106 578
132 66 5328
286 326 9726
200 57 2898
292 257 3445
284 337 6498
286 80 6587
289 311 4868
372 301 5958
256 120 1250
232 44 2676
280 263 5438
137 84 9647
182 4 1875
374 234 2394
295 39 9800
154 82 7302
173 104 1491
252 112 5434
311 217 4120
187 305 2799
59 226 1556
191 151 7569
256 120 9284
194 44 463
233 225 6086
116 144 6884
230 45 3782
324 304 1710
7 319 3825
202 38 1482
285 85 9317
294 192 564
175 249 8574
290 110 9337
36 315 300
340 244 6137
107 51 4513
327 171 6582
74 127 6397
369 69 9795
80 326 5509
123 105 3958
336 133 7965
12 15 4679
46 129 6849
63 361 2310
313 265 903
121 50 1037
116 162 1905
79 285 3615
327 270 6267
352 206 442
51 266 3054
178 71 7822
120 256 5478
146 53 3859
217 311 106
282 161 6335
60 40 4232
325 54 4716
66 119 8225
264 334 5959
333 33 6511
28 334 1553
18 318 5608
338 157 4193
190 340 8970
166 225 2849
374 234 5973
104 173 4333
246 31 5298
211 278 7002
10 158 3575
267 251 7991
152 59 3852
180 55 5838
109 144 742
100 284 2004
354 114 1323
230 45 3552
173 104 4076
200 57 4007
53 183 5946
70 181 1188
99 170 2987
125 37 5400
288 227 7606
340 248 5043
284 84 6136
20 297 2106
171 327 1984
104 173 8857
163 281 4640
58 329 192
66 106 2617
54 325 420
206 91 5940
94 365 303
366 115 1239
184 332 1614
2 255 4832
149 252 7902
314 344 3854
125 269 1224
149 252 7979
79 212 614
267 164 7821
153 72 4023
87 328 7662
28 255 5778
157 338 3138
294 192 7158
262 200 5230
222 357 1482
45 224 7833
137 284 6687
166 233 2211
272 74 3938
2 28 1034
22 192 9008
75 172 283
142 113 4198
177 339 9682
17 19 8673
49 32 5949
246 31 6907
149 112 3515
349 306 3553
319 23 166
134 316 2368
26 133 5056
104 173 8192
177 148 4689
49 32 5630
350 174 7123
32 49 8814
297 20 4460
33 333 4620
234 374 8909
275 44 1679
104 173 9123
231 222 8361
46 78 9818
51 266 7015
96 43 6668
55 180 263
40 121 5428
13 125 7765
231 357 7287
110 191 4860
77 186 3077
151 147 5593
178 345 8389
270 327 2851
132 119 7553
270 199 3120
199 270 1389
41 367 514
66 106 998
2 218 705
177 335 9242
14 181 4336
35 316 5636
26 133 4828
266 107 3970
289 30 2003
144 109 3313
213 125 242
83 74 5582
276 34 8249
116 109 7064
349 180 1950
361 63 8892
57 297 198
30 311 4205
225 166 2767
168 81 4110
313 265 1108
77 62 7081
96 43 3909
374 234 7765
338 358 79
172 75 3527
100 84 7303
248 244 464
295 39 4575
186 342 2936
358 338 6375
54 162 3387
157 338 2369
104 173 3389
298 179 7877
157 358 9098
231 357 6477
329 372 2894
50 40 9089
285 85 2522
28 264 1971
141 197 2474
355 361 3488
151 191 6774
20 200 6754
115 293 7278
197 237 5077
219 332 169
161 282 1768
278 176 7395
146 53 7905
78 55 3833
82 64 9291
260 206 2024
74 83 7382
171 199 4685
138 195 6108
252 149 8170
46 55 1189
251 114 8248
313 265 4140
203 77 4310
128 65 6846
221 77 8437
222 360 3155
46 129 3884
317 79 2171
264 218 6733
357 231 7445
337 84 4118
18 347 6981
10 236 8703
271 94 4537
343 239 450
23 319 955
279 33 3293
53 146 6049
22 192 69
162 54 7783
246 374 8028
332 356 3746
71 209 1576
155 249 8210
49 32 789
166 225 9173
256 120 4614
218 255 276
126 261 4190
24 214 3530
252 112 6142
207 8 1633
341 311 6284
260 206 2451
105 18 7892
318 105 6085
347 318 2494
107 266 2444
115 366 3724
282 161 8438
32 49 5816
16 351 5509
173 104 3593
36 367 3548
116 216 5103
80 326 2604
173 104 6910
169 182 3910
287 369 5868
249 29 1774
346 242 3890
338 157 7683
59 47 919
216 116 6519
8 207 9366
37 13 5461
90 19 2149
244 248 2180
178 209 3114
91 352 8729
206 185 8487
328 94 3569
265 313 2562
219 356 6824
293 366 1464
127 272 4973
67 259 9063
265 313 135
198 370 1827
94 365 1846
99 108 4565
127 83 1402
159 302 4141
7 319 1973
41 323 8815
128 65 6832
212 317 3721
245 40 4880
274 250 3103
270 86 9971
133 26 415
320 150 6829
31 234 2236
29 175 2787
368 156 1947
61 48 5412
125 269 8639
227 136 7726
185 91 788
265 313 4882
161 282 4171
171 199 6742
321 17 7177
74 83 8576
115 293 4162
66 132 8333
146 183 7857
278 211 7983
303 372 670
364 65 7641
225 166 5774
288 227 9233
282 161 6730
2 97 6111
261 254 2378
66 106 5374
37 13 979
256 120 1166
8 207 7832
173 104 4249
7 23 6994
350 88 4599
93 232 9982
198 193 9382
210 207 5491
312 223 7078
193 11 1624
84 100 1676
125 269 2704
256 120 9717
243 85 6671
210 25 4687
55 306 9387
106 132 4909
313 265 2050
115 366 9963
316 4 2431
23 7 3676
161 282 5071
313 265 154
328 94 8634
322 153 4258
69 302 774
356 332 2861
146 53 1318
173 104 7678
19 230 5695
126 254 1651
124 320 3723
312 223 6880
280 145 9405
119 66 2592
365 220 3753
39 21 1436
112 252 3731
202 40 3722
11 370 3409
134 182 6206
45 230 616
83 74 1821
149 252 6476
115 366 3841
356 332 2430
338 358 1331
62 342 4767
334 264 1870
128 364 8623
64 108 6689
48 229 2512
260 352 4933
48 229 9154
361 355 528
47 59 9152
2 28 8450
309 158 1724
157 338 2811
99 108 62
290 147 954
352 185 5732
106 66 5514
286 277 8651
73 148 26
346 81 4815
318 105 7663
231 222 2297
157 338 5704
319 7 4651
240 278 3643
231 222 1689
370 238 9700
333 279 3390
360 357 5238
287 369 9986
49 32 332
139 26 817
200 262 6459
120 256 1726
15 43 5904
156 298 4206
343 322 4880
246 234 2107
160 14 6047
264 6 649
268 314 7363
344 314 2495
51 107 5084
208 145 3826
49 32 1775
37 125 6975
256 120 2337
311 217 8771
306 55 402
346 242 6517
155 249 7278
112 252 40
137 84 9367
256 120 7215
208 359 3607
283 39 9212
279 33 8512
368 223 6887
358 338 9086
99 82 5132
139 133 3962
34 160 9014
186 77 6225
59 47 6273
247 165 2048
288 353 3979
161 282 5571
15 43 5471
45 90 1657
101 115 2333
191 110 1613
24 235 8479
170 82 8509
234 374 8572
17 19 7497
360 357 5291
252 112 9410
112 252 5389
64 82 950
371 254 2022
341 289 3315
232 44 9338
106 66 7787
289 311 918
356 332 9641
72 239 1594
88 350 2399
105 347 1890
42 286 9625
150 320 6109
233 166 3615
173 104 6447
62 77 945
338 358 429
92 345 8302
345 178 2006
238 198 4490
83 272 6561
36 323 216
117 195 2721
172 89 831
178 92 2891
203 342 2499
21 295 963
182 169 3359
323 315 7552
266 107 1424
21 295 6394
329 68 675
372 329 2196
5 3 8557
180 46 8859
122 138 8140
51 107 3236
183 146 9689
170 99 3712
287 69 2145
262 20 6436
10 158 5633
192 294 7886
49 32 8253
336 133 5363
59 152 1747
288 253 1671
246 234 2054
222 231 1785
338 157 2323
32 49 6151
21 250 4549
265 313 276
96 1 4769
239 153 9497
320 150 8891
324 228 4309
181 70 7188
369 159 4037
226 59 8824
179 223 7295
164 292 5619
346 168 1183
166 233 4593
184 219 651
91 206 8245
49 32 6851
143 89 8535
10 309 8480
323 367 717
9 81 2452
358 157 7245
44 275 8328
252 149 9863
33 333 7210
368 179 9642
270 171 6956
134 35 4954
256 120 9108
183 53 2894
279 333 7154
240 211 9819
50 38 2335
252 112 7969
65 364 4617
64 82 9000
319 7 5241
113 314 2565
262 296 6954
285 79 3495
138 122 2177
123 18 1377
272 127 9979
265 313 1600
313 265 6911
92 52 3415
74 272 5638
210 103 1332
333 33 2300
334 97 8591
338 358 5926
294 22 9433
371 254 8947
134 169 3907
227 273 5796
53 183 143
207 103 1548
65 364 375
119 106 9328
66 119 4916
357 222 8313
233 225 3720
242 81 4271
125 13 8622
183 53 3453
22 192 7605
22 192 2961
66 132 6131
104 173 6149
149 252 4932
265 313 2537
263 145 3795
23 319 6245
74 83 7535
294 22 2264
58 372 7404
266 51 9676
60 38 1803
293 101 7256
311 289 5005
191 147 5044
33 333 2348
150 304 5692
103 25 7809
202 121 7030
94 328 6575
341 311 5513
90 17 6418
99 82 8783
145 280 4525
34 160 2643
244 248 3779
353 273 2700
234 374 2281
239 153 5886
40 60 5832
75 89 5567
313 265 8465
141 251 5470
302 369 4602
179 312 6863
223 298 2585
162 216 9240
279 333 3453
230 321 3795
265 313 2734
295 250 450
320 150 1731
123 347 4683
168 346 5469
265 313 6382
104 173 8085
129 78 5068
88 174 4781
217 311 9365
219 332 6727
55 349 9387
366 115 4174
66 132 7308
153 239 3235
352 206 5653
148 177 4597
271 328 9236
102 282 1363
95 363 2673
30 311 5989
100 84 9353
69 302 2615
59 152 4858
188 122 6831
83 74 1688
33 333 7667
15 12 3933
307 172 7255
313 265 5645
127 83 9800
233 166 3589
313 265 4844
53 183 1373
33 279 7390
247 214 8469
236 158 5086
329 301 4644
65 128 5270
356 219 4326
139 336 3181
242 81 1632
17 321 4179
204 361 477
171 199 6644
186 342 3395
23 319 4444
150 304 4574
268 330 3741
366 293 3598
202 50 1986
118 167 4663
279 33 7636
346 81 895
307 89 2380
236 158 1535
210 103 306
15 96 2050
141 111 9779
255 28 9144
359 145 1901
245 202 8999
68 301 8591
275 194 2100
20 363 7577
353 136 9780
256 120 7963
151 290 6928
280 359 1452
26 133 5619
91 352 186
340 190 9806
336 139 8199
86 270 3689
144 162 5938
301 372 5923
48 229 2939
313 265 2898
201 185 1226
238 11 5514
126 259 9145
219 184 3138
127 83 3854
242 81 9225
22 192 6169
42 163 4504
169 316 8140
22 192 6707
309 236 6743
24 247 8665
111 141 6684
33 279 6505
294 22 3491
279 33 7778
17 230 7106
195 138 7522
69 302 7542
26 139 9110
250 274 3101
342 203 5279
77 342 2520
365 271 6207
139 26 3273
146 183 7824
138 117 8449
34 70 9037
214 165 9643
66 119 3332
133 139 1702
252 149 9603
81 242 7839
175 29 2452
87 220 5783
155 175 9265
206 201 7291
222 360 4903
89 75 4045
325 216 3991
185 201 1651
277 42 9349
288 353 3269
162 216 7350
313 265 2582
68 329 4423
39 274 7696
137 84 1999
76 315 9856
173 104 6247
331 118 3495
186 203 9300
349 306 490
17 224 106
72 343 7133
120 256 1843
1 12 8660
52 71 8987
319 7 2720
272 127 5406
313 265 6081
18 123 456
263 208 72
233 225 2065
58 301 3600
63 361 9609
179 223 1595
94 328 505
323 310 264
177 73 646
258 277 4069
143 89 2286
158 309 6343
193 238 5854
134 182 9379
364 128 7484
195 122 1133
358 157 9985
173 104 3623
288 353 5831
317 79 8373
356 332 689
205 98 1599
88 174 2857
104 173 7610
342 203 5908
350 174 9867
29 175 9401
105 318 2008
261 254 7675
222 360 3605
155 175 4911
178 209 3015
366 101 764
31 246 6712
230 90 3645
285 243 9393
242 81 8835
106 119 3887
10 309 5455
360 357 9603
283 39 6247
173 104 1560
207 8 3955
104 173 7243
220 365 2261
279 33 6890
101 115 2376
97 218 5410
372 303 7242
32 49 9573
139 133 3996
165 24 6394
338 157 6711
224 45 6080
127 83 7446
101 366 381
76 323 420
92 178 8970
111 257 1519
222 360 9598
152 226 1624
257 197 5814
59 47 7946
274 295 3401
173 104 8792
8 210 3551
16 73 5066
327 86 9272
374 234 3229
127 272 784
279 33 705
373 41 3546
106 66 8436
282 102 4830
340 190 8473
214 56 8711
182 134 3845
133 336 2098
141 292 3570
69 159 4175
75 307 7720
183 53 781
202 121 8334
96 12 5489
8 103 9616
243 285 8490
96 12 7186
371 261 8222
328 87 9768
266 51 7889
100 84 6881
198 193 7581
228 304 1091
47 152 8108
60 38 5769
103 207 3826
1 43 1810
374 246 3998
146 183 5020
220 271 7464
51 266 2744
343 72 8788
259 348 4955
98 180 4461
171 270 2488
371 259 9778
179 298 9136
75 307 1179
293 115 5184
269 213 7022
256 120 3371
186 62 6464
1 12 2120
170 154 8197
127 74 8219
155 249 2499
257 141 3146
60 38 4239
214 24 5176
340 244 317
317 212 3711
51 107 8409
47 152 973
313 265 3801
44 275 8566
259 126 6462
51 107 1201
32 49 4428
110 151 1671
122 195 5891
49 32 3895
26 336 8963
153 239 8348
129 55 8495
334 218 7120
297 95 9879
89 172 9322
95 297 8788
83 127 1874
173 104 1012
287 369 7634
81 346 1716
62 203 9321
154 99 1281
166 225 1603
357 360 584
32 49 3950
359 280 7990
71 178 8245
314 268 8983
97 28 4328
242 346 2023
42 300 8957
143 172 3424
229 167 4423
97 6 6734
296 363 1780
357 360 7455
59 226 6693
166 233 5155
78 349 8496
225 233 5301
146 53 3104
52 209 4956
213 37 2580
230 321 8197
107 266 2280
62 221 5649
67 371 926
311 341 4646
183 146 9604
58 301 4471
31 234 881
303 301 857
82 170 3609
204 361 7248
142 113 8047
338 358 6251
156 312 3156
57 297 1744
195 117 366
99 82 8397
341 217 4498
173 104 1478
90 321 3590
361 355 2961
102 282 206
144 216 403
72 239 7008
313 265 7815
59 152 5473
184 332 737
247 56 6613
104 173 8875
355 63 354
69 159 7651
213 269 9856
321 90 3421
359 208 7891
128 364 6533
293 366 1377
357 360 6192
186 62 5749
224 321 7883
248 340 8066
261 67 5954
25 207 6891
73 339 9564
105 123 2752
237 111 8101
322 72 9092
350 88 3175
366 293 3393
175 155 9364
328 365 9483
322 239 7556
173 104 3971
292 141 2032
32 49 4109
109 116 4498
104 173 4427
158 236 7401
103 207 5745
57 297 4219
356 219 8388
126 259 4748
324 304 5881
160 14 3891
313 265 4454
166 233 4045
199 86 1525
268 299 8541
50 121 6899
184 356 1657
297 363 3541
99 64 1264
219 356 5143
53 146 5988
186 203 6974
158 10 5481
140 204 7709
239 322 9783
231 222 5190
166 225 8508
174 88 2307
32 49 8995
334 28 3808
303 68 9483
347 105 4228
269 213 7937
192 294 601
126 254 1865
272 83 9251
372 68 7387
209 178 4152
71 209 2329
106 66 1701
252 149 6307
15 1 7881
199 270 7802
335 130 6149
60 40 5900
132 106 938
38 202 3841
166 233 8536
336 139 368
185 201 3046
291 287 3088
184 332 6700
102 161 9565
147 191 7980
351 148 9253
307 89 2468
200 95 6442
280 208 6681
227 353 8036
171 86 8196
294 22 7463
7 23 6764
67 348 5288
248 190 2228
52 345 5404
354 164 6052
156 298 2995
365 87 145
39 283 3803
219 332 8584
198 11 4511
253 353 5201
171 86 597
60 202 9408
226 152 9674
249 155 2720
275 44 5421
128 364 367
302 69 3817
249 175 1492
81 168 3691
243 285 1702
325 216 2546
246 374 5220
149 112 871
48 167 5166
110 290 391
192 294 5763
338 358 8280
47 226 5923
332 356 3794
171 270 6387
370 11 8982
79 212 5596
56 214 8028
282 102 4145
172 75 6713
138 122 9176
350 174 3523
307 143 7334
157 358 1439
73 351 5411
28 334 140
124 228 8931
223 179 120
242 9 778
312 179 2057
183 146 8476
350 174 7737
272 127 7584
110 151 8823
318 105 1317
332 219 2601
112 149 2386
88 350 7622
231 360 9947
163 277 1156
344 308 5317
210 207 1532
64 99 1832
270 327 2830
365 94 4452
182 4 2440
265 313 7493
287 159 4291
248 244 9333
347 105 2863
175 29 3559
149 112 4287
79 243 7457
250 274 9394
278 305 2806
262 20 2704
204 5 3850
30 217 6821
63 140 4822
327 171 6649
322 153 4317
2 97 1955
361 140 1401
49 32 4864
295 39 8181
16 339 7300
217 311 6862
161 102 2291
340 190 5876
104 173 5214
143 172 2899
305 240 9948
104 173 3505
356 184 5928
360 357 8939
309 158 3212
23 7 9191
183 146 7402
245 40 7886
304 150 6865
52 71 788
25 8 5992
227 353 4199
132 119 5192
313 265 3549
7 23 2138
81 9 8592
147 151 7875
326 42 3111
79 243 4434
157 358 5507
252 112 7147
331 48 7564
7 23 9963
85 285 2676
341 311 3902
79 243 9590
14 70 9250
156 223 7406
303 372 1353
294 22 1542
366 293 7234
352 91 4893
39 283 71
345 92 6158
163 286 5938
15 1 7564
198 370 3188
85 79 3188
148 335 488
14 70 317
207 8 4711
332 219 5821
106 132 293
262 363 4145
257 267 762
143 89 1784
66 132 2038
218 97 9571
84 284 7028
186 203 6640
337 284 8339
7 319 7407
18 347 2410
333 33 2547
59 47 5132
228 304 6711
86 327 5156
350 174 8166
286 42 9839
72 322 6926
120 256 8280
226 59 3798
109 216 2517
42 281 3700
328 365 9385
365 271 7517
189 240 9003
306 129 6236
51 107 6037
94 220 4637
155 29 2308
27 48 5157
174 350 3758
256 120 2002
59 47 8793
201 206 7067
190 340 537
47 152 7476
90 45 9204
9 81 7366
161 282 3291
231 357 3805
97 6 1701
85 243 3623
25 210 7275
248 340 6528
210 103 5012
192 294 550
61 135 8960
104 173 7159
13 269 9294
26 139 7176
208 263 4799
60 40 7306
261 371 2927
281 80 8246
260 352 5420
99 170 9506
363 200 8811
198 193 6548
167 48 8153
313 265 3653
332 356 2935
294 192 6178
100 284 6411
265 313 3318
34 160 9048
124 228 3353
99 64 6541
184 332 8910
49 32 152
330 314 1771
193 238 3085
59 47 8711
48 27 1828
116 162 5257
4 35 4003
244 248 6308
370 198 1850
62 186 8911
147 290 6557
310 315 9985
346 242 3154
102 161 2655
366 115 7937
269 13 1283
225 166 3710
100 284 7667
250 39 7949
13 37 2553
95 200 7414
199 86 3398
284 137 2783
111 114 8957
122 188 1214
86 270 5748
245 40 4009
148 16 7832
299 268 744
364 65 3999
276 14 9827
238 370 5425
177 130 8039
148 177 6953
217 289 9456
161 282 5048
288 353 392
130 339 1892
234 31 3454
192 294 4204
143 89 1543
173 104 3055
49 32 7653
186 62 1527
144 116 8473
125 13 1762
188 138 4400
137 100 9710
72 239 4548
18 318 3283
91 352 2625
256 120 3607
75 89 3889
125 37 580
141 267 1999
243 212 595
289 341 9655
337 137 9254
222 357 2074
295 39 7975
120 256 4901
178 345 294
275 44 565
356 332 7381
261 371 9418
175 155 1101
193 370 2977
171 199 7333
254 348 1709
231 357 2362
93 275 8439
133 26 8661
68 372 1816
173 104 1597
261 126 2086
173 104 8027
279 333 5945
309 236 8967
182 4 6798
52 178 4028
18 105 9482
59 47 9766
275 93 4886
60 202 3461
265 313 2385
172 143 3586
247 165 4212
120 256 7085
76 310 904
225 233 7202
312 298 6256
335 16 2550
238 11 8434
287 369 1436
311 30 2171
18 347 5860
226 152 4473
279 333 2026
26 336 8696
203 342 8251
29 175 5266
185 91 7512
96 43 9644
235 56 7364
174 88 1832
316 4 4626
319 7 911
295 274 6824
138 188 2161
84 137 3695
357 222 9150
86 171 8482
260 91 7506
165 56 321
10 309 3508
154 170 9539
170 82 2717
306 55 1652
198 11 8590
120 256 1483
100 137 9483
364 128 7585
52 178 3136
195 188 3136
166 233 3801
192 294 7180
360 231 5825
257 237 3194
122 188 9212
91 352 6358
254 259 8317
364 65 7837
260 201 8805
296 200 8717
360 231 4547
42 300 5640
116 144 4974
115 366 2683
104 173 5373
223 368 5345
151 191 2856
313 265 5509
269 37 4943
299 362 6284
89 307 6663
227 273 7192
108 154 5305
7 23 616
94 87 9667
225 233 3541
340 190 335
253 227 6869
301 58 9905
261 126 607
207 8 6031
96 12 6039
44 194 4142
123 347 8962
166 233 6386
104 173 4041
222 231 3578
102 282 3799
161 102 3829
202 121 2751
39 250 7439
82 170 5213
34 70 9465
193 198 2703
168 81 2257
369 69 9343
303 68 174
156 298 4279
313 265 6747
128 65 1986
370 238 2468
184 332 652
307 75 5223
271 94 7175
32 49 161
125 37 4869
107 51 1122
366 115 2417
47 152 4064
29 175 402
236 158 474
253 288 7844
22 192 3586
175 249 2430
28 334 796
263 208 8938
120 256 7329
19 90 9953
151 290 7694
165 214 6772
193 370 5741
242 346 9154
214 165 1074
53 146 1914
183 146 5471
175 155 4972
308 362 8871
70 34 7116
37 13 2623
74 127 8143
318 105 8144
14 181 3787
275 93 5813
32 49 8989
298 223 9356
293 115 8632
339 130 4040
358 338 5230
59 226 9291
17 321 6258
306 205 5001
348 126 2023
110 191 8936
64 99 1266
369 287 8907
70 181 5312
300 42 3215
309 158 7333
88 350 8224
96 1 1329
130 351 5124
275 194 1053
372 303 3602
327 86 7430
14 276 1994
338 358 2864
17 90 692
346 168 1109
32 49 3506
254 67 2619
123 105 9831
37 213 5967
374 31 6544
192 294 2221
282 102 3851
299 142 9572
34 14 1396
289 341 1040
182 316 898
356 332 4648
355 5 348
350 174 8376
351 148 9388
53 183 2828
86 171 9968
38 202 9155
3 140 1349
329 58 3561
318 347 7879
374 31 1115
254 348 1844
27 118 8854
292 114 7020
211 189 9245
9 81 1535
252 112 6113
326 42 1845
149 252 9873
279 333 5311
104 173 9387
88 174 441
178 92 5682
7 23 9334
342 186 9304
158 309 3582
245 50 3315
332 184 8652
219 356 386
350 174 612
194 232 4916
307 143 7572
265 313 5153
267 111 11
59 226 7337
6 264 9835
28 334 9231
110 147 3274
363 297 8595
44 232 469
45 230 7218
217 341 3188
158 10 5086
324 320 9812
240 176 6404
134 182 1382
93 194 2834
12 1 8776
117 195 25
194 93 1326
231 360 2846
252 112 9308
165 56 6666
8 25 8720
294 22 8149
280 263 6103
152 47 1352
173 104 4777
82 64 7520
41 241 7059
223 156 2652
129 349 8182
98 306 1343
44 232 1709
95 363 6310
336 26 5782
27 331 5181
182 4 7805
59 226 7154
346 9 1681
173 104 9297
313 265 5416
351 339 4148
363 200 3244
321 90 8578
324 124 4962
189 176 4291
127 74 7164
48 135 6745
100 337 9430
370 198 8684
194 93 8410
358 157 4361
103 207 8562
105 18 5025
185 352 236
223 312 6985
168 81 6900
177 335 3901
338 157 757
76 41 8306
25 103 4536
350 174 6702
160 14 2679
99 154 3942
293 101 7967
161 102 3275
101 115 7544
145 263 5449
224 230 7679
105 318 9898
235 56 3177
307 89 3725
342 77 5905
83 74 3785
88 350 879
289 30 5444
102 161 3459
118 135 720
32 49 5940
63 140 8027
70 181 2103
155 29 5211
106 132 5152
373 36 4643
298 312 1813
79 243 7258
213 13 9932
339 148 6408
53 183 9981
148 335 3503
110 151 2953
373 323 6233
173 104 3949
339 73 755
350 88 788
207 8 6561
371 126 7477
62 77 5303
61 48 7175
349 46 6674
71 178 9094
50 60 9259
109 162 1506
103 8 3681
34 276 3633
133 139 8737
39 274 2689
370 11 2488
85 317 2959
277 80 2250
230 45 5037
216 144 3634
172 89 9146
156 179 5868
261 259 2453
368 156 3203
338 157 3403
154 99 6228
102 161 916
83 127 4220
239 72 6181
145 263 3857
323 310 1408
65 364 7909
290 151 5240
343 153 5221
219 184 4571
143 75 8830
77 186 86
207 210 974
150 304 5333
68 58 3552
262 296 4879
121 50 6142
338 157 3906
284 337 598
119 132 4092
298 368 9257
290 151 5412
225 233 2538
33 279 2973
252 149 1376
233 225 861
47 152 335
283 274 4936
147 290 9221
148 351 9690
70 276 1262
79 85 8210
124 320 3302
270 199 7470
236 158 4641
194 232 5292
57 296 3742
103 8 7658
158 10 6039
70 160 8483
302 159 3892
324 150 5211
214 247 2066
329 372 2014
231 360 7175
51 107 748
31 234 8603
287 159 826
198 238 513
149 112 6753
14 70 2475
151 191 6442
15 96 8184
272 127 9622
341 217 6697
102 161 2619
311 289 4204
294 22 9156
249 155 3600
288 273 8372
246 374 7462
112 252 2625
236 309 6341
46 129 1092
354 164 450
157 358 3552
116 216 2976
147 110 2058
98 78 5310
93 232 5489
137 284 5547
222 360 4551
61 48 4938
265 313 4555
41 323 2958
340 190 6057
10 236 7213
317 85 5957
71 178 9119
370 193 338
46 55 2603
183 53 1652
105 123 5593
371 254 6755
82 99 9686
239 153 2223
178 52 2677
243 85 6164
138 188 5267
138 122 9644
105 318 8734
134 4 800
88 350 7065
84 100 3262
30 289 989
66 119 2496
15 1 2614
35 182 9771
96 43 1192
58 372 9105
68 329 7991
272 74 2171
292 141 3962
342 77 6921
86 270 4319
267 197 832
359 145 7890
357 222 50
275 44 7324
47 226 8178
109 144 3215
59 47 5940
15 96 7751
48 135 3294
182 134 3367
297 200 2099
173 104 7094
81 168 8425
284 100 645
22 192 3553
31 246 2606
24 56 2754
28 334 849
357 360 245
272 74 7288
66 106 4848
31 234 9661
167 118 2462
253 227 2230
182 134 9155
349 46 5160
247 235 9189
11 193 7799
98 46 9797
247 214 2183
283 274 2228
370 198 5676
170 108 9725
148 351 1016
247 165 4586
10 236 8859
149 112 8290
291 69 1913
141 114 2802
128 364 1282
165 56 3811
16 339 2979
264 97 5604
322 343 8371
165 56 1897
183 53 8973
287 302 738
112 252 2840
149 112 3609
56 24 1072
11 193 7841
319 23 1355
203 62 2371
183 146 6054
230 45 3258
144 116 7770
11 370 3048
89 75 55
120 256 4359
331 229 8433
99 64 5522
311 30 7598
47 152 8670
102 161 2548
329 301 1828
72 343 9939
188 138 1931
174 350 4926
372 58 8391
255 28 3189
117 138 7470
134 182 7402
331 118 954
90 17 6200
246 234 7095
1 15 5065
226 152 1302
313 265 1072
73 335 469
319 7 9403
107 51 5945
174 350 4298
302 369 2313
273 227 1742
83 127 1360
256 120 3473
295 21 2170
150 324 4089
112 252 6323
73 16 4241
219 184 4999
116 54 5952
358 338 7954
95 262 812
156 312 6357
108 154 8376
8 210 9397
36 310 1357
351 148 5671
198 370 7151
185 260 9039
121 202 9535
253 273 8243
269 37 9081
23 319 4780
72 343 7148
44 93 1466
371 126 1032
329 303 1704
332 219 3591
9 168 4213
188 117 5441
47 226 2083
305 176 603
292 251 2335
10 158 2485
68 58 5545
43 1 2563
120 256 9901
168 9 4657
132 66 738
123 18 9720
75 143 3247
28 6 7828
217 341 4382
34 70 6037
216 54 5175
371 67 6954
195 188 1382
301 329 509
256 120 9260
120 256 9827
132 66 9716
104 173 3651
156 223 5402
207 8 504
31 246 405
133 139 6258
237 111 6190
352 260 46
82 108 25
252 112 8529
6 218 8067
237 164 9880
175 155 7298
308 344 2055
262 95 4848
332 219 7646
349 46 929
193 238 8350
23 319 5553
43 15 3699
254 126 6063
147 191 6885
322 72 3512
144 216 3185
340 244 6250
322 239 4563
234 374 9776
235 247 6200
247 165 4168
190 248 8575
54 216 6399
344 330 9362
206 352 7987
137 337 241
153 72 6767
53 146 5287
116 54 4850
104 173 7369
374 246 3773
370 11 6584
336 26 3434
281 80 718
243 212 3933
330 308 9741
222 360 497
282 161 9442
73 16 3017
348 126 6028
20 95 9923
301 329 4901
30 311 9238
177 73 8111
68 303 488
171 199 9760
268 344 785
278 187 6358
106 66 252
154 99 807
48 229 7110
181 70 4371
166 225 5330
89 172 3685
274 39 4277
125 269 2155
52 178 2461
161 282 7073
357 360 1531
139 26 2836
353 273 2915
238 11 8160
146 53 9612
81 168 3962
52 71 7755
250 295 6976
12 96 1195
5 361 787
68 58 8156
33 333 2573
160 34 9211
129 78 6826
294 192 8222
261 259 2486
286 300 9537
32 49 2103
253 273 2854
339 177 4448
285 212 5342
23 7 651
31 234 2503
278 211 5045
361 140 3411
337 137 727
163 300 9040
133 139 6843
280 263 1706
91 352 5490
105 18 2461
209 92 2947
42 286 9844
59 152 2903
80 286 1773
117 122 7173
316 4 633
298 156 891
343 322 3722
337 137 6059
333 33 3537
177 16 9539
205 306 1931
246 234 9928
252 149 1840
16 177 7288
125 269 6273
64 82 6438
299 268 7571
333 279 6614
96 15 8854
106 66 9723
354 292 6577
102 161 7127
373 315 7066
99 154 3695
359 263 3313
33 279 5547
34 70 3197
104 173 4637
138 117 5442
283 21 7518
346 242 9137
14 70 4829
342 221 683
204 3 1750
149 112 7997
325 144 853
311 341 2819
347 105 6305
33 279 7833
327 86 9047
104 173 5447
120 256 6220
119 106 5839
289 30 3634
300 258 1349
171 199 8121
328 365 4561
226 59 7908
77 342 7998
241 323 8031
261 348 4277
36 315 5289
20 95 1319
82 64 5897
9 242 5179
50 40 636
101 115 474
108 99 8714
136 227 1267
297 296 2908
282 161 1445
298 223 1618
96 12 2027
65 364 7480
33 333 1522
65 128 4380
168 9 5098
320 124 9318
168 81 875
191 290 6204
347 105 1915
328 220 1634
133 139 238
107 266 6606
358 157 5896
327 86 4160
259 126 7289
32 49 5428
87 328 3864
189 278 3230
278 240 3734
313 265 2746
157 338 560
239 72 1264
346 242 8972
276 70 4912
100 84 7565
305 278 8996
319 7 2111
357 360 776
170 64 6992
313 265 5223
328 271 467
64 99 7982
56 24 9216
360 357 5407
300 277 8358
350 88 4691
65 128 9177
362 268 3903
72 343 9152
56 235 2010
128 65 4319
54 325 2120
78 46 6034
243 317 5986
56 24 6006
33 279 7802
90 224 7542
239 72 1549
100 284 2037
332 219 9291
115 366 8808
18 347 2943
144 54 9494
350 88 1193
117 188 7928
165 214 4246
34 276 3563
289 311 1603
301 68 4014
356 332 7118
224 45 6971
333 279 3336
213 37 3614
134 35 4814
19 90 6013
207 25 6604
183 53 1262
172 143 1258
191 290 7261
170 82 4149
349 129 3063
139 336 9577
67 259 8296
97 264 7044
172 75 8319
223 298 5761
132 119 2841
338 358 72
33 279 5183
188 195 871
39 21 9211
43 1 1489
342 203 7238
156 312 925
157 358 9037
14 160 8003
59 226 3505
69 159 2314
116 325 1528
119 106 7255
341 30 4807
364 65 8093
10 158 7186
231 360 803
206 260 4031
259 67 589
211 278 2867
10 236 6704
106 119 4818
65 364 5931
61 48 6859
358 157 7654
72 239 4213
273 227 3544
319 23 9400
52 345 9761
214 56 479
62 186 1707
26 139 8723
156 179 9507
168 346 7089
338 157 7369
104 173 9500
49 32 5515
132 66 4558
66 119 528
296 262 1632
297 20 1904
256 120 5029
272 127 3081
115 293 5038
374 31 4679
125 13 4092
212 79 2169
351 339 8413
208 263 5260
304 124 7518
277 258 4590
175 29 4171
8 103 4976
146 183 1759
283 295 9240
216 109 6147
125 37 1245
263 145 1206
368 156 1684
139 133 1407
225 166 8370
125 269 4932
168 346 5707
228 150 2369
10 236 6678
137 284 1867
40 38 3123
64 154 7976
87 271 4782
128 364 7559
161 102 7621
124 228 9053
78 55 2203
345 71 9804
37 125 7109
239 72 3914
23 7 7655
219 332 2540
185 206 6098
284 137 6318
89 75 1548
351 148 7820
71 345 2723
366 101 4660
172 307 9379
246 374 4090
276 160 4102
32 49 2631
112 252 1848
319 7 5995
103 8 2296
33 279 2260
344 330 3164
217 341 1163
208 359 3123
178 209 9336
313 265 2059
232 194 1605
22 294 3095
66 106 8764
185 206 3031
304 320 1903
127 272 2208
256 120 711
4 182 9879
90 321 2771
236 309 3829
78 55 7718
102 282 729
67 259 9618
4 316 716
169 134 3099
12 43 3780
195 122 8001
364 65 6475
106 132 4258
279 33 1370
198 370 9724
289 311 1528
104 173 1387
174 88 9164
240 176 6635
310 367 7315
73 148 8817
208 359 6137
346 242 1762
115 101 5158
119 66 1006
23 319 3903
191 110 5554
265 313 1502
173 104 8551
367 76 4528
45 224 3097
340 248 549
280 145 424
352 201 2394
222 231 1941
123 18 7162
22 294 9261
274 250 7141
95 262 7809
92 345 71
372 58 9896
277 300 9284
97 6 8481
243 317 3670
356 184 3753
123 318 8669
10 236 9457
230 45 3008
28 2 8597
267 257 7008
268 314 5953
116 325 1790
265 313 9318
59 47 4493
120 256 2264
302 291 1230
221 342 5891
305 176 9056
258 80 9362
31 374 9727
313 265 8559
207 8 6405
360 231 2935
221 186 400
147 191 1240
121 50 9378
146 183 8239
246 234 1223
316 169 2000
104 173 7537
257 197 4989
253 353 7414
193 198 2428
190 340 160
154 99 7939
321 19 6309
287 291 3447
171 270 2446
65 364 4565
307 143 9832
183 146 4313
42 163 1358
180 78 5073
37 125 3726
301 303 6467
327 270 7355
7 23 7325
33 333 6791
161 282 7234
129 78 4332
301 68 9182
269 213 3946
106 132 2165
27 331 3914
319 7 9114
133 139 3904
183 53 708
45 230 1554
313 265 9991
31 374 9562
151 147 8676
51 266 940
298 156 23
14 70 4077
263 359 1883
293 101 1058
269 213 8438
321 90 2911
347 105 9867
140 5 8634
212 285 6001
65 128 4488
191 290 3644
31 234 1101
307 172 8129
249 175 2399
321 45 57
212 285 8140
212 243 8100
257 354 9483
169 316 3185
39 283 1509
353 288 1253
230 90 9493
119 132 1259
304 228 4720
234 374 5473
224 230 791
122 138 8214
372 68 1291
36 310 2448
159 369 6124
284 84 6081
338 157 4069
275 232 9330
117 188 1461
346 9 544
323 76 3657
163 286 7192
17 230 6653
293 115 5287
57 20 6830
123 347 8069
24 165 1015
68 329 7478
337 137 7698
81 346 2012
220 328 5947
137 100 1450
325 109 6712
89 172 4470
224 230 4465
51 107 9143
151 290 9079
6 218 5748
208 280 1590
248 190 1833
256 120 6044
23 319 3072
161 282 4399
7 319 3473
49 32 2539
121 50 6216
237 354 8051
219 184 9195
107 51 9107
168 81 1348
325 162 378
65 364 5648
159 287 7357
39 283 2340
47 59 2611
234 374 9894
294 22 7631
183 146 9841
7 319 7819
76 41 7900
213 13 4504
294 192 6020
352 206 4076
232 275 9035
364 65 4574
266 107 3865
206 260 7218
261 254 7236
89 307 5534
159 287 3634
32 49 1575
147 191 1590
256 120 9686
213 37 7883
338 358 3701
301 329 9231
302 291 9502
315 76 5674
316 134 30
209 92 8970
157 358 7037
124 320 6902
123 105 1245
225 166 3603
309 10 9203
338 358 7345
119 132 6240
332 184 4364
249 155 5186
104 173 1269
91 201 4545
84 337 1055
104 173 1872
146 183 9141
244 190 2336
226 152 9210
85 79 6224
248 340 4139
273 353 2010
140 204 3116
45 90 1382
220 87 34
201 91 666
230 224 9174
89 75 5204
24 235 6282
91 185 9429
23 319 2931
323 36 197
232 194 5677
283 274 4128
7 23 4331
366 293 203
117 195 3011
38 40 8170
324 150 4138
224 321 1643
222 357 3379
361 5 7088
126 261 6697
125 37 327
53 146 9464
7 319 6251
363 95 3301
321 19 7663
213 125 8741
123 18 7448
127 272 3229
204 140 4509
358 157 5755
145 208 9606
140 204 4931
312 156 4177
78 129 9998
11 193 6901
16 130 6612
88 174 9649
30 311 5202
88 350 5668
166 233 4224
74 83 983
256 120 5700
180 349 3085
300 286 9308
337 100 253
343 239 8478
69 159 2319
60 50 7169
184 219 2123
253 353 3849
291 369 1594
141 354 7490
244 340 262
161 282 3632
35 134 4605
210 103 987
360 231 6544
262 297 389
104 173 6234
340 248 7938
261 67 8070
95 57 2801
173 104 3669
80 281 2530
283 39 3937
23 319 9166
120 256 9595
304 324 1813
300 281 938
313 265 4674
257 164 605
104 173 3425
332 184 6512
18 123 8493
318 123 7564
78 180 7349
248 340 7408
266 107 1925
190 244 7105
265 313 5541
49 32 6595
318 347 7382
44 232 6191
272 74 8304
202 38 758
170 108 5825
35 316 6981
133 139 2507
178 52 8449
209 178 470
183 53 5341
282 161 4543
312 223 158
47 59 5526
42 277 9775
171 270 5718
115 101 5341
374 234 9769
221 186 5652
309 236 5820
135 229 2530
366 293 2221
279 33 6244
4 182 4407
231 360 8999
319 23 8602
253 273 4163
34 160 722
88 350 7944
235 24 1815
263 208 1246
44 232 383
308 362 3120
53 183 3319
143 172 9243
59 152 4303
231 222 4791
187 189 2007
325 109 8303
346 81 3176
7 319 3218
105 18 886
184 332 1338
230 45 5505
359 263 8450
322 72 7921
324 304 2202
18 318 2850
108 154 4683
52 92 7327
100 284 3843
137 100 6786
115 293 5474
68 301 2196
12 1 5738
96 15 2099
234 246 5677
152 226 9158
223 368 8178
100 84 5448
313 265 5818
101 293 3666
133 139 8196
12 15 9784
192 294 3230
318 347 3187
259 126 1232
151 290 6512
255 2 5987
134 35 5856
78 55 8689
322 239 1144
132 119 5055
285 85 6305
112 252 9377
318 18 4129
60 202 9291
65 364 3468
272 83 6787
158 236 9372
51 266 1741
145 208 8354
23 7 3804
115 293 3880
244 190 2628
362 142 7420
31 234 2648
222 231 7508
295 39 1335
235 24 8829
290 191 5044
333 33 7694
224 45 2963
216 144 3117
183 146 282
81 242 8716
179 156 8244
85 243 5900
294 22 6493
75 307 3283
374 246 7872
122 138 3053
119 66 3883
89 75 7716
147 110 9209
313 265 325
8 25 1649
106 119 9926
49 32 8083
214 165 686
7 319 1038
178 209 1540
205 46 3887
213 269 8371
52 92 9677
349 78 5252
173 104 2838
86 171 4372
207 25 9145
358 157 5140
265 313 8611
261 371 3221
280 359 3900
59 226 3404
53 183 9452
51 266 7670
76 367 4444
177 16 4112
246 234 8278
195 117 7685
101 366 7620
44 232 3464
234 31 5968
50 38 6703
100 337 641
107 51 8449
306 129 5616
136 353 7442
29 249 1521
334 255 3881
19 230 5034
230 19 7402
35 169 8436
333 33 1070
360 357 1077
246 31 9510
89 75 661
79 85 9708
364 128 5364
5 3 5422
43 96 3294
217 311 8314
339 335 3472
84 137 7505
143 89 2563
171 86 1615
148 16 2497
320 228 4966
104 173 4506
305 189 368
252 149 9506
72 239 9291
248 190 6730
188 195 4513
277 300 1052
19 224 9767
272 127 3607
85 317 3094
96 1 6107
246 31 3229
83 272 5636
250 295 7806
332 356 8800
343 322 6425
38 50 1951
65 364 1419
315 373 3447
170 82 2479
33 279 3418
358 157 9641
160 181 2272
86 270 5940
53 146 2596
370 198 1828
356 184 1276
320 228 9526
236 309 4244
50 202 4022
226 47 821
128 65 4476
208 263 3800
41 373 865
194 44 4818
331 61 6221
217 341 8246
52 209 2412
360 231 9054
293 366 612
110 151 75
79 243 5860
68 301 2786
30 341 3698
225 233 1533
33 279 7680
309 10 9873
299 362 8227
107 51 4045
121 38 6313
71 345 4166
319 7 9159
372 58 5330
1 15 1458
101 366 3030
321 90 9103
163 277 494
64 170 8389
67 371 366
348 259 322
178 209 2468
170 108 1602
279 333 1426
71 178 147
58 329 6936
373 367 5888
166 233 7840
322 153 7727
292 111 1177
164 267 621
217 311 6687
31 234 5686
296 297 6085
361 5 6454
276 160 7991
115 366 8679
358 157 9873
364 128 1361
359 145 5356
332 356 9678
136 288 9800
293 101 7034
25 103 7553
364 65 6419
316 169 3469
290 191 7595
84 284 7185
287 69 3733
70 160 2044
109 144 2597
26 336 6062
158 236 2381
188 195 73
234 374 108
162 216 2423
166 233 267
161 282 6520
153 239 4793
254 348 1191
72 239 5568
286 281 3445
89 307 5340
225 233 3439
74 272 7085
278 176 3265
104 173 1653
266 51 4802
248 190 7495
269 13 1176
342 62 6068
136 273 6498
46 180 7133
99 154 9508
313 265 9431
224 45 7582
238 11 2421
354 251 3354
69 369 8338
343 153 115
35 134 235
138 122 4771
102 161 3709
372 329 6415
122 188 3876
74 127 255
7 319 342
304 228 3749
12 43 6040
56 247 1172
41 310 7966
256 120 164
226 59 8420
32 49 5746
225 233 8399
219 184 6669
299 314 5912
337 284 7879
270 86 1012
85 243 5502
220 87 7880
328 220 8984
247 235 6153
233 225 5609
101 293 6332
156 179 8951
303 372 341
128 364 2126
73 148 2708
311 217 260
107 266 4338
3 63 6030
78 205 4206
279 33 6246
357 231 4229
282 161 3341
207 210 3846
104 173 2138
92 345 3210
313 265 9834
347 18 4118
336 26 139
187 176 2063
157 338 7240
161 282 7537
236 309 441
23 7 3874
71 209 6802
346 81 6853
104 173 6369
75 143 2535
118 167 5096
30 289 2738
72 343 2130
76 323 5615
285 212 5507
256 120 8434
69 291 7687
356 219 7342
169 182 3555
259 261 3095
318 347 6467
75 89 7538
66 119 8879
336 133 6650
15 96 4579
26 336 8906
143 172 1144
267 354 8778
188 195 6886
217 289 4806
318 123 7065
99 170 9984
24 247 8179
313 265 8093
368 298 2843
270 86 6575
202 245 8039
210 8 5900
340 244 2128
73 177 9132
80 326 3071
33 333 949
175 29 1574
187 211 6409
157 338 2016
344 113 2476
319 23 5648
55 205 2795
318 347 330
310 241 5669
157 338 1384
172 143 7307
47 152 8658
209 71 5793
334 6 8977
171 199 5702
66 132 3045
366 293 7786
23 319 5666
62 186 5906
193 370 9454
190 244 130
99 82 5549
101 366 6721
173 104 4197
54 116 323
205 129 234
254 348 9148
265 313 2961
366 293 9623
32 49 4586
256 120 7084
207 210 1099
67 371 7450
100 337 4413
248 340 8937
199 86 2074
269 213 1826
311 217 7004
72 239 6267
176 189 9895
239 343 7499
270 327 5726
338 157 7839
355 204 3699
97 264 6252
229 118 6826
197 164 2526
165 214 2249
112 149 7223
159 291 4497
270 327 405
117 188 3015
68 58 5324
72 322 4896
112 252 8272
218 6 97
208 145 9591
168 346 5148
102 161 2369
254 261 4982
169 35 6419
151 110 3874
245 202 9528
140 204 8626
202 245 9070
353 136 2333
274 283 1767
136 273 534
39 274 8938
151 147 3663
153 72 7461
282 102 1949
276 160 2300
120 256 4559
285 79 2947
304 150 9641
303 329 8917
78 129 7343
260 201 9050
140 361 4302
16 73 7419
173 104 225
3 5 7063
2 218 2177
168 9 8827
295 250 1527
337 84 7326
40 121 2290
33 333 1361
40 50 413
46 78 9528
227 253 296
61 118 5925
83 74 606
165 235 7541
153 322 5470
348 254 7844
138 188 8309
41 76 4497
148 177 8606
66 119 4055
231 360 4273
42 286 1105
309 236 5978
113 308 4673
27 331 4669
244 248 9399
318 18 7059
343 153 4517
366 115 9233
278 176 5535
273 227 8247
238 193 7042
355 140 1531
228 150 9938
108 64 8443
374 246 6124
35 4 6610
96 43 5116
328 271 735
241 41 7264
286 277 3197
252 149 4837
166 233 1659
85 285 4385
273 227 7651
10 236 4364
90 230 650
179 298 3932
311 341 6631
324 150 5396
171 86 8495
371 67 5813
336 26 1894
75 89 6769
14 34 7734
244 340 8253
79 212 2615
229 118 7385
188 138 4950
120 256 885
161 102 7408
340 248 9434
25 210 287
364 128 5532
88 350 1389
26 133 3549
26 139 9979
358 338 4127
167 27 4566
209 92 7009
156 223 2148
175 29 2033
39 295 8193
15 1 2108
272 127 859
94 365 9261
341 217 4466
283 39 2673
58 301 4035
110 290 7717
145 208 7514
302 287 4023
74 83 8793
315 367 8929
39 21 9650
186 203 8517
298 156 3258
239 343 897
14 160 3464
166 233 6861
252 149 780
371 254 590
197 237 1200
8 207 4543
339 177 2907
56 214 1337
343 239 9393
349 55 6335
197 257 9526
70 34 8040
279 33 3750
353 273 257
165 24 149
121 245 6617
325 216 6437
159 291 3047
332 184 5486
182 35 8778
113 344 6079
100 284 6085
335 130 2854
260 91 5008
350 174 8342
322 153 5167
213 37 9877
335 130 9896
293 101 6521
349 46 79
71 209 629
177 335 4954
291 302 7071
173 104 3197
285 317 8301
30 341 6925
112 149 4866
153 72 480
10 236 68
344 362 4971
117 122 6584
147 191 2498
227 288 8387
358 157 5178
104 173 8429
340 190 3337
22 192 8051
265 313 1040
274 283 5934
181 14 7481
322 72 5262
6 264 9729
289 341 7689
234 31 2607
186 62 6387
169 316 6039
192 22 1985
33 279 7816
151 147 2293
361 3 6465
347 318 5613
34 181 6014
318 105 4605
107 51 92
120 256 4674
195 122 5020
225 166 832
56 165 8287
231 360 9913
230 224 1191
104 173 1790
269 37 6117
250 283 9142
134 316 4947
124 304 836
361 5 2722
7 319 253
72 343 9895
317 79 1143
158 309 3370
22 192 447
180 205 2857
265 313 6514
354 251 7935
158 236 1245
68 58 9068
140 3 1833
100 284 895
107 51 4354
225 233 1989
229 167 2661
81 168 4912
56 24 5913
349 46 4185
207 210 8524
365 220 5792
336 133 5929
43 12 9278
264 6 365
327 171 5281
51 266 7598
310 315 1755
223 312 1573
154 170 2850
139 336 3980
37 13 5543
113 330 8153
253 227 1373
301 303 2517
286 80 5654
86 199 3818
193 238 412
44 232 6382
30 289 8757
266 107 6420
226 152 898
161 102 2249
90 19 2393
163 326 546
45 19 2510
310 367 9044
202 38 2674
312 368 6963
157 358 3933
7 23 883
53 183 1716
85 79 8497
219 356 1401
279 333 7077
255 97 9572
248 190 8067
157 338 4046
126 254 7493
312 179 7203
163 326 2079
102 282 4599
320 304 7075
231 357 838
301 329 6961
174 350 3989
340 244 270
185 91 6462
120 256 1402
79 85 1686
289 30 6695
220 271 9420
52 178 5430
161 282 4606
54 144 1322
19 230 5639
11 193 8777
276 160 8576
307 75 309
153 239 4965
269 213 1838
109 325 2821
317 243 8401
233 166 237
190 248 394
336 139 7242
45 90 1334
203 186 3930
68 303 3620
273 136 6072
128 65 3198
158 309 7202
7 319 9193
229 167 7052
122 188 3855
210 207 3992
39 274 274
32 49 4997
286 300 4873
322 343 8103
132 106 6595
157 358 228
360 222 87
116 216 2122
66 106 447
364 128 8394
213 13 1257
126 348 5110
333 33 1628
20 262 415
346 9 9798
172 75 9378
70 34 9728
292 251 6131
270 199 729
250 274 8073
344 142 7269
265 313 2196
155 175 5635
121 40 8151
239 322 8876
258 42 1294
87 328 8382
39 250 8821
27 135 251
164 141 7937
44 93 104
119 66 5608
235 214 8938
107 266 1358
261 254 3142
208 280 1513
104 173 1553
89 143 9037
251 111 1701
65 364 1251
316 169 3773
364 128 8022
133 336 3088
36 76 8336
317 212 1727
263 145 8328
191 290 9015
14 34 255
154 99 8132
183 146 1585
112 149 2120
17 19 8011
244 248 5468
252 149 8221
199 270 9289
158 10 1210
48 118 2385
285 243 4672
224 90 7120
264 255 1740
349 78 2140
91 352 8236
33 279 8079
150 320 4985
100 337 884
265 313 3468
83 127 6113
19 17 8471
161 282 5943
83 127 1161
207 8 3078
174 350 1006
273 136 4099
336 26 9625
248 340 2408
229 27 6568
120 256 8467
371 259 5100
281 80 5623
224 230 188
322 343 4375
170 154 6731
26 336 7674
327 199 3983
34 160 5540
209 178 6044
184 356 7354
167 331 2320
161 282 7831
219 356 7718
348 259 7230
198 370 5585
303 372 8180
338 358 5985
25 207 2080
79 85 5584
268 308 1521
67 259 207
218 97 8090
226 59 406
315 310 10
272 74 3377
110 290 1051
86 199 3277
249 175 7053
32 49 6887
94 365 2459
367 241 1836
225 233 6226
120 256 681
71 52 8624
133 139 3652
46 349 2292
241 36 5803
356 219 1600
5 3 1329
123 18 6959
195 122 2640
94 220 7901
127 272 9253
173 104 7008
52 178 1283
26 133 5971
202 245 423
40 121 9675
74 272 9717
68 303 348
321 19 504
211 176 1189
18 105 5971
239 72 6069
350 88 5682
191 290 8544
364 65 1067
132 119 5065
159 287 1
58 301 8472
52 178 6400
364 128 9440
290 147 1574
159 69 560
7 319 2625
297 20 467
239 343 3983
110 290 6262
152 47 2444
295 274 855
210 8 8388
320 324 5299
146 183 1994
231 357 6079
173 104 8187
37 125 89
101 293 7743
58 68 772
301 329 6991
336 26 6860
312 298 8195
266 107 9054
22 192 9055
157 358 4903
200 95 6368
288 273 501
288 227 565
152 226 307
267 111 3640
149 252 5120
224 230 2153
119 132 8199
265 313 5559
201 352 3875
233 225 7116
163 286 7719
305 240 1103
7 23 3790
324 304 5035
355 3 1509
39 274 6947
194 93 2603
11 198 268
202 50 2277
244 248 8640
190 248 7962
280 263 932
64 108 122
217 311 302
115 293 8650
331 135 6769
255 2 3836
210 8 3212
200 296 8292
303 329 2664
138 195 1575
142 362 8034
112 149 3052
357 231 6829
84 284 5057
319 23 6117
101 115 3558
266 51 3355
301 372 5354
103 25 2565
183 53 3283
326 277 2225
15 1 8508
23 7 7667
218 6 4830
239 72 6288
316 4 6177
264 2 6249
362 330 1881
128 364 3120
226 152 1956
298 312 8590
175 29 9854
184 332 6824
175 249 4051
32 49 7080
217 289 2323
297 57 3217
245 50 4232
202 40 6018
65 128 8348
174 88 2393
211 305 5738
34 14 6140
25 103 3631
198 11 2920
19 45 3864
100 284 990
69 291 7395
230 224 9564
195 138 388
107 51 8183
183 146 5960
67 259 1979
173 104 5700
185 260 2022
374 246 5460
231 357 3773
40 50 9306
184 332 7512
84 137 7729
333 33 3332
295 283 3893
73 177 3867
225 166 2867
297 200 4779
222 231 6008
232 93 4928
99 64 7583
121 245 7369
115 293 6268
105 347 3396
283 39 2576
1 12 9958
330 314 7522
265 313 7293
242 9 4856
175 155 8386
231 357 2677
198 370 9911
312 298 1259
264 218 1823
190 248 9700
192 22 4333
280 263 5851
78 180 9605
234 246 1400
110 290 6482
37 13 8750
16 148 3112
347 123 4310
53 183 8578
287 369 2249
252 149 1261
366 101 6771
166 233 2842
32 49 6551
33 279 9661
103 210 7655
70 14 7104
23 319 3358
173 104 777
104 173 8871
170 64 6827
226 152 3192
233 166 6259
123 18 1045
233 166 6844
8 207 4042
347 18 536
335 339 6371
22 294 8122
249 155 8230
145 280 1261
333 279 5852
181 14 6868
171 327 1784
266 51 3603
63 140 9280
256 120 9056
194 232 4596
175 249 2300
156 298 1942
265 313 6476
374 246 5339
88 174 7746
372 301 8801
57 262 5341
146 53 3982
8 210 7984
248 340 9718
287 369 9170
40 202 2639
232 275 3414
119 66 2503
128 364 641
184 332 6688
223 368 5360
252 149 1644
67 259 4078
351 148 7520
284 137 805
358 338 465
145 280 411
265 313 2706
207 103 1685
116 325 9674
332 356 1672
313 265 4924
194 44 1928
364 128 3254
4 182 235
12 15 5236
364 65 7157
374 31 9387
18 347 7468
43 96 146
45 230 8400
150 228 9607
286 300 2364
240 189 14
338 157 9342
240 278 3188
164 114 5018
81 242 6934
69 369 5634
52 92 9450
299 142 5890
177 335 7507
298 156 2121
239 72 5631
45 90 8882
211 278 3811
46 129 3621
338 157 3277
298 312 7952
156 223 7787
244 340 4611
75 89 6124
48 135 5266
239 343 3207
183 146 4381
303 329 3891
76 36 937
69 369 1087
125 37 5258
294 192 6290
108 170 1564
253 136 7855
101 293 1948
1 96 9167
22 294 2669
291 369 2739
102 282 8874
293 366 7355
316 134 1831
30 341 6139
222 231 3495
51 107 3090
64 170 3956
149 252 7629
173 104 3367
192 294 5152
305 189 9819
174 350 1630
97 218 8196
224 230 1851
304 150 3223
51 107 4045
139 336 1641
248 340 6472
65 128 7519
53 183 2011
361 140 8165
332 184 339
3 63 1437
79 212 1829
143 89 9776
146 183 5399
101 293 8510
330 314 7901
180 349 8042
132 119 6510
231 357 9736
19 224 9561
89 75 7254
145 208 7097
107 266 79
112 149 2660
363 296 3920
321 19 6974
302 291 2992
279 333 8699
219 184 3925
231 360 7146
271 365 5301
53 146 7238
279 33 8258
35 4 8984
28 2 4744
290 151 1712
254 371 1540
42 286 4925
206 185 3333
65 128 8012
203 342 8246
360 357 9196
161 282 4583
32 49 8625
140 3 2332
205 180 5780
149 252 2964
62 342 7868
276 70 4954
192 294 5512
79 85 821
81 346 6963
290 191 4663
279 333 6079
262 20 8382
49 32 3149
89 75 6487
367 76 7617
70 276 1510
217 341 2625
138 122 1350
12 1 765
304 150 3415
257 197 2103
301 329 6273
356 184 3823
147 290 95
149 252 1138
258 163 6751
104 173 1069
294 192 1027
326 258 3907
278 211 4961
296 20 320
92 345 7056
16 177 5270
82 64 3450
203 62 2310
249 175 2560
124 304 7807
47 152 4506
244 248 7674
320 304 3506
312 223 6582
206 185 4145
307 75 8428
273 253 2914
361 355 5845
42 286 4765
327 86 5972
313 265 8921
273 253 3949
275 93 3336
19 230 8047
265 313 4643
51 107 5399
356 332 6252
191 147 8389
174 88 6796
297 262 6589
152 226 1850
188 195 3112
366 101 9578
333 279 843
115 366 1098
79 317 7635
189 176 1956
252 149 7376
132 66 378
177 339 1633
32 49 3361
360 357 4684
242 81 7125
358 338 1608
320 150 2728
374 246 4632
360 222 6653
87 328 5436
107 51 2163
52 71 1312
161 282 4234
183 146 2801
90 17 1466
309 158 8215
100 337 9315
124 324 749
21 283 4223
254 371 4231
118 331 8729
218 334 2074
265 313 2470
281 326 4890
220 271 9146
224 45 6637
311 217 460
156 312 5425
125 213 4383
294 192 1504
163 326 6023
170 64 5949
269 213 6115
14 276 3546
69 287 4544
265 313 7500
198 370 2417
294 192 8018
33 333 5862
146 53 6593
55 129 9643
150 320 696
280 263 9437
55 78 8204
33 333 606
318 347 5002
37 125 2958
23 7 9685
343 153 4027
302 159 8847
253 353 6833
250 283 5464
208 280 8054
172 75 6748
114 197 4023
8 25 5964
252 112 7666
360 231 4961
62 186 3108
210 207 4633
29 249 5954
282 161 5622
358 338 1108
311 30 8359
120 256 9512
30 341 625
275 232 1303
102 282 4501
257 237 503
173 104 3264
144 162 9620
155 175 6979
103 210 9199
217 311 4554
214 24 5030
282 102 8079
53 183 1528
226 47 3513
366 101 9121
120 256 1151
56 165 9656
25 210 487
166 233 1708
198 11 8919
184 219 2359
58 301 9331
56 235 6498
245 50 7536
105 347 2255
90 45 2333
338 157 8029
69 159 5209
313 265 345
316 4 3590
169 134 6229
156 368 3197
313 265 9471
220 94 4064
297 20 5877
87 365 829
51 266 5828
159 287 7297
96 15 4889
201 91 6064
290 147 2086
23 319 8358
198 193 8777
71 92 536
175 29 7451
18 347 859
11 198 1588
364 128 7908
183 146 1105
119 106 8668
125 269 256
71 92 7736
74 83 2605
107 51 7647
176 189 4816
106 132 2167
207 103 6550
48 135 9600
146 53 9173
365 87 605
325 109 2217
212 79 2231
128 65 7664
49 32 2648
120 256 6044
38 121 9671
31 234 8246
136 288 1627
167 331 1367
265 313 5922
70 160 3674
316 134 6399
3 5 2267
214 24 2369
48 229 4068
61 135 782
269 125 4427
232 275 795
149 112 8011
249 29 9645
51 266 8375
159 369 5938
264 6 4173
280 145 9100
200 296 3669
264 218 5841
282 161 1921
83 74 359
85 79 4136
368 312 801
211 187 8767
56 247 9397
107 266 1050
293 101 184
152 47 6778
103 8 2135
149 112 6062
13 37 9722
177 351 3593
339 73 7578
224 19 1938
28 334 7642
166 225 8622
234 246 5263
52 178 6642
321 90 4054
346 168 9718
203 77 5360
206 201 303
304 150 6014
127 272 9225
119 106 954
205 306 2975
112 149 7292
5 3 4710
359 208 7611
74 83 9962
98 55 7404
289 30 5578
65 128 5422
104 173 1880
49 32 3156
69 291 1141
230 17 9093
249 155 3821
210 25 1865
117 122 3352
134 4 8009
194 44 7685
166 233 1453
167 27 3256
252 149 9483
84 337 6536
96 12 7932
360 222 5567
252 112 9967
290 191 4370
350 88 2470
354 292 7604
112 252 1728
96 15 1815
8 210 9142
155 249 196
255 28 5821
189 187 6075
85 285 211
197 257 3499
256 120 9488
299 268 4555
33 333 9979
357 222 2432
352 185 5892
225 166 6394
268 314 7215
69 369 5400
38 202 2596
321 17 4261
259 67 3329
225 233 6075
65 128 8080
304 228 2158
171 270 2064
269 213 1532
3 204 1387
106 132 2095
190 248 7588
316 4 4034
140 361 4109
355 3 9474
293 366 2011
351 339 9545
265 313 2440
189 278 6573
224 230 544
51 107 3392
319 7 7371
310 315 7491
225 166 8407
313 265 9636
363 200 9478
260 201 124
92 71 7029
168 81 9586
333 33 1272
346 168 4128
166 233 1333
233 166 1117
323 76 9735
141 197 8058
342 62 8026
75 172 6115
51 107 5204
100 84 1264
186 203 8209
338 157 2688
78 349 5470
105 318 3871
293 115 986
233 166 6922
225 166 2800
142 330 6142
294 192 9837
89 307 8216
205 306 2881
18 347 5511
61 48 7408
95 200 449
221 77 5555
135 61 419
332 356 4145
249 29 9033
230 224 653
49 32 7989
168 9 6621
10 309 4707
166 233 3773
14 160 4098
206 185 4764
216 325 4924
272 83 2896
50 60 2016
28 334 1921
179 223 7565
185 91 6336
271 365 7535
23 319 9052
10 309 9363
298 312 6242
265 313 7172
227 273 4044
279 333 3937
100 84 6603
53 183 1061
106 132 4910
374 234 843
109 116 410
360 231 252
158 236 7441
29 249 8788
247 56 4587
166 233 8525
282 102 6818
360 231 4138
143 307 1252
298 368 12
205 306 6993
341 289 9308
265 313 8050
162 216 4732
143 75 3675
34 70 242
189 211 3117
350 174 2427
237 257 7724
175 29 8178
136 353 7190
50 202 84
228 324 9394
28 255 3197
374 234 6793
255 2 1997
329 58 2533
191 147 6849
313 265 4469
166 233 1686
256 120 9671
333 33 7265
285 317 5919
170 99 5475
185 201 5773
18 347 1910
127 83 5988
229 48 3737
139 336 2469
202 40 7596
99 64 4043
132 66 6225
328 365 1823
114 292 353
66 132 5172
291 302 7155
168 9 1207
22 192 1559
71 92 8517
313 265 6888
83 74 4484
282 102 4010
142 299 3870
49 32 4938
77 342 9274
51 107 7231
59 226 9884
366 115 9059
100 337 4288
96 43 7772
323 241 5094
214 56 9170
214 56 8279
316 169 8743
38 245 3835
343 153 8931
127 74 7407
101 293 6754
321 224 8757
181 70 426
64 108 3289
253 136 9009
149 252 4917
144 162 5675
303 58 3325
344 268 2332
287 302 2472
21 283 8684
8 25 3414
336 139 908
112 149 1311
10 236 9633
146 183 5905
247 24 5062
152 226 4478
288 227 4666
178 345 9808
256 120 3800
159 369 9153
1 96 5693
127 272 1672
148 177 2251
319 7 468
7 23 6753
343 322 1365
160 276 1390
292 257 4391
14 276 4165
117 195 9953
189 187 3145
74 127 4591
22 192 7577
120 256 8769
239 343 9305
49 32 7762
144 116 5376
256 120 2037
104 173 6554
332 184 5812
30 289 4623
270 171 2604
63 5 9776
313 265 3235
23 7 6770
263 280 5486
168 242 539
144 325 8690
24 247 9007
248 190 5155
11 238 7602
222 357 4211
361 140 489
169 134 6191
31 234 5995
98 78 7077
218 255 3512
323 241 964
9 346 8061
71 178 9959
318 123 7666
94 328 6337
2 264 154
103 8 7576
298 179 733
369 69 1938
217 311 8539
83 272 5491
139 133 4877
6 97 4679
7 23 6314
267 141 4838
372 329 253
45 230 6070
213 13 5387
117 122 5419
42 258 8009
238 11 2043
311 217 5932
315 41 2074
82 170 4888
51 266 9392
173 104 1451
171 327 6741
237 111 5063
137 100 7271
56 235 1449
151 191 6402
270 86 4086
12 15 1615
309 236 5282
251 111 4553
150 324 3562
101 115 2942
226 59 7620
252 149 3469
86 327 3294
136 288 7735
210 8 4722
171 86 3108
263 208 2444
166 233 4874
127 83 6205
8 25 6809
197 237 135
91 206 7540
348 371 5631
91 185 2254
40 50 5754
137 84 8276
280 208 3712
369 159 9899
160 70 2711
138 122 8246
94 220 25
175 249 8686
350 174 317
124 324 2425
360 222 53
49 32 7754
366 293 4235
244 340 2145
186 221 1394
81 242 6507
112 252 6895
72 343 5491
214 24 533
86 327 8744
83 272 5660
31 234 7828
112 149 6333
279 33 1197
225 166 3112
207 103 9811
294 22 9478
312 298 2571
220 271 1234
136 227 255
154 170 2890
168 242 1378
138 117 5177
335 130 9639
139 336 9789
294 192 2479
69 291 4295
247 165 6433
117 188 9898
239 322 9334
354 164 7567
318 123 8848
241 315 9439
192 22 6184
120 256 6538
348 259 3372
336 139 8606
294 192 5003
350 88 639
146 53 3084
279 333 2457
182 316 2912
170 99 3406
364 128 1380
363 200 5985
211 278 2393
43 96 4534
33 279 1626
355 5 8579
23 7 1159
361 5 3356
109 116 6255
246 234 4155
5 3 1584
65 128 706
153 322 4996
289 311 4591
37 213 8369
303 372 3241
202 245 5694
222 231 5219
188 122 4270
44 194 8065
342 203 7470
103 25 4949
262 363 2746
136 288 8073
252 112 6730
322 239 3242
295 274 3396
59 47 246
248 340 1506
32 49 9506
7 23 301
242 346 326
319 23 4057
59 226 9152
144 116 9767
172 143 8935
357 360 8752
65 364 9887
11 370 5544
198 193 8831
39 295 7549
315 41 6540
174 350 661
211 240 2169
189 278 4683
283 274 3327
338 157 2324
11 370 9330
32 49 5359
81 9 2187
238 11 9715
188 122 5653
310 36 917
293 101 2389
29 155 3953
107 266 7052
125 269 6140
155 175 375
266 51 2072
66 106 4389
42 80 689
356 184 9105
9 242 7998
205 46 1574
133 336 9624
37 13 6410
33 333 9580
271 365 8084
147 151 7432
120 256 2188
165 235 1487
157 338 2653
327 171 3652
64 108 9427
199 270 1121
275 232 6996
83 127 7995
117 122 9205
145 208 2301
193 11 5921
69 159 8372
349 46 6666
188 117 1231
143 75 6669
229 48 4875
3 355 1526
258 80 1308
120 256 7570
271 365 3743
49 32 9625
161 102 8711
331 27 7362
104 173 1128
92 345 8856
84 284 8566
147 110 729
220 365 4538
1 43 9388
161 282 2188
97 218 9518
59 152 3596
206 201 555
231 222 879
217 30 2980
45 90 9737
30 217 656
118 229 6464
85 285 291
159 291 9272
252 112 9794
126 348 7831
14 70 257
166 225 609
210 207 9312
21 250 6425
179 368 7283
67 126 5052
357 360 3784
173 104 5028
231 222 9536
350 88 8759
117 195 529
49 32 7484
353 273 7045
239 343 4532
175 155 2295
336 139 5282
99 64 1186
58 329 3984
66 119 3288
12 43 3499
186 221 7146
316 134 1343
161 102 4373
306 98 4666
211 305 1892
187 305 5187
288 253 3012
258 80 2703
127 74 2542
327 199 4420
83 74 7413
179 223 8121
147 110 7095
134 4 4641
96 43 6208
144 116 1874
9 81 7476
11 238 5933
155 175 7857
173 104 772
5 361 5092
97 2 6903
34 14 3263
6 97 988
341 30 944
72 239 4487
322 239 7733
122 195 3050
246 31 1066
364 65 5407
60 40 2758
280 208 6418
290 151 6632
321 230 4002
207 8 8445
313 265 2074
138 122 6960
353 273 6512
22 192 2072
287 159 5572
51 107 497
290 151 5491
330 268 2353
272 83 6616
324 304 3142
1 96 6063
264 2 9836
166 225 2183
294 22 8288
168 242 230
282 161 4559
106 66 3549
199 327 7968
31 246 3969
14 181 3194
330 299 3714
338 358 4730
236 10 1889
251 267 5873
187 240 2406
209 178 5524
65 128 3744
21 295 2370
17 45 6414
283 295 7200
336 26 6783
345 178 7635
188 195 8364
272 127 3418
168 81 3314
222 231 1904
51 107 4751
216 116 2386
160 70 3087
221 186 6575
209 71 656
174 88 7922
49 32 8559
85 212 7985
290 191 3184
42 80 5209
252 112 1147
252 112 1977
53 183 3206
10 309 3525
48 135 9306
271 328 6289
31 246 6698
73 148 9707
75 143 2635
92 178 8296
155 29 6314
313 265 1443
151 147 7664
99 64 8997
22 294 2949
216 162 2890
32 49 4561
88 350 9754
165 247 8361
311 341 5832
203 62 1635
20 57 1473
218 6 1095
313 265 3033
74 272 1261
184 356 7452
356 332 5444
206 185 9001
355 140 2947
369 287 7915
54 109 4175
98 349 1916
211 278 715
145 208 1354
44 194 8307
117 138 5329
65 364 9382
153 72 7334
89 143 4346
261 371 5599
243 285 6980
157 358 3425
314 330 3101
256 120 2231
275 93 5351
107 266 293
225 233 8879
305 240 4374
107 266 9440
332 219 5302
294 22 8478
86 270 6157
96 15 3715
332 184 2830
12 1 1961
362 344 8660
301 372 3287
52 92 5503
205 78 2141
79 317 9189
112 149 7790
286 277 2224
164 197 9385
256 120 5872
106 119 1517
297 262 1438
228 150 9957
162 109 5511
286 80 5790
66 106 511
46 349 8509
346 9 352
149 252 6873
307 172 883
224 17 6402
133 336 2685
179 298 4588
161 102 4904
120 256 8361
81 168 7434
265 313 6650
189 305 3554
182 169 7369
161 282 8815
352 185 9153
305 187 3519
149 252 6247
318 18 8475
168 81 1365
53 183 3047
307 143 9776
39 283 6159
299 344 8218
127 74 3189
153 239 1952
319 7 8740
137 100 8911
190 244 85
124 228 9853
75 172 8723
290 110 5038
149 112 4889
8 103 7041
231 357 1050
107 51 8042
182 134 3684
325 144 7639
21 295 9687
188 122 5358
163 80 2331
174 350 8123
271 365 7309
40 50 9543
52 209 882
123 18 8697
369 291 6537
191 151 1326
312 223 6404
153 343 5511
351 73 4410
322 343 7978
333 279 7758
109 325 343
316 182 7622
291 302 1770
115 366 4649
49 32 3761
24 235 8082
188 195 2678
44 194 6547
53 146 9923
217 30 1045
133 139 1031
182 134 4544
11 193 8042
323 41 8967
313 265 3545
226 152 2822
22 192 2160
115 293 750
271 87 1769
10 236 6303
161 102 1744
195 117 9003
41 367 2418
21 283 1640
198 238 5426
246 374 4029
364 128 3174
157 358 9417
80 300 7357
231 360 6059
179 298 9678
49 32 2312
244 190 4757
89 75 9799
182 316 89
203 62 7384
211 240 3622
53 183 3656
193 370 7497
99 64 677
65 128 5551
234 246 6203
10 309 5892
31 246 4507
279 33 4858
222 357 948
2 28 2428
318 347 7224
353 253 9912
372 58 4324
9 81 5262
15 43 9888
28 255 6550
289 341 2575
32 49 3614
104 173 7283
11 238 3190
20 57 974
237 257 7265
44 232 71
173 104 5041
190 340 3147
171 199 3211
364 65 948
351 339 1280
30 341 101
202 40 9224
359 145 8211
129 46 624
374 234 8349
314 142 3195
94 365 5584
370 193 7670
161 282 7049
226 47 2217
86 270 9629
273 288 9602
303 372 2815
120 256 255
341 311 30
33 333 8543
23 7 4169
123 105 2220
101 366 8377
86 199 4825
364 128 7678
234 374 3451
185 201 7214
244 190 5250
96 1 5376
192 22 9805
146 183 2106
147 290 8917
130 73 7230
186 342 4493
129 205 7807
137 284 6213
259 67 9107
309 10 7298
181 34 4200
354 141 4007
29 249 126
245 60 9756
182 316 9642
275 93 3595
252 112 7629
262 200 8508
43 15 4914
98 180 7325
72 322 1185
265 313 8147
156 368 5871
99 82 5379
264 334 7217
117 195 7873
55 205 4668
337 84 2738
184 332 4449
374 234 7480
15 1 4565
265 313 9093
242 346 7981
95 296 5782
113 314 9278
175 155 4025
19 45 6380
157 338 7523
293 101 7146
256 120 9816
344 330 7919
170 154 4085
119 132 2828
14 34 3587
69 287 1280
8 103 8444
175 29 4993
68 303 1918
12 96 8062
302 69 8204
7 23 9618
119 66 212
75 143 8233
103 210 7455
175 249 3577
314 299 9294
115 101 6447
190 244 2695
175 29 3522
85 243 2702
190 340 1037
174 88 8247
275 232 3845
333 33 5751
132 119 6208
122 195 4875
198 11 3015
133 139 9081
76 315 7990
99 170 9557
220 328 354
361 3 8749
175 155 4989
18 347 5133
295 283 7026
248 340 1652
238 193 801
126 67 2626
148 73 9508
104 173 8814
319 7 8432
100 284 7707
245 38 516
331 229 5462
331 167 2557
18 347 2539
1 12 3086
67 126 589
138 117 7159
173 104 9913
190 340 1406
120 256 4604
350 174 8046
98 180 7855
302 291 6161
360 357 1478
318 18 7108
282 102 8707
348 254 9171
257 197 5219
118 27 4667
364 65 6051
115 293 6826
320 150 1904
70 14 3500
30 341 4262
39 274 9902
74 83 3684
358 157 7789
368 179 517
199 327 6007
237 267 4759
313 265 4489
358 338 8438
211 240 6606
174 350 5937
49 32 9746
273 136 5917
279 333 823
12 96 3251
183 53 3594
173 104 3796
102 161 7734
83 74 1467
81 242 6043
201 352 44
210 103 8466
106 66 7742
105 123 7505
224 17 2512
75 307 8041
302 69 4017
336 139 7513
37 269 7614
260 206 8142
105 123 4302
152 47 5486
199 327 5173
231 222 8943
128 65 4914
236 158 5159
299 308 8577
69 369 5458
97 28 5819
115 366 3799
125 213 5463
336 26 9418
183 146 495
158 309 6870
75 89 2726
155 249 6667
125 13 5707
173 104 7464
291 69 9780
203 77 5286
337 100 4801
210 207 9157
154 82 5316
99 170 937
291 302 34
250 274 2834
306 180 97
115 101 423
252 149 5620
127 83 3036
228 320 451
189 278 2909
184 356 7560
334 97 1044
367 241 5858
79 285 1542
242 346 4712
120 256 854
117 138 7153
75 143 4503
314 330 3342
74 83 589
13 37 5742
352 201 4704
125 213 3766
8 207 5734
275 194 5067
370 193 1716
198 370 6305
59 152 6989
44 275 3225
202 50 1949
125 37 8183
147 110 5216
39 21 5825
205 129 8592
152 47 7240
252 112 6860
192 22 9281
74 272 4866
267 251 4331
219 332 7807
51 266 1988
360 222 3664
34 70 453
169 182 442
29 249 4064
55 205 315
75 143 3506
355 63 1680
79 285 9254
355 63 6358
242 168 9513
328 87 1707
270 199 7082
206 260 7380
353 288 655
313 265 7153
248 190 2509
258 80 4554
176 189 4322
220 328 7381
190 248 5044
163 281 966
252 112 2614
249 155 7586
288 227 2166
191 290 9535
54 216 1535
286 326 4968
121 40 3883
84 337 6242
275 194 5111
270 327 2843
327 270 4704
205 129 7869
316 35 706
5 140 2178
257 292 7148
221 203 849
29 249 7851
370 11 7213
51 266 223
147 110 5100
350 88 9729
127 83 8110
49 32 6306
121 245 2604
163 326 2538
321 19 4117
299 308 4417
197 292 122
96 43 6929
279 33 7131
323 41 2512
306 129 3021
322 72 8418
371 348 9781
128 65 2830
167 135 7689
313 265 3413
316 134 1546
66 119 2113
104 173 7511
49 32 3903
12 96 2399
53 146 1243
248 190 5096
247 56 7515
275 44 1465
311 341 5170
265 313 1193
72 239 4288
25 8 3389
336 133 1639
251 197 7130
307 172 6033
107 51 9218
265 313 5656
137 100 8706
10 309 7959
350 88 198
112 252 1662
207 8 1603
161 102 388
192 22 7959
301 303 3507
256 120 9109
57 297 3599
76 367 484
24 214 7630
288 136 8313
374 31 5605
52 209 1751
157 338 7992
59 152 901
77 186 8874
352 206 5314
219 184 8748
313 265 6038
51 107 515
347 18 1655
52 209 287
122 117 8070
116 162 8828
15 43 4367
135 27 4798
288 353 7255
132 119 4178
143 89 9364
319 23 56
198 238 3097
263 208 365
7 319 6605
188 138 8248
299 268 1670
263 145 1907
107 51 7421
106 119 4763
161 282 2912
317 243 1325
226 47 4976
332 356 1959
248 340 7161
221 203 5069
34 276 1833
134 35 1980
360 357 7709
67 254 1379
193 198 2863
88 350 143
174 350 8188
133 336 797
104 173 4689
104 173 4549
346 81 1258
231 360 4735
298 223 211
112 252 8610
238 198 5228
322 153 4853
358 157 9011
80 326 4692
16 130 1605
332 184 7451
201 206 6867
222 231 3436
65 364 181
192 22 6219
265 313 6827
294 22 952
310 367 3104
289 311 7991
175 249 8725
234 374 2545
192 294 6237
298 156 5636
228 150 1615
32 49 8352
307 172 2149
294 192 5913
294 22 3591
177 148 2574
188 122 1678
140 361 2345
28 97 7256
101 366 9814
123 18 2755
157 358 7938
284 84 5931
222 360 6586
291 302 4910
173 104 2717
193 370 5457
340 244 4658
74 127 6121
91 352 1171
15 12 8783
260 185 1348
155 175 9944
213 13 7287
27 118 8855
174 350 85
112 252 7416
173 104 6878
58 303 8132
211 189 9642
255 6 9682
305 176 5755
162 54 948
49 32 5645
94 87 9859
171 86 3428
40 60 88
70 14 9335
10 309 8040
362 314 4770
67 261 8190
93 44 8975
248 244 4827
66 132 3860
315 241 5968
71 178 1507
119 106 3795
311 30 6932
323 36 9710
69 291 3935
313 265 3313
64 99 8617
128 364 5926
368 298 7013
232 44 4129
3 5 1641
266 107 3907
7 23 8568
350 88 2048
316 4 7439
146 53 3388
265 313 8548
23 319 6612
52 178 9159
151 191 7764
120 256 5816
346 9 3536
364 128 2304
293 101 7670
314 308 5412
181 276 5170
279 33 6569
263 208 2139
235 214 181
276 70 4328
326 42 9215
160 276 6985
290 147 283
23 7 6413
190 244 8904
104 173 2334
293 115 3524
315 310 7263
11 370 64
275 93 3632
356 184 35
104 173 8426
157 338 751
43 15 3950
332 356 4647
246 31 6916
338 358 9332
256 120 8662
145 280 2377
173 104 3825
246 374 3163
140 204 9471
106 132 503
53 146 8364
162 144 6762
344 330 3891
172 75 8861
245 50 3036
351 130 3514
244 340 809
144 162 2262
35 134 2342
160 34 4701
275 44 488
199 270 5812
370 238 6402
371 348 3686
227 253 9041
212 285 9383
302 369 6290
21 39 656
93 275 9895
147 151 9861
115 293 7066
49 32 5588
289 217 9828
7 23 6114
252 112 6295
364 65 7659
365 328 2769
266 107 19
36 323 5132
327 171 2547
294 22 9613
114 164 7552
106 66 9717
68 58 7090
88 350 7664
340 248 3324
246 234 5507
135 331 1803
262 20 5089
157 358 5834
101 293 1493
294 22 8910
181 70 1515
338 157 4171
333 279 4293
13 269 9703
84 100 4769
272 74 7204
213 269 7953
368 312 193
244 248 8849
12 96 2001
309 236 9365
338 358 2477
242 168 1584
66 132 3160
15 96 9500
185 206 7987
132 66 9496
304 228 7861
282 102 8466
85 243 6866
242 9 5979
86 270 7125
88 350 9777
149 252 954
36 373 8121
65 128 1920
120 256 491
120 256 8855
279 33 8866
192 294 8138
248 340 7701
161 282 939
112 149 3216
162 54 522
256 120 5805
243 85 9937
125 13 2983
249 175 4321
130 148 7929
284 137 9114
211 189 1818
275 194 6950
188 122 1069
9 81 6692
157 338 1668
26 133 8489
238 11 4900
32 49 9210
62 77 5593
313 265 6472
264 97 3245
126 261 9806
20 363 7914
338 157 9958
364 65 3964
249 29 9789
156 298 9787
31 246 3772
159 69 6057
372 301 1380
309 158 21
166 225 9038
49 32 5907
8 25 984
303 329 3404
31 234 3328
204 361 9807
221 342 2822
198 11 6096
290 151 5078
122 138 7030
127 83 7206
16 73 14
302 159 6381
75 307 7712
128 364 3396
309 236 5210
244 190 9259
105 18 6721
290 151 127
5 63 8485
137 337 6471
115 366 5558
113 142 554
157 338 3774
341 217 4880
24 235 9974
86 199 7329
107 266 7
364 128 8424
274 283 6500
85 285 9898
291 302 4687
31 234 1279
88 350 6504
48 61 589
183 146 2104
123 347 7591
117 195 3540
263 280 4598
160 70 4136
334 264 3799
357 222 4407
251 354 2847
282 102 5960
226 47 4737
208 263 9349
1 12 4805
179 298 180
363 20 1605
261 259 7431
201 185 9447
239 153 5523
5 3 2864
55 129 8713
72 239 9068
94 220 2346
262 200 7849
327 86 4373
328 220 5276
87 365 3903
123 347 19
158 309 5281
242 346 3125
218 2 8914
53 146 5991
22 192 2923
104 173 3163
19 17 2866
265 313 1343
103 207 3948
265 313 4331
140 355 3981
297 95 9337
94 328 8683
66 132 8180
319 23 8379
111 257 8793
366 293 8969
121 245 8010
239 343 9407
149 252 2053
197 237 3781
75 143 5304
246 31 3928
146 53 1566
50 40 5480
137 337 3049
232 44 2
77 62 5757
307 89 2554
251 354 3641
207 103 4116
342 62 7827
19 224 2837
358 157 5694
115 101 8179
89 75 2688
232 194 3762
358 157 1646
265 313 3288
24 214 4718
302 369 7045
319 7 7597
127 74 9111
116 325 5430
72 343 4017
74 272 8084
87 220 3778
318 105 9216
329 68 2359
227 353 3269
174 88 5250
105 123 6650
84 337 6964
298 223 6904
106 132 208
271 94 9666
236 158 3998
40 202 5444
90 230 9353
34 181 1478
25 8 2824
64 170 4904
225 166 834
354 111 880
234 246 2446
15 1 7234
18 123 3502
39 21 4390
231 357 7796
306 129 1332
337 137 2228
123 318 4970
44 275 5869
43 15 6220
212 79 8299
92 52 9609
88 174 2581
297 262 8457
7 319 1837
146 183 6092
296 363 1470
290 147 3335
311 30 8862
342 186 393
265 313 5053
280 359 7522
117 195 2245
241 36 1804
183 146 6914
361 3 6799
240 176 8947
231 360 4438
236 309 7127
266 107 3728
340 244 88
27 331 4878
87 94 7875
277 80 2095
53 183 2252
91 206 6909
133 26 561
111 354 8152
313 265 7464
173 104 9153
283 250 664
91 185 7861
143 172 9369
114 292 9446
265 313 6272
244 190 2669
21 295 5284
370 238 7275
194 275 2335
353 273 1208
269 125 8095
224 321 6467
220 328 8296
336 133 2273
358 338 8825
367 323 6626
231 222 4103
49 32 464
65 128 6929
11 198 7609
83 127 5070
239 72 8999
102 161 2258
104 173 4563
22 192 1353
114 292 103
64 99 9707
200 296 6983
161 282 9985
19 45 184
74 83 7057
367 373 5908
364 128 3665
110 151 4671
23 319 2683
282 102 3919
293 101 3396
97 264 2253
204 355 3535
175 249 438
367 241 715
344 308 603
149 112 8282
212 79 2904
176 240 1542
279 33 2697
330 113 493
107 51 4285
343 153 7821
70 276 8641
290 191 7539
243 212 9648
59 152 4550
110 290 3674
87 365 3112
79 285 1561
249 29 9077
356 332 6221
170 154 4466
361 355 4923
191 151 2324
49 32 2649
291 287 3279
336 26 7884
193 238 5520
112 149 443
157 338 9466
233 225 1024
349 306 8336
282 161 1175
246 234 4618
322 72 1873
128 65 1788
26 133 1082
110 290 237
143 89 7033
252 112 5129
250 283 4650
86 199 8399
316 4 36
125 269 3492
54 109 6953
366 293 5875
118 229 8765
110 147 2610
324 304 9812
250 283 9941
225 233 4310
278 176 2753
123 318 4129
357 360 9293
324 228 6536
323 310 4724
337 84 1046
71 209 8124
315 41 4246
88 350 1396
227 273 5447
206 201 3562
81 168 5559
101 115 4189
182 316 4111
129 205 2099
104 173 4563
247 24 7760
173 104 3844
32 49 9167
153 239 7826
173 104 6789
146 53 788
10 309 1896
191 151 1394
55 306 6844
164 251 8863
358 338 2887
306 205 66
336 133 2040
356 332 4798
31 246 8454
192 22 3713
25 8 1825
149 252 515
194 93 6510
153 322 9812
248 190 7641
198 370 6463
289 311 9395
47 59 2602
245 38 8230
185 260 3641
360 231 6156
322 153 3323
93 275 5063
104 173 942
139 26 7489
83 272 1934
262 297 3756
368 179 1892
155 249 1523
118 61 8716
107 51 8116
333 279 4971
54 162 6292
146 53 3430
25 207 4904
145 208 4750
318 347 3966
155 249 1781
33 333 7730
149 252 1914
104 173 770
324 304 4220
190 248 9126
167 61 1346
259 254 2030
345 71 7529
210 25 5575
43 96 7133
75 143 3157
340 190 6222
40 202 1851
18 318 2770
361 63 1278
285 243 9099
77 221 8509
234 246 6876
282 161 7346
242 346 6454
261 348 4103
4 35 4756
63 5 6917
321 90 6207
88 174 8918
210 25 217
86 171 7461
25 207 9128
58 372 3430
350 174 2382
33 333 2522
155 249 2302
368 179 8078
177 335 5763
246 31 3549
237 141 5987
109 54 5488
64 154 9429
54 109 4756
226 59 2625
313 265 2798
216 144 5596
68 329 2562
270 171 6699
149 252 468
288 227 3580
101 366 7323
28 264 9562
154 82 9043
291 69 6869
66 119 3462
2 264 1667
179 312 843
360 357 120
335 351 9776
150 228 5525
265 313 6043
260 201 319
313 265 130
350 88 6991
71 345 8203
244 248 3365
328 365 424
170 82 3425
359 263 9926
102 282 7293
372 58 1366
268 330 943
358 338 307
254 126 863
174 350 5563
143 89 558
80 281 970
362 330 4675
171 199 8488
84 100 8167
5 3 5802
335 351 5038
155 249 1254
47 59 2226
7 23 5187
191 151 1018
162 216 884
144 109 4675
91 201 6773
51 107 7322
258 163 8375
49 32 4788
303 372 9486
365 328 9605
133 26 8191
62 186 7908
366 115 8528
199 270 5379
161 282 7268
313 265 7404
295 274 3047
49 32 8158
271 87 5199
90 45 2376
88 350 3669
81 346 1585
279 33 6831
228 124 727
347 105 4209
368 223 6046
241 310 5849
370 11 840
341 311 6664
216 162 312
48 229 5075
12 15 396
129 98 7285
53 183 5272
31 374 9698
63 140 9067
225 166 241
86 270 6865
216 144 7220
59 47 5534
14 276 4230
12 43 3016
253 227 8381
18 318 796
59 226 562
59 226 5891
109 162 84
155 249 4663
192 294 2639
79 317 7320
206 185 4433
171 199 8622
205 98 679
345 92 3559
161 102 9042
238 193 3505
274 250 8903
313 265 1015
294 22 730
133 26 5337
265 313 5494
145 359 2456
123 318 2963
100 137 8632
96 43 7309
167 229 4812
236 309 1810
26 139 6225
56 214 4974
151 290 5906
22 192 2313
266 51 4840
284 337 1319
108 64 1281
343 153 8910
322 239 8408
246 31 113
179 156 4302
310 241 6336
307 75 364
7 23 9994
62 203 5351
171 327 8132
29 155 4740
162 144 754
275 194 3897
17 90 5002
139 133 4677
356 184 6990
323 36 509
265 313 8485
260 185 4839
118 48 6484
110 191 8612
223 312 83
84 337 9056
343 72 6303
67 348 5432
371 348 8294
137 100 1141
190 248 5688
321 230 2063
327 270 6286
265 313 9967
115 366 3685
139 336 9039
77 342 1506
249 29 4240
135 27 4544
124 320 7062
205 306 8973
225 166 4220
40 245 5623
190 340 6192
86 327 7819
203 342 6604
124 228 9551
179 156 4323
233 225 4793
358 338 4949
351 339 8110
309 236 4866
53 146 5318
88 350 6481
296 262 196
260 185 35
333 279 4262
364 128 400
56 165 8057
146 183 1543
187 278 5309
248 190 7293
230 17 5499
140 204 5084
182 169 1065
158 309 359
191 151 3934
359 208 790
233 225 7771
221 77 9929
54 116 8037
35 4 9657
259 126 2542
264 255 4363
22 192 207
169 134 871
110 151 4037
202 60 4185
37 125 747
170 99 2598
244 340 4167
82 108 1458
200 262 3277
325 144 2612
294 22 8111
293 366 6693
303 329 263
282 102 5294
10 309 5285
84 137 9223
88 350 5861
110 290 1332
320 124 6412
364 65 4922
112 149 4094
192 294 5534
9 81 7106
265 313 7894
294 22 6651
18 318 4997
170 82 2554
339 73 4450
106 66 9247
120 256 5260
170 99 2297
315 373 1686
273 253 3274
301 68 4604
341 30 8669
366 101 5600
23 319 7095
147 191 1472
230 321 7437
222 357 6069
363 57 7164
8 25 606
256 120 2503
273 136 7799
61 229 5351
312 368 1732
316 4 7814
218 28 1913
294 22 5038
119 66 9310
6 218 3368
154 99 825
150 320 1519
278 189 4669
236 309 3110
235 24 2975
41 367 9051
109 116 2351
351 16 5813
89 75 2080
319 23 3492
101 366 9157
48 229 8276
279 33 346
224 230 9121
192 22 1706
166 225 6090
296 297 2134
176 189 9574
9 81 3460
259 371 8365
320 324 6627
275 44 6075
203 221 496
32 49 254
332 356 3372
73 177 9048
181 160 8019
214 56 7765
319 7 9801
81 346 878
241 76 7225
134 182 5979
47 59 8629
280 145 8677
194 44 8224
373 241 8000
1 12 6237
345 209 7264
296 57 9318
208 263 9586
288 253 3369
43 96 5604
31 234 9298
148 339 7491
330 344 5406
153 239 7829
182 169 4469
86 171 8965
32 49 3103
102 161 4049
123 18 5709
346 81 6018
337 137 1105
103 8 4114
165 56 9759
266 107 4331
295 274 7346
100 337 2393
319 23 3944
348 261 630
222 231 5462
29 249 9719
178 345 242
28 218 494
26 139 7274
359 280 575
292 197 6447
154 82 5062
172 143 6502
332 219 2965
67 261 5325
157 338 9740
59 47 9538
344 142 8821
275 232 3807
199 327 5807
183 146 465
10 158 7592
69 302 8346
156 312 6505
190 244 9472
239 322 885
218 264 5589
288 353 482
47 226 1679
219 184 4678
318 105 6061
52 71 8056
333 33 6901
144 325 9478
169 182 7840
79 85 4016
224 45 4227
103 8 4716
304 150 1714
132 119 4162
106 66 5458
326 286 8377
299 268 8878
124 150 5659
31 246 5268
192 22 7588
132 106 7017
306 55 1892
220 328 2672
126 259 8348
236 158 6063
10 309 3498
167 27 4616
340 190 9580
290 151 1670
293 366 1163
40 121 552
352 185 5964
358 157 6976
266 51 8829
119 66 4228
100 337 2856
152 59 2384
345 92 2733
166 233 9877
365 271 7231
368 156 713
26 133 9366
337 100 5121
125 213 7013
336 139 8243
123 18 1104
325 54 3156
24 214 1660
133 336 7931
104 173 5904
88 174 7938
366 293 6848
53 183 4162
275 44 5473
21 39 6911
231 222 1585
65 364 6660
109 116 5876
153 343 7880
45 321 2789
231 357 9138
100 284 398
272 83 9046
115 293 3142
171 199 3760
144 54 8971
93 232 4372
294 22 3
33 279 6468
155 175 3785
147 191 7895
190 244 101
290 151 5824
166 225 1594
194 232 9126
61 27 6062
152 59 7838
374 234 3734
102 161 2995
154 82 8403
269 213 3748
105 123 344
56 247 3875
254 371 320
287 291 7788
343 153 8863
218 334 6569
369 287 810
320 304 2233
65 364 6341
128 65 727
13 125 9034
248 340 7296
246 31 9261
29 249 7322
109 54 6771
180 349 9786
161 102 5954
255 2 996
363 297 4141
64 108 8606
195 188 267
79 85 8589
33 333 1824
235 214 5973
194 275 3169
15 96 9718
150 304 8338
336 26 3534
238 11 5290
62 203 2297
72 343 2468
161 282 964
188 195 6032
350 88 6349
34 160 3740
223 368 3809
219 184 8404
274 21 3563
137 84 2176
179 298 8671
11 370 8767
69 159 5952
282 161 3124
161 102 7449
350 88 6234
227 253 6044
108 82 9443
221 62 2233
182 4 5034
13 269 5959
32 49 4803
280 208 8405
30 341 692
313 265 3760
259 348 4543
368 312 590
78 98 6317
217 289 6673
173 104 1444
313 265 4897
71 345 6729
374 246 5871
282 102 5765
306 98 3411
147 191 3441
248 190 9328
115 101 3833
104 173 2503
278 187 7667
169 35 9516
309 158 9064
309 236 1968
335 351 2403
370 198 6875
53 146 2829
322 72 8089
323 76 3060
173 104 2935
139 133 6419
31 374 160
272 74 8604
331 61 4439
70 34 3411
112 149 1238
319 23 2410
226 47 2519
238 11 1195
70 160 7441
309 10 4229
105 347 4703
128 65 779
242 81 2330
115 101 82
360 222 2111
174 350 4417
260 352 4811
5 140 8150
310 76 3148
226 59 7069
244 190 253
287 159 8447
304 320 171
33 279 369
278 189 4223
318 123 4464
338 157 3549
319 7 4306
326 277 4415
294 192 7675
252 112 92
222 360 1607
68 372 6687
367 241 5546
183 146 7472
151 290 8478
48 61 132
51 266 5992
294 22 6882
178 52 7630
360 222 5949
351 73 4259
46 306 5786
294 22 9614
146 53 4189
182 35 1023
342 203 8507
256 120 2727
237 292 5708
120 256 8768
159 69 3078
18 105 7560
104 173 3097
148 335 9834
301 58 7830
62 77 7375
175 29 6697
143 307 3343
310 241 7982
226 47 9943
315 41 7698
222 360 598
24 56 7890
357 231 616
109 54 7964
19 17 9177
304 150 588
181 276 4631
3 361 5646
246 31 3160
80 42 6573
310 76 9017
336 139 4310
123 318 6304
204 3 6244
219 356 837
66 106 2797
184 219 5228
280 208 3440
219 184 9829
254 261 2232
113 362 5104
153 239 8410
200 363 2407
360 222 3583
274 295 4779
150 228 9099
263 359 7825
106 119 2324
10 158 5758
72 153 6863
338 157 3142
332 184 832
156 312 9196
12 43 753
224 230 6360
309 158 7420
137 84 9999
52 178 6875
100 84 4865
104 173 5959
165 214 2469
15 96 5672
174 88 964
232 93 3834
233 225 4383
211 240 8532
126 371 6893
65 128 1324
262 296 1841
346 168 8784
170 82 6595
96 12 614
152 47 3027
320 150 7044
233 166 1603
137 337 3429
103 207 7294
373 76 2385
25 207 1602
183 146 1898
230 90 2451
338 358 1982
77 62 4205
23 319 4869
269 37 3448
101 366 4771
298 223 1080
274 283 4460
119 132 4698
32 49 10
178 52 1637
276 14 8740
192 294 2265
37 269 8987
312 179 7956
186 203 1919
340 244 4862
225 233 3419
105 123 9705
36 315 1280
22 192 3967
46 349 8726
159 369 4638
161 282 9875
149 252 1274
360 231 881
211 278 6759
157 338 7951
283 21 5665
356 219 7065
270 171 9110
74 272 8126
284 100 1811
313 265 4197
356 184 931
129 55 2555
166 233 4206
59 226 2464
100 84 7668
248 190 4651
187 240 3482
107 266 9685
343 239 9957
269 13 772
217 30 5570
237 292 5235
143 89 2143
183 146 6961
273 227 5657
231 360 5850
362 142 9772
14 160 1371
306 46 3926
15 43 8705
173 104 4659
44 275 5977
86 199 3452
166 225 8280
114 141 3392
283 274 7683
51 107 303
166 233 9937
103 207 9906
228 304 8931
212 79 839
98 349 5943
274 250 4029
157 338 6425
89 307 725
165 24 4481
63 3 4755
207 210 7955
109 162 207
337 137 999
105 318 5680
181 276 2443
2 6 4465
265 313 5372
65 364 8530
294 22 2906
193 238 8678
362 299 2722
256 120 9269
356 332 6354
241 373 6332
161 102 3205
359 208 1688
30 217 2832
61 118 5710
51 107 3212
173 104 4462
23 319 6202
132 106 4108
260 352 1595
309 10 757
152 47 9240
111 237 7961
51 107 4484
179 298 9079
202 50 4338
160 70 4684
291 69 4782
302 287 5493
246 31 1476
270 327 4416
30 217 5053
197 257 3228
272 74 5649
206 260 3227
357 231 9644
342 186 9603
258 42 2807
63 3 2894
311 30 2483
65 128 6760
191 110 9522
21 295 7748
283 21 9667
152 47 725
23 7 6056
91 352 8386
256 120 9256
123 18 9335
171 327 5309
282 161 7679
173 104 4058
68 58 5214
127 272 8910
298 368 1383
56 165 7498
218 28 8523
125 269 9219
231 222 4062
209 52 8302
137 100 1542
202 121 7919
343 72 9782
325 54 5852
347 123 8885
157 358 3536
26 139 6528
7 23 2620
11 370 2021
274 283 7576
39 274 5929
173 104 7778
75 143 7804
30 217 1795
353 253 5112
276 70 7168
366 101 4819
293 101 7390
340 244 273
239 72 9794
59 226 7097
214 56 9890
71 345 9646
179 312 9745
244 190 5593
304 228 1414
124 320 4893
171 86 3771
307 143 965
257 354 687
123 18 6854
32 49 6275
265 313 4866
253 288 5780
104 173 1284
102 282 1354
265 313 9005
276 160 1383
253 288 8076
216 109 4353
252 112 8782
313 265 8694
271 220 8316
151 147 5775
246 31 6313
344 113 7718
181 276 5259
118 167 7984
40 60 5948
15 96 5991
271 94 3606
132 106 2992
260 91 3777
346 242 328
327 171 856
303 68 9227
79 317 548
70 276 1107
247 165 3630
97 264 9300
311 341 1400
199 171 3679
358 338 462
330 268 5578
37 213 9134
338 157 1329
239 343 1784
278 240 8976
359 280 9416
269 125 7460
149 112 7052
125 37 474
161 102 1184
161 102 7378
58 301 9340
193 370 3535
255 6 5283
149 252 6260
19 224 362
82 154 9072
227 136 1298
48 118 2901
282 102 6965
120 256 8441
265 313 1045
327 270 5289
15 1 6819
136 288 9336
175 155 8264
129 78 9014
194 93 2911
190 340 9463
55 205 2726
190 340 5515
175 155 9172
75 143 7270
10 236 9723
146 53 2031
200 95 628
18 105 8821
242 81 2903
337 100 8501
262 95 6972
282 161 8010
232 275 8152
106 119 6225
25 207 9506
39 21 797
354 237 2517
248 190 1570
221 342 4349
194 232 9954
200 262 9445
136 353 6089
72 239 122
22 294 1810
352 201 4377
51 107 2583
29 175 7790
157 358 6725
120 256 642
143 89 8045
272 74 6380
228 124 62
84 137 464
30 217 9161
88 350 8269
32 49 7898
220 328 1443
304 320 6594
88 174 1232
102 282 7219
67 261 8004
83 127 5706
207 210 5030
332 356 1636
176 305 345
263 280 1798
10 158 4329
206 352 731
130 16 8779
139 336 7828
171 199 5634
205 306 1263
120 256 4778
236 309 6901
150 304 869
139 26 5315
204 140 1292
322 153 5123
36 310 7542
125 213 9674
132 66 7891
108 154 6605
142 362 5927
57 200 8371
126 348 6440
103 8 6128
357 222 2826
23 319 8648
236 309 7528
37 213 1677
315 310 8354
15 43 4571
346 81 1165
128 65 6981
124 150 8663
372 329 1194
55 306 2997
252 112 7702
190 340 3633
343 322 4678
143 172 2037
333 33 5171
224 19 6396
11 193 3747
210 8 8251
346 81 4246
133 26 4679
282 102 9883
73 16 7547
64 170 568
72 153 2473
365 220 4940
163 286 7742
97 6 1173
138 117 2375
219 356 5928
59 226 8327
167 61 7628
233 166 5559
237 292 3196
31 374 7637
40 245 4638
272 74 6663
369 291 4406
180 46 9170
337 137 7225
102 282 8443
313 265 4558
136 273 2661
351 177 8263
233 225 4200
360 222 9698
63 140 3973
372 58 7382
50 202 4878
353 253 4423
271 220 5385
22 294 415
233 225 2717
120 256 7188
336 26 8997
31 234 3913
290 151 108
8 207 622
341 289 9748
172 143 3915
183 53 5088
282 102 4927
359 280 5148
265 313 2732
71 209 5585
120 256 2594
269 13 9056
104 173 9723
106 119 7564
236 10 5401
66 106 6240
167 331 8687
227 136 6093
38 40 3746
3 5 9947
240 176 8151
119 132 7948
104 173 2489
288 273 4197
291 302 2843
128 364 5145
209 71 7939
96 15 4170
13 37 5199
175 155 5926
191 110 4705
60 40 9982
203 62 3396
66 132 267
374 246 2459
73 16 3030
100 337 780
313 265 3931
252 149 4689
53 146 700
67 371 1040
358 338 1175
245 202 5559
12 96 9555
52 71 9250
156 223 4735
175 249 8516
23 319 4435
358 157 8814
72 343 3901
204 140 6124
327 171 5929
372 303 4090
51 107 741
276 14 1094
72 343 9772
261 348 8238
276 160 3180
95 297 5053
266 107 6453
118 48 2446
34 181 3986
124 304 5110
65 128 6673
282 161 972
65 128 3537
86 270 4676
66 106 7892
350 174 6880
85 243 4078
358 157 2053
338 358 5281
121 245 5444
4 182 3234
129 349 5723
321 17 4023
193 370 8176
65 128 7143
105 18 2746
11 193 8084
331 27 7087
249 175 4988
91 201 5545
26 139 7693
102 282 4423
350 88 9518
225 233 2639
146 183 3167
93 194 3870
325 109 3287
172 75 9680
56 165 9453
236 309 3051
244 190 5724
130 16 945
14 70 7671
223 179 5006
311 217 9782
68 329 6879
87 94 4998
185 91 1716
139 133 4030
165 235 5813
84 100 8188
32 49 5707
8 210 9336
297 363 3857
357 360 6788
157 358 338
305 278 900
147 290 5898
293 101 6492
313 265 6500
302 291 5524
27 229 2338
336 133 8857
53 183 3717
10 158 2420
342 186 3484
322 343 4099
324 124 8407
120 256 3615
106 66 1398
214 165 2393
71 345 3063
116 144 9076
356 184 5335
182 4 250
110 290 6893
284 100 6336
175 29 6652
364 128 6323
101 366 4772
272 127 8164
39 283 466
352 201 2527
218 28 4914
252 149 9033
104 173 9340
104 173 3656
170 99 6348
175 29 1087
34 70 3638
319 7 3845
174 350 2061
173 104 7791
34 276 7694
70 34 6372
187 211 5133
106 132 393
9 81 3133
58 329 770
233 166 3925
33 279 2854
34 70 7849
216 325 7080
226 59 9187
340 190 6998
52 209 6322
133 139 9857
217 341 7186
230 45 3860
373 241 9214
211 240 585
99 170 1530
47 59 820
32 49 8022
30 341 8003
83 127 6929
218 255 1531
77 186 3200
132 106 1057
130 177 7863
4 134 1258
34 14 4763
305 189 7691
233 225 6658
285 243 6681
30 289 4624
209 52 1733
11 370 6449
29 249 5799
217 30 716
102 282 4899
235 214 8948
104 173 5405
246 374 9069
49 32 8004
59 152 3465
169 134 9
356 219 632
160 181 1378
202 60 9574
113 330 7798
190 340 1733
58 68 5428
53 146 8640
340 244 604
198 238 7008
84 137 2167
191 151 937
119 132 4571
304 124 1715
293 101 2390
150 228 1907
157 358 4159
346 9 4297
236 309 1872
93 275 8819
123 347 2382
19 17 2859
291 302 8720
277 258 1873
66 132 5851
275 44 5547
254 259 1239
158 309 8757
249 29 9117
101 293 7292
147 110 4944
255 2 6233
139 133 6799
295 21 2508
337 284 6377
308 299 2216
269 13 2090
133 139 5561
136 273 8799
4 316 7709
146 53 4495
24 235 1731
249 155 2630
284 84 2353
351 16 1409
32 49 6188
54 325 7558
171 86 4922
160 14 3631
44 232 4336
107 266 3210
231 222 7321
17 321 6693
289 341 6211
99 108 4767
161 282 5901
343 322 622
175 29 5028
41 76 1417
293 115 8987
87 94 2460
332 219 2672
17 230 5675
100 284 5713
10 309 2819
279 333 2756
63 3 1037
344 113 9462
13 269 5883
333 279 8218
265 313 5237
345 209 7305
326 258 6567
107 51 7472
96 1 9019
34 70 2210
160 70 734
18 105 759
231 360 9172
71 209 9990
188 122 2269
37 269 568
201 352 7448
312 179 3826
32 49 8935
117 122 3936
7 23 391
229 61 7066
104 173 7994
150 304 7312
181 276 7774
65 128 8972
118 229 3178
264 334 220
23 319 1173
24 247 504
343 239 3741
8 207 6253
127 83 2024
13 213 6672
107 266 3116
106 66 6358
81 346 7687
144 109 7714
201 352 1723
278 305 1030
245 202 4486
212 85 4156
338 358 8583
104 173 9628
236 10 2040
116 216 6083
43 96 8839
330 268 3348
278 211 4951
159 291 5007
87 365 1965
180 306 5568
192 294 7632
188 138 3754
357 222 6540
282 102 8936
365 94 610
347 18 8897
236 158 2543
120 256 4373
18 123 6341
333 279 855
257 354 5258
94 165 5535
80 185 4231
4 197 5186
365 89 7227
93 239 -9081
268 265 2121
341 316 6352
32 145 -3886
209 113 242
327 247 9991
194 193 -2604
222 28 -8281
35 32 3019
333 58 -6506
173 291 7402
241 157 9319
262 199 -4667
178 162 -7485
299 346 -3992
230 209 7534
190 308 347
232 148 -1957
297 287 5862
80 1 1828
159 372 1732
58 265 9653
21 254 5820
217 17 9919
45 78 7884
46 294 6983
227 88 7910
229 43 -2282
222 342 7145
72 270 -7241
155 104 4463
158 152 -5164
170 138 7800
281 143 -8689
176 245 8386
118 70 2768
93 175 8656
15 313 -7880
138 269 5877
273 333 6249
365 102 -4446
197 58 5508
226 252 784
347 9 -1945
57 326 -7525
193 326 -4454
175 55 1188
234 66 3252
348 356 -5479
325 3 -573
339 338 -3319
69 5 175
225 201 -2692
326 298 -3237
65 366 -611
73 224 8435
223 303 8673
187 313 4059
240 202 8139
191 327 -6809
222 82 -3095
331 242 4644
255 31 -9762
103 200 3617
27 282 4122
177 276 3079
310 180 2052
292 369 -2888
169 290 -637
138 140 7648
93 327 8422
298 242 4859
277 276 274
297 37 1183
50 260 -1166
199 204 2047
234 180 -4832
311 179 -6437
60 43 2336
370 190 -3678
305 149 1773
207 325 5506
93 117 -3758
220 265 8075
247 157 8567
87 20 2028
35 196 631
251 212 -815
246 298 -408
4 295 -952
74 372 5149
302 204 -4066
225 221 -5061
324 53 -780
304 329 3635
289 315 -9219
211 156 1370
130 149 -424
343 175 -7500
129 142 -9559
61 20 9738
30 171 -928
255 51 -4409
86 276 -1242
256 211 7464
133 81 8394
238 245 -5027
26 84 -1908
241 202 -8974
186 314 -6769
151 276 -3590
95 319 -7055
181 172 -898
339 150 -4817
50 91 -5981
147 91 -1761
248 371 -1554
16 234 -8761
25 2 4501
241 307 1371
187 371 -8607
166 241 -3179
254 121 -7129
310 127 -2693
311 273 7351
217 126 1935
103 192 7825
93 358 -2653
274 296 -3050
128 294 179
289 222 -6323
76 185 -4689
26 320 1743
10 101 37
360 60 8148
274 279 -5152
11 303 -6663
30 129 5342
323 60 -2053
105 288 -1060
360 250 -818
94 333 -8209
16 156 5269
286 202 -5497
65 68 -5831
220 17 5779
305 317 -6064
95 212 4616
208 107 -1355
328 117 103
47 132 1659
94 1 8869
274 104 -1824
233 284 -2935
218 129 -4288
30 215 -5361
341 363 6840
357 156 -6032
288 102 1924
65 323 -3055
289 229 -7031
26 240 -2691
170 320 6272
286 226 -2971
262 191 -379
76 228 -1593
176 165 -9327
225 137 -1707
212 7 -9321
373 285 -29
349 204 3685
199 37 9928
293 9 -9361
131 171 7109
145 91 -8854
231 177 6593
322 228 -42
72 185 -9348
198 19 60
322 73 6492
85 183 -7660
323 314 5056
166 33 -284
77 58 -5122
144 38 -5897
185 313 7136
226 181 -874
226 91 -1546
171 15 8671
16 28 -4403
44 161 6677
97 147 9386
326 325 7784
257 51 2307
207 358 -4930
173 190 -2063
94 96 4362
4 250 7500
366 140 -3103
274 290 4308
127 285 8822
30 246 169
297 270 -8560
205 278 -5322
259 276 -9391
266 215 2968
364 32 9516
28 263 -2218
139 260 3397
229 275 9170
47 140 5637
90 215 -667
90 226 8410
177 236 -7669
202 172 7591
105 64 2260
56 63 -7212
194 358 -19
166 117 2852
127 12 2125
122 126 -8475
374 301 -4006
351 52 -8567
93 58 6949
135 171 9979
194 190 379
230 101 7318
92 63 7844
343 277 6750
144 319 6589
80 43 -9831
190 242 -7897
118 185 6789
257 304 -3163
117 282 9526
341 139 -9734
354 143 1175
46 172 -8312
128 264 -7290
21 113 8957
273 1 4745
303 358 -6643
27 82 5634
45 223 -9086
35 154 -1686
124 204 5088
131 51 -4379
231 208 8169
197 314 478
155 173 169
271 75 3936
354 96 3015
167 260 -7932
27 332 -2583
84 161 -1875
33 356 2302
255 181 8096
262 208 -4384
254 43 2931
82 278 -1104
17 245 7562
131 122 -262
124 340 9093
107 121 -4750
196 112 -7637
8 101 2079
248 269 -9996
45 329 -6126
105 322 8781
81 53 -8769
318 112 5062
213 53 -834
173 307 5624
316 193 -1487
226 165 -35
241 152 8206
163 68 -4042
131 161 -1666
228 358 -9493
186 136 9391
310 245 4649
25 254 206
274 34 8915
122 5 9521
218 359 5646
156 202 -3745
128 277 7950
344 50 862
342 323 -9705
308 156 1394
138 256 -9104
116 184 -239
296 178 -6847
64 94 7329
286 47 974
30 267 7094
241 362 -7713
241 92 9834
99 75 -2045
241 326 7769
246 235 5210
25 126 -7167
196 9 -8205
134 28 4690
93 184 -2797
135 249 3628
366 81 -2356
8 91 -883
21 82 -8567
90 104 -8912
365 129 -2987
92 176 8845
166 276 -9512
331 10 635
331 34 5435
31 350 -2200
309 5 -2460
17 257 -625
292 163 -4101
233 320 1010
151 107 6971
82 345 -578
272 327 3706
364 92 5299
228 137 6299
121 358 9589
191 314 -8058
367 202 7531
364 90 5398
135 17 3096
325 242 7417
326 368 -8126
102 168 -8898
200 157 -9559
68 102 744
211 146 2416
195 160 2178
80 171 -3690
151 13 -9748
205 291 -306
246 242 -5620
359 329 9615
170 57 3917
6 292 4450
80 22 9796
278 346 -916
131 320 -6543
173 13 8199
153 170 1706
233 234 2826
158 279 2078
320 116 -8806
21 213 224
369 284 8312
72 326 8236
257 38 8559
154 244 2482
229 154 8938
255 326 7751
360 247 -4626
350 268 6818
134 314 -6790
182 338 -3987
174 171 1272
55 219 -3318
280 172 7972
165 287 -6424
74 55 -8000
170 179 -9583
230 138 -322
263 303 -3776
48 85 4162
18 223 -2232
106 13 5694
373 101 3388
211 308 3300
297 17 6131
197 137 -5591
169 196 -5301
321 91 2679
4 268 7469
237 299 -9526
61 330 374
11 314 894
