100
1749361131
973756616
3142445
1339701654
564794434
1119183522
1902534850
1644322683
346802542
476275226
1578980741
1832102486
273526101
974869661
615808532
929876961
851363568
1660381903
1980050276
1747314758
681389772
1109205766
373203259
353453224
1625405836
1719713741
890192054
881989018
505076325
1601655395
16266949
1116565925
141425056
628417850
157086378
1737632711
1187469083
257048184
35569790
1870552559
311455945
437108345
807780268
1495912322
1574707501
1707220555
788198772
1731661785
792456675
447691312
545698665
1504432321
1771024920
1600753696
1392982516
722244857
80507149
657850948
38233807
833444535
962621591
1503356284
1952563082
552351268
142420898
1242483674
1617400841
598270939
1273319593
1428263717
998816003
1873556334
1043272768
1183856471
916280965
1437681121
324531083
1649059103
199712366
360751149
705025732
463175776
1974517488
110242238
1171803064
956802736
296426773
1073678070
677762122
179021274
1931896632
538011560
1740937455
1369094748
1955071880
856476061
1408515889
1831486954
901405320
418102034
