100
201731258
1483571449
1432443377
667480040
643537428
1926138238
1668172455
1897273517
810971653
1774034433
1675811768
359911957
782327307
94576456
1661126878
1741452977
1442045368
171601999
1679854882
1723473541
923371826
1636973764
395943269
663851401
1955122098
1537058698
860076763
1013801515
850385413
997981495
619696523
735514571
45480206
953758357
916445904
1812053310
446521410
581335844
8347611
16497484
940090410
1646193559
720649262
1173401394
588958949
87041107
1576768546
137832737
21197987
440404979
1721022306
749994685
249589291
754905542
467186542
368799134
812811094
621852751
128792089
645010898
387235729
678710212
840829964
1318238297
1157641823
1871640720
1028415297
341882280
889704917
587344338
1275127176
1441798183
1534407965
1842635740
1816353541
945829555
467510003
1111963316
457518256
1069066013
1385837611
1051853974
434654931
145402024
1607469609
1129816176
112700304
1350891151
1893284199
1469899876
891668825
739168893
304253939
1732593737
1522944374
102338323
115876846
791115819
1190081154
957165157
