522 2
36426 79445 48772 90081 33447 90629 3497 47202 7775 94325 63982 4784 68417 2156 31932 35902 95728 78537 23857 30739 86918 29211 39679 38506 63340 86568 61868 60016 87940 96263 24593 1449 36991 90310 23355 77068 11431 8580 91757 49218 74934 94328 63676 29355 96221 99080 95922 31545 48511 34067 75467 38674 84691 6504 99835 62034 44965 59980 81221 45895 32501 48152 8325 47731 29302 48153 9896 19022 97489 8399 70607 66466 74432 31502 53968 28333 87475 33792 84 87010 79694 27328 7354 24712 38409 16480 2643 28121 51951 23492 4420 28197 28607 97925 72167 60717 63438 89200 6986 16104 76483 23620 9806 90881 76858 45559 56553 88502 23554 22962 72325 97435 9279 20464 27327 82549 29832 86595 8200 78720 87658 90639 89992 49130 26467 98989 7958 2581 46600 47466 61473 11929 79775 12581 89770 99455 83718 4628 16807 19335 81898 91552 86530 15811 79569 14148 3384 56954 8913 80114 16315 3686 89334 50382 1392 78326 71008 33553 70962 14957 14850 48231 22061 21185 71588 64305 2980 57564 41890 70052 68747 90943 81740 47593 87469 77370 12516 20443 96007 69525 3299 30412 57163 6699 63571 58976 87455 82217 93590 79343 14427 83220 41342 4584 84239 54496 65875 22601 31258 71449 43377 80040 37428 38238 72455 73517 71653 34433 11768 11957 27307 76456 26878 52977 45368 1999 54882 73541 71826 73764 43269 51401 22098 58698 76763 1515 85413 81495 96523 14571 80206 58357 45904 53310 21410 35844 47611 97484 90410 93559 49262 1394 58949 41107 68546 32737 97987 4979 22306 94685 89291 5542 86542 99134 11094 52751 92089 10898 35729 10212 29964 38297 41823 40720 15297 82280 4917 44338 27176 98183 7965 35740 53541 29555 10003 63316 18256 66013 37611 53974 54931 2024 69609 16176 304 91151 84199 99876 68825 68893 53939 93737 44374 38323 76846 15819 81154 65157 80814 86343 71886 91197 3100 11856 91709 53879 15479 72461 43014 69123 29744 65400 47094 29447 59020 9152 73963 79674 97829 98984 19930 85322 6665 72646 69385 39191 31353 57605 97110 74453 13356 90243 27694 31854 52297 13075 99831 90974 8720 91837 70695 9845 87154 51673 95306 87865 25524 60952 11231 15329 2353 46331 25692 48027 63413 93081 78438 65063 69858 47358 70266 47801 26095 18374 64807 5051 44868 89478 29809 11304 67007 82308 2992 64499 49650 71706 68399 77822 93698 41015 6381 67267 42282 50237 97119 36111 39926 53444 59788 9826 99944 83702 71888 76944 65655 53521 94489 66946 61131 56616 42445 1654 94434 83522 34850 22683 2542 75226 80741 2486 26101 69661 8532 76961 63568 81903 50276 14758 89772 5766 3259 53224 5836 13741 92054 89018 76325 55395 66949 65925 25056 17850 86378 32711 69083 48184 69790 52559 55945 8345 80268 12322 7501 20555 98772 61785 56675 91312 98665 32321 24920 53696 82516 44857 7149 50948 33807 44535 21591 56284 63082 51268 20898 83674 841 70939 19593 63717 16003 56334 72768 56471 80965 81121 31083 59103 12366 51149 25732 75776 17488 42238 3064 2736 26773 78070 62122 21274 96632 11560 37455 94748 71880 76061 15889 86954 5320 2034 46733 26345 51090 39640 88212 33717 13135 8211 17037 91483 82144 88668 61778 256 4345 64127 36398 98808 59328 85758 14566 84591 76371 76076 
305 470 
1 2
2 3
3 4
4 5
5 6
6 7
7 8
8 9
9 10
10 11
11 12
12 13
13 14
14 15
15 16
16 17
17 18
18 19
19 20
20 21
21 22
22 23
23 24
24 25
25 26
26 27
27 28
28 29
29 30
30 31
31 32
32 33
33 34
34 35
35 36
36 37
37 38
38 39
39 40
40 41
41 42
42 43
43 44
44 45
45 46
46 47
47 48
48 49
49 50
50 51
51 52
52 53
53 54
54 55
55 56
56 57
57 58
58 59
59 60
60 61
61 62
62 63
63 64
64 65
65 66
66 67
67 68
68 69
69 70
70 71
71 72
72 73
73 74
74 75
75 76
76 77
77 78
78 79
79 80
80 81
81 82
82 83
83 84
84 85
85 86
86 87
87 88
88 89
89 90
90 91
91 92
92 93
93 94
94 95
95 96
96 97
97 98
98 99
99 100
100 101
101 102
102 103
103 104
104 105
105 106
106 107
107 108
108 109
109 110
110 111
111 112
112 113
113 114
114 115
115 116
116 117
117 118
118 119
119 120
120 121
121 122
122 123
123 124
124 125
125 126
126 127
127 128
128 129
129 130
130 131
131 132
132 133
133 134
134 135
135 136
136 137
137 138
138 139
139 140
140 141
141 142
142 143
143 144
144 145
145 146
146 147
147 148
148 149
149 150
150 151
151 152
152 153
153 154
154 155
155 156
156 157
157 158
158 159
159 160
160 161
161 162
162 163
163 164
164 165
165 166
166 167
167 168
168 169
169 170
170 171
171 172
172 173
173 174
174 175
1 176
176 177
177 178
178 179
179 180
180 181
181 182
182 183
183 184
184 185
185 186
186 187
187 188
188 189
189 190
190 191
191 192
192 193
193 194
194 195
195 196
196 197
197 198
198 199
199 200
200 201
201 202
202 203
203 204
204 205
205 206
206 207
207 208
208 209
209 210
210 211
211 212
212 213
213 214
214 215
215 216
216 217
217 218
218 219
219 220
220 221
221 222
222 223
223 224
224 225
225 226
226 227
227 228
228 229
229 230
230 231
231 232
232 233
233 234
234 235
235 236
236 237
237 238
238 239
239 240
240 241
241 242
242 243
243 244
244 245
245 246
246 247
247 248
248 249
249 250
250 251
251 252
252 253
253 254
254 255
255 256
256 257
257 258
258 259
259 260
260 261
261 262
262 263
263 264
264 265
265 266
266 267
267 268
268 269
269 270
270 271
271 272
272 273
273 274
274 275
275 276
276 277
277 278
278 279
279 280
280 281
281 282
282 283
283 284
284 285
285 286
286 287
287 288
288 289
289 290
290 291
291 292
292 293
293 294
294 295
295 296
296 297
297 298
298 299
299 300
300 301
301 302
302 303
303 304
304 305
305 306
306 307
307 308
308 309
309 310
310 311
311 312
312 313
313 314
314 315
315 316
316 317
317 318
318 319
319 320
320 321
321 322
322 323
323 324
324 325
325 326
326 327
327 328
328 329
329 330
330 331
331 332
332 333
333 334
334 335
335 336
336 337
337 338
338 339
339 340
340 341
341 342
342 343
343 344
344 345
345 346
346 347
347 348
348 349
1 350
350 351
351 352
352 353
353 354
354 355
355 356
356 357
357 358
358 359
359 360
360 361
361 362
362 363
363 364
364 365
365 366
366 367
367 368
368 369
369 370
370 371
371 372
372 373
373 374
374 375
375 376
376 377
377 378
378 379
379 380
380 381
381 382
382 383
383 384
384 385
385 386
386 387
387 388
388 389
389 390
390 391
391 392
392 393
393 394
394 395
395 396
396 397
397 398
398 399
399 400
400 401
401 402
402 403
403 404
404 405
405 406
406 407
407 408
408 409
409 410
410 411
411 412
412 413
413 414
414 415
415 416
416 417
417 418
418 419
419 420
420 421
421 422
422 423
423 424
424 425
425 426
426 427
427 428
428 429
429 430
430 431
431 432
432 433
433 434
434 435
435 436
436 437
437 438
438 439
439 440
440 441
441 442
442 443
443 444
444 445
445 446
446 447
447 448
448 449
449 450
450 451
451 452
452 453
453 454
454 455
455 456
456 457
457 458
458 459
459 460
460 461
461 462
462 463
463 464
464 465
465 466
466 467
467 468
468 469
469 470
470 471
471 472
472 473
473 474
474 475
475 476
476 477
477 478
478 479
479 480
480 481
481 482
482 483
483 484
484 485
485 486
486 487
487 488
488 489
489 490
490 491
491 492
492 493
493 494
494 495
495 496
496 497
497 498
498 499
499 500
500 501
501 502
502 503
503 504
504 505
505 506
506 507
507 508
508 509
509 510
510 511
511 512
512 513
513 514
514 515
515 516
516 517
517 518
518 519
519 520
520 521
521 522
