797 480
65 66
36 26
59 81
81 82
44 79
89 94
32 94
22 33
19 46
46 62
19 47
70 91
97 62
17 43
11 25
74 73
64 98
73 7
40 8
2 96
89 81
80 17
88 13
31 44
64 25
52 60
50 90
84 35
56 64
52 20
43 19
12 73
48 93
43 78
22 53
60 100
26 54
84 20
14 30
82 49
47 96
34 66
15 11
43 45
56 77
53 13
43 92
67 37
74 64
62 62
18 74
68 93
57 7
45 34
73 75
10 22
23 35
37 62
30 88
23 79
74 21
87 80
73 56
20 27
69 5
86 72
79 79
49 20
41 70
100 99
57 39
51 23
33 8
38 39
65 31
85 24
60 16
94 15
72 40
45 57
21 19
79 54
77 18
99 63
35 17
48 64
7 39
26 6
96 97
100 14
62 39
55 88
36 94
38 49
28 99
49 70
18 59
22 27
77 5
86 52
85 59
77 63
14 61
86 37
80 37
52 4
56 13
47 44
42 72
28 7
89 85
97 86
4 3
98 35
97 99
35 53
25 5
7 26
86 3
51 35
85 48
100 18
48 51
17 10
24 77
51 87
20 35
66 66
76 61
99 82
35 28
81 10
58 26
95 89
23 4
49 72
55 71
86 31
28 44
31 96
96 54
19 95
24 7
57 76
49 12
50 69
98 45
20 49
61 37
44 98
2 32
36 96
79 28
13 36
38 80
59 5
85 97
36 18
61 63
89 27
100 13
38 67
23 4
64 44
24 37
10 47
89 56
21 64
92 5
66 59
45 87
96 2
47 72
47 49
43 23
59 56
71 6
31 88
1 79
26 98
13 11
77 47
2 71
15 11
18 86
99 14
17 58
2 30
58 34
15 38
59 61
73 24
12 37
81 21
23 30
53 4
59 61
78 94
97 73
14 93
13 61
94 12
71 72
82 89
63 31
12 55
64 91
97 96
82 13
100 84
84 39
57 56
95 50
23 5
32 90
51 26
50 76
74 85
46 57
75 23
93 96
83 99
38 68
78 23
41 19
49 51
61 100
78 52
31 30
94 99
17 51
56 91
36 94
64 58
78 33
77 96
60 64
58 23
93 80
89 17
54 56
23 77
44 80
73 7
97 97
31 48
23 23
87 75
19 7
22 94
47 89
96 5
53 87
71 53
46 91
16 51
100 53
90 23
8 39
85 10
48 52
8 64
26 2
15 94
75 64
70 37
74 64
4 53
55 5
29 31
4 34
61 84
7 81
63 44
69 38
66 95
64 98
51 83
19 88
29 72
61 47
35 99
30 70
34 20
10 27
89 16
43 72
83 64
31 33
84 28
7 36
73 76
2 47
43 54
100 54
36 38
60 54
42 73
91 63
21 31
94 95
62 81
43 17
34 47
56 35
67 35
63 49
100 76
25 79
28 32
71 51
80 39
60 20
69 38
85 52
42 96
91 87
28 40
53 82
83 62
83 45
32 33
40 65
65 64
61 87
43 49
56 35
89 71
50 18
10 46
17 92
59 85
62 7
15 15
64 29
65 75
31 50
9 35
30 80
7 54
98 18
75 18
53 10
99 99
88 67
4 49
21 15
50 30
34 21
51 17
52 92
28 40
37 43
88 72
82 59
47 60
77 16
92 74
88 45
63 81
12 87
60 83
79 29
98 97
71 7
21 27
29 31
56 97
11 6
80 72
46 1
11 97
97 62
42 53
64 94
84 63
81 42
40 13
23 75
95 76
46 24
32 63
64 64
38 16
11 57
57 99
8 75
41 25
26 26
90 31
97 43
74 48
88 28
2 50
75 96
10 82
1 60
96 35
8 33
41 23
20 51
24 58
92 47
96 81
28 82
71 92
56 32
18 29
7 98
69 91
13 28
1 23
86 16
41 86
65 53
61 81
74 45
3 24
60 23
77 56
76 33
93 17
67 51
74 52
40 79
10 34
84 59
47 44
5 83
48 21
95 36
22 6
14 57
96 53
14 30
82 10
41 88
20 77
32 50
12 39
99 55
47 17
53 86
33 95
72 45
56 90
43 66
73 71
39 89
75 62
89 88
29 91
31 38
12 96
79 20
72 25
2 51
2 87
50 20
28 98
89 2
57 15
16 52
41 35
25 24
18 41
17 30
74 84
82 58
22 67
50 30
4 83
39 26
50 20
13 9
45 28
27 31
4 23
50 49
98 6
100 83
79 44
82 74
67 84
15 83
21 93
43 18
22 15
73 20
12 81
9 89
11 10
62 30
19 71
49 13
40 16
44 28
85 31
53 34
98 3
53 86
22 50
37 46
77 67
84 41
26 49
26 37
66 15
23 34
12 41
46 93
8 18
26 25
36 48
21 66
66 1
84 49
67 66
76 5
53 35
36 1
78 40
13 92
47 51
88 32
38 91
92 75
9 58
69 69
41 33
82 68
15 15
92 39
14 9
97 79
30 37
2 73
59 2
77 30
17 94
63 21
86 80
99 89
43 78
58 77
42 81
41 94
17 68
62 16
62 84
59 25
81 95
49 20
22 40
10 4
32 84
88 78
63 57
47 91
90 54
63 95
21 36
36 67
13 36
89 20
71 42
22 66
73 88
5 30
29 9
100 100
12 94
29 50
41 48
69 35
11 36
38 73
34 26
13 39
94 7
13 92
54 55
86 14
90 76
78 36
70 93
76 16
38 43
36 62
20 71
56 27
48 66
94 14
39 4
47 19
20 14
94 95
42 84
3 49
33 51
41 1
60 80
33 47
96 39
32 4
96 17
72 18
11 63
15 3
34 89
43 30
39 92
81 25
47 56
10 44
60 82
81 89
36 51
3 42
40 47
57 78
50 87
49 88
24 27
38 90
30 57
44 44
48 25
29 59
33 63
54 54
21 80
70 76
100 28
78 67
26 61
7 87
1 95
36 73
1 51
50 73
39 5
18 85
94 25
74 87
69 25
63 31
8 69
52 90
2 25
35 28
32 43
3 91
65 27
52 2
28 82
83 75
10 55
89 73
45 29
12 83
57 22
70 95
63 77
52 92
69 26
28 48
64 25
12 15
26 30
61 6
80 16
25 21
13 9
93 45
61 31
88 38
72 3
26 11
12 93
1 33
10 81
47 64
77 21
58 30
25 49
80 61
54 33
61 73
30 70
59 4
43 26
36 69
11 67
7 66
54 8
75 77
3 40
80 34
55 73
70 92
1 70
55 60
20 61
53 77
33 51
86 26
2 71
31 38
55 30
65 28
13 38
67 37
2 94
85 20
83 84
67 5
70 71
60 57
64 69
23 52
60 2
46 36
58 27
86 91
33 73
40 93
73 31
91 71
66 8
44 17
64 50
37 94
77 59
26 86
41 56
91 51
93 5
24 25
19 59
11 12
8 23
41 34
79 32
17 85
100 56
64 74
74 39
100 9
84 75
22 35
44 67
79 60
7 24
18 21
98 66
96 63
45 52
79 37
62 8
88 39
30 76
58 13
5 56
32 60
73 29
34 50
59 28
33 45
82 73
26 64
10 21
16 46
26 56
19 32
14 99
17 31
54 47
48 80
29 72
26 67
99 75
64 9
80 21
88 33
27 2
75 63
71 78
64 76
13 63
7 91
40 6
87 75
3 29
72 86
91 63
45 64
