799 1000
462 58
263 242
604 517
410 332
617 880
437 428
689 789
137 335
56 635
343 871
872 869
618 630
439 913
107 639
630 321
892 518
627 190
997 666
440 440
387 338
66 719
332 613
474 69
596 80
671 714
730 197
707 151
715 726
858 227
439 326
638 609
303 528
533 544
126 990
401 74
204 819
639 469
620 921
785 917
544 885
996 248
119 30
498 136
62 889
298 133
996 792
955 1
236 726
52 674
559 596
679 923
135 688
290 683
126 769
797 972
61 132
6 789
717 762
232 705
817 951
959 238
226 149
189 375
394 503
417 162
393 742
419 211
100 280
385 751
944 820
206 234
315 487
21 986
892 346
506 249
86 993
241 94
377 917
173 381
465 875
139 211
901 988
52 651
737 979
551 755
292 562
452 327
315 805
66 813
196 892
778 24
380 822
225 910
218 905
794 802
41 219
714 330
226 972
666 457
624 513
49 687
482 747
263 100
4 678
651 496
422 355
422 359
924 574
222 405
468 144
692 14
379 174
446 857
168 912
534 975
192 435
521 185
864 208
400 896
518 498
10 723
89 76
224 972
612 465
880 283
143 538
372 841
998 292
96 423
728 199
807 325
185 664
349 531
40 39
6 179
842 954
847 540
45 697
112 625
62 631
136 544
420 199
592 820
802 157
383 164
617 513
876 625
947 720
640 772
137 282
754 325
663 741
360 325
211 592
124 741
945 273
581 309
361 80
386 398
847 730
99 608
851 559
184 629
711 915
839 628
12 857
666 239
797 11
143 933
425 699
78 361
821 62
855 969
112 180
993 279
518 945
492 908
838 167
544 120
252 810
60 139
639 650
608 600
60 421
67 492
753 34
637 651
107 974
78 948
809 275
702 992
702 5
107 967
219 899
350 650
514 980
446 594
764 871
147 848
932 753
852 323
754 339
546 701
778 986
18 846
786 934
943 888
567 483
670 833
856 82
257 372
26 561
237 808
666 759
235 559
534 609
850 393
557 168
779 247
282 921
292 40
613 843
870 687
689 940
767 762
503 173
41 141
874 977
729 13
370 826
753 222
673 364
974 230
664 168
138 607
275 283
563 16
633 380
243 869
381 129
678 395
576 779
183 333
924 597
347 122
690 617
308 428
85 27
319 914
421 348
726 967
86 264
175 489
278 352
732 970
122 81
577 227
185 700
617 396
239 916
530 693
180 163
92 465
939 413
221 597
419 970
96 582
633 56
833 688
492 544
923 839
232 349
162 970
916 464
569 267
692 526
558 400
871 640
105 645
962 122
473 296
635 268
326 940
398 660
600 70
884 618
119 307
535 635
760 944
320 679
143 233
369 163
183 683
883 144
955 393
450 898
873 26
867 441
50 961
621 307
764 492
5 272
496 806
720 205
644 910
13 642
209 798
280 452
526 132
225 195
819 116
435 69
759 779
653 178
91 358
132 942
53 577
463 25
702 441
970 154
964 731
876 536
833 298
417 880
194 29
56 794
272 262
629 596
170 180
473 397
410 898
645 651
908 934
787 222
818 67
893 98
234 287
332 465
926 133
2 759
507 157
920 644
563 239
585 278
491 612
941 332
725 853
695 796
543 857
999 214
75 372
713 150
589 826
613 446
112 528
237 129
169 476
545 762
690 928
214 547
641 355
723 238
878 623
466 752
456 84
349 112
369 932
559 149
541 77
287 861
375 882
593 111
333 546
676 450
567 520
68 299
964 121
769 716
828 25
263 143
407 414
157 783
652 971
62 151
595 279
410 488
292 932
606 352
134 960
392 694
793 543
796 767
564 783
170 340
664 962
789 170
618 664
397 848
261 698
510 52
502 352
143 455
470 28
28 476
692 989
485 925
616 565
701 990
153 315
907 480
720 58
604 55
131 496
191 565
795 920
583 165
902 128
893 368
93 604
444 147
207 465
323 327
933 835
247 712
660 607
542 559
270 194
116 80
169 720
874 581
558 541
986 73
171 112
388 29
506 691
477 486
440 101
715 397
263 136
546 558
860 43
58 889
105 784
486 293
508 207
838 8
526 218
470 952
510 71
13 941
244 585
87 164
878 919
300 902
966 716
454 446
705 261
391 247
225 654
889 812
213 237
691 382
788 294
531 578
606 637
223 736
107 375
922 677
721 569
118 962
282 943
52 474
467 903
653 720
727 771
381 351
770 811
154 264
823 585
329 688
203 507
666 862
519 540
631 297
713 891
449 593
579 706
499 674
523 368
189 436
202 592
970 989
733 288
258 973
143 835
169 904
125 351
702 848
824 184
877 185
855 747
462 219
938 956
251 284
472 992
574 147
866 315
969 558
822 908
971 381
533 396
378 860
453 819
612 29
7 371
132 812
178 75
779 529
78 877
757 658
330 504
896 934
775 894
600 155
179 231
878 744
879 941
940 596
513 638
266 261
67 638
293 914
386 378
179 722
792 141
656 923
522 142
19 932
642 825
177 658
326 738
882 663
895 413
479 262
851 569
458 465
364 471
990 235
751 952
803 367
374 725
76 175
910 197
24 573
506 834
332 13
982 316
423 417
348 364
796 52
83 858
940 296
947 664
369 864
754 917
460 70
650 588
905 942
664 258
398 489
223 899
247 612
75 261
173 182
823 155
250 157
879 195
214 546
662 433
710 728
410 978
991 609
979 834
775 945
632 214
421 953
777 283
916 773
286 413
228 646
206 768
401 617
921 835
394 239
703 56
459 163
607 654
387 295
953 191
31 535
228 634
237 188
337 618
994 130
806 829
197 162
843 61
121 577
64 859
343 439
494 815
962 361
73 217
153 800
485 68
280 648
478 829
391 442
174 872
873 858
691 571
791 873
678 178
259 668
397 617
549 259
377 989
66 603
33 604
407 661
334 888
202 36
565 399
98 427
984 310
42 141
13 866
754 11
789 813
630 290
246 479
637 890
258 442
915 920
70 541
567 708
116 963
398 388
329 625
774 760
815 91
596 852
444 135
671 369
258 416
626 883
869 780
214 604
40 375
693 448
368 750
680 8
727 501
802 639
18 762
475 832
548 359
127 989
337 283
284 897
108 282
151 40
617 649
656 346
99 563
41 267
295 286
507 78
512 423
768 701
889 82
610 955
430 658
771 730
803 783
459 133
715 227
774 384
882 212
875 426
796 766
694 818
676 806
742 263
437 895
584 551
893 433
594 921
301 293
17 675
218 322
403 644
79 340
454 723
209 119
391 990
89 184
636 540
478 605
291 372
24 760
648 891
894 823
83 707
945 423
720 630
943 957
189 479
169 995
279 729
893 985
509 742
516 938
963 681
877 179
777 660
449 759
898 611
661 637
870 807
907 928
896 205
785 678
216 484
304 338
697 907
230 475
252 496
981 482
300 625
817 456
952 103
70 630
197 895
8 546
801 288
874 753
721 919
96 615
652 605
196 905
469 375
372 643
805 158
794 555
38 933
675 892
249 838
433 795
609 77
113 103
766 667
742 896
315 916
124 959
977 673
765 70
850 879
136 491
382 191
357 74
681 788
170 992
35 320
9 489
663 175
344 82
420 569
959 183
919 285
917 639
103 409
988 691
936 515
305 611
345 299
605 984
614 54
30 667
278 101
86 213
821 972
115 437
316 435
910 701
940 928
452 181
199 68
256 903
