6
51
3 83942 76740
47 90657 57778
50 63987 26949
88 92224 48027
38 28290 65930
57 55744 81744
48 94125 7029
59 75733 81563
54 29954 30321
80 96370 23176
100 45828 10578
67 46626 85661
7 23687 39401
95 59236 30873
1 7751 68550
73 86539 30605
18 78185 93394
25 55574 10487
69 3925 63563
31 12908 41669
52 23890 91202
25 11835 97128
32 83843 82003
91 50865 13527
52 32802 6628
82 27483 3975
10 92155 56289
73 28445 94729
12 40683 1557
22 39570 44995
63 53177 31052
92 90469 9426
28 90548 68264
25 29712 10015
26 84430 38561
6 44180 77216
25 79321 50113
9 90393 43345
61 64831 15488
38 82472 60403
26 28711 19612
93 24901 99333
10 66181 35547
64 75377 84321
58 92130 79525
49 38880 49561
54 24333 32061
73 27830 69970
59 44704 56543
26 62536 11169
11 18967 87807
66
54 67108 475
77 11903 20140
80 77634 71155
73 85170 51092
1 51270 64755
60 39920 75461
53 11577 11933
51 91386 38326
2 71071 16831
38 54255 28030
65 80628 48113
38 73167 3637
2 39494 98385
20 51183 66284
67 30005 43870
71 93660 8557
64 58569 60723
52 83060 39702
46 76436 57158
27 93186 51091
33 43273 40640
93 75673 33531
91 13371 51166
8 39444 95117
64 48250 15337
94 36877 35659
26 56586 78641
56 77691 62551
93 77605 83024
25 23919 15659
11 74612 50908
23 38641 60734
79 15432 74317
85 30200 49556
64 85374 26674
39 10600 77509
84 40275 43022
35 144 89267
79 14660 65207
24 94018 29221
98 27466 19696
63 34645 88552
79 90837 75462
8 92088 69639
30 33576 10058
13 5305 82056
32 90260 21773
29 74134 71850
59 65528 833
45 482 13373
26 79064 15310
21 77916 38946
26 56956 93619
32 16714 60899
17 84331 30654
47 35548 56980
29 84072 98926
67 10399 75275
64 90509 51880
21 37088 23933
27 40902 16375
63 8771 28378
64 10576 40713
63 48707 42891
40 28306 54087
75 16203 65929
72
86 48691 24963
45 24064 36275
56 88743 39495
62 65061 74460
100 42732 68418
94 23220 11954
3 22009 57645
5 71662 9065
92 36175 55915
57 37970 23722
15 80913 53640
46 3354 81481
77 97384 61457
64 33080 20357
20 66358 68019
27 94929 39586
73 10809 27447
60 36729 68034
68 44964 16541
87 58224 12426
40 24761 54008
91 47453 21874
52 83563 25833
65 71496 64781
60 7858 9375
97 15389 52188
19 86991 51310
90 3455 39852
73 58369 93005
64 83049 53272
92 63495 84054
70 13100 29723
100 98904 40793
85 90404 75957
79 20384 42016
4 8573 15105
18 67869 29513
85 86917 18740
61 80666 68768
73 80434 97146
65 76490 73660
70 82294 65196
63 4872 70652
31 42849 45845
83 55085 54817
84 15927 21319
70 98354 52622
56 75090 74072
32 56904 54399
64 96378 12258
50 35124 20647
98 70946 7002
18 48816 69550
46 89542 92527
52 61343 81961
15 42531 41222
53 64975 94362
93 46934 62708
94 59093 64810
40 27000 14428
99 35204 93093
56 27289 28139
24 36495 8534
8 21691 87409
88 11296 82883
53 83122 20482
3 91608 6315
77 73689 81932
5 44393 42910
31 1879 154
21 1105 79612
36 99187 41194
50
25 60625 27713
60 22922 83581
38 6545 39435
97 19577 4426
34 59151 16160
15 16796 62308
13 45891 72272
16 99326 23212
21 64444 86036
48 90316 83588
76 99842 43921
62 40177 43538
13 7153 47376
1 13646 92562
58 25266 71803
50 83421 4187
48 65018 89340
36 13607 59574
26 86823 81746
55 17699 11483
59 74169 1972
14 73009 98541
62 83887 88074
80 20119 90904
23 77923 67912
68 54458 297
24 7623 5997
32 62527 46861
72 35967 4188
62 64355 16141
60 9794 76346
57 47993 1961
47 20908 66472
71 85571 29811
39 10887 2434
66 42164 57966
34 97434 29207
13 32324 36232
72 95217 34795
100 19251 2005
78 79470 842
95 72258 48940
99 9199 96814
27 26511 10951
58 37889 68213
89 52273 76789
20 4 82331
39 68052 78819
16 66944 77630
28 7446 16652
95
54 946 74347
18 2780 7116
31 92899 28108
67 57516 50772
41 14090 92995
15 68058 49562
72 89970 95752
46 30215 2502
44 86797 96643
49 77366 87923
3 90865 49279
28 58467 9830
80 49015 41677
3 71009 29585
13 43734 69915
8 53079 40487
26 16060 71285
62 16796 24513
7 57358 78588
43 6897 81810
92 91809 46597
87 59135 49799
14 28440 42068
48 74418 71393
57 46848 98297
81 6356 93686
47 9353 91626
47 21646 92454
75 78886 55873
90 95131 45851
19 55016 96377
52 35790 50115
78 72694 3908
3 64390 6225
6 2865 61200
32 29328 51122
5 12646 29914
67 69085 55820
86 15668 75121
56 27235 73948
54 41951 30832
35 29305 1329
39 41717 71925
52 74254 59044
68 2176 31174
33 91082 37529
38 2155 52901
7 41128 4475
19 89466 36625
91 59379 72596
76 55395 22784
97 96320 36363
68 17746 37723
11 54699 95938
7 35837 40410
84 81684 34863
80 29732 4192
10 42652 97786
18 38828 27896
49 50075 14935
88 89852 38289
64 36741 9413
3 67961 40855
65 61406 72007
4 65694 96339
40 35578 65921
2 58398 31941
64 3449 88854
10 70301 57823
51 7713 19137
13 79660 43076
18 59580 57233
50 37957 67937
15 76853 5962
40 264 58764
87 37070 2200
6 28980 63772
62 38565 57141
61 11272 48935
30 16039 99326
89 49306 92130
87 85683 33330
87 61656 59957
3 7283 87819
2 65663 72158
82 19799 98529
85 63257 74985
48 60116 79516
36 88636 99500
30 604 11032
82 45247 60264
41 41374 84767
94 60606 11454
76 49728 99778
16 52433 25870
2
83 76985 4362
60 56823 38184
