5
69
10 50753 10
10 98343 3
34 75950 47
12 66591 42
28 64856 39
2 59871 93
95 80460 61
26 51278 50
77 13497 64
8 37116 74
43 77679 100
37 54366 91
1 65720 97
70 73995 87
42 28983 54
66 50231 64
57 98815 38
76 68431 89
76 6261 77
22 11990 79
59 98026 63
60 93982 57
3 23250 100
9 88585 33
32 57578 31
50 86145 64
93 66760 28
84 61974 19
51 69124 71
32 49271 42
77 53894 7
81 72499 13
42 20464 94
65 38545 5
95 175 50
100 42733 1
46 94877 44
81 8693 9
39 5306 76
45 97571 38
14 82346 30
65 66620 55
93 50576 15
27 96618 11
47 95180 38
41 10614 65
36 69875 64
1 99016 64
62 45933 37
51 49507 78
1 79539 22
84 24091 78
79 23977 20
7 50298 36
47 10873 38
11 93746 9
98 41297 24
60 60772 24
14 5471 41
24 32977 24
23 54602 15
12 21599 34
14 34003 79
74 57808 22
57 3277 93
62 31262 88
32 52154 8
5 22234 40
12 33607 93
24
41 64599 38
97 14179 45
40 51315 38
92 14815 51
40 9206 5
95 8162 73
89 10593 11
37 83035 93
48 88732 69
4 38814 20
33 73578 51
32 44424 48
14 22156 21
2 23542 60
96 48987 23
73 18944 24
20 19680 81
1 85018 14
95 56407 48
86 49965 51
9 40805 54
22 14258 93
72 13431 65
86 41327 20
23
24 97943 5
78 77712 68
60 98224 55
55 15783 74
1 72760 37
62 80115 2
5 23870 86
93 19698 34
45 10324 69
66 39355 55
74 14577 87
55 83583 27
46 87237 55
12 96033 91
1 28123 4
78 25074 97
8 49525 63
63 20209 16
60 17827 41
18 73442 84
35 34276 59
8 29933 92
40 62689 19
23
90 35618 30
51 10442 62
42 27434 75
61 99032 33
43 31554 40
93 95735 13
20 68790 47
55 92439 79
2 77361 95
83 45760 53
4 36255 3
33 54574 17
38 32578 83
83 61994 34
43 5234 99
94 60778 24
48 25689 1
2 88522 11
42 42286 26
7 66923 94
100 6482 27
24 6828 98
62 81512 53
67
43 90033 45
13 73801 80
99 86603 79
71 83320 26
35 26220 69
45 1152 39
48 78423 3
80 54943 60
90 64366 77
7 40232 77
24 98285 31
45 57439 97
35 21764 17
2 88112 56
16 57972 71
27 68048 64
61 25261 94
11 24919 34
17 8807 76
53 52476 46
71 79742 58
65 40594 65
64 72370 88
49 10339 2
36 45310 55
64 47275 51
73 42232 86
89 28951 49
45 62697 22
87 30974 10
47 60942 48
77 50751 9
36 21743 41
52 20252 63
100 74239 43
37 46166 5
82 13108 54
13 20042 13
19 72520 23
86 79627 9
46 26320 57
92 22656 9
47 53211 98
91 25121 40
55 14798 60
93 9133 14
39 3807 8
79 31886 76
41 22799 22
72 58864 28
79 95532 34
63 53086 6
12 47078 7
63 2527 51
76 31633 22
47 8015 65
98 58332 72
22 59873 27
45 54032 15
38 92405 70
96 40043 26
16 28021 28
6 13726 27
45 15702 23
26 5349 54
47 85164 81
50 82246 51
