5
32
26 97306 78636
32 69397 54697
23 73715 87013
48 96812 95560
58 79220 20153
90 81787 76390
29 46732 95757
34 29372 4972
39 83757 83512
40 71568 82831
67 48968 48516
66 9311 72046
63 82858 61288
8 46801 2758
74 11702 78788
18 21004 95865
6 38659 90782
65 26640 53952
56 64536 30587
65 42608 6797
19 84743 51809
38 15123 39269
22 61639 37323
34 91691 18812
10 97685 72077
99 24404 49362
88 75659 35913
84 73040 9134
32 92066 51602
12 92449 20185
34 41126 56704
29 22247 33532
71
80 18963 75623
8 85821 34651
92 38765 2854
5 81367 99246
19 63754 38877
38 82904 92840
10 93090 86559
4 60960 51176
68 93217 64309
46 20823 1644
77 23365 92573
18 70158 33926
80 92729 1315
37 7098 50178
14 99632 3134
33 89038 15164
55 43173 22829
57 88311 33052
50 98225 58418
5 2876 14581
92 50541 31630
60 95574 92349
33 89129 90653
19 13837 36430
50 49453 67957
76 7285 41564
18 77264 43034
35 92551 43449
7 78485 22820
51 25827 33702
15 96141 68116
67 52805 19100
98 41962 39923
90 51111 84731
43 9440 96845
81 67190 51345
75 38850 3565
96 33720 2350
1 8954 8313
100 33757 98534
28 1417 14832
51 32228 93927
92 76065 50786
36 71632 30044
47 15872 29711
39 71499 51394
31 68175 92516
40 70939 54666
97 96699 42706
64 17155 59888
9 30354 87056
53 15005 64601
79 7168 8370
59 7253 54515
93 37035 22442
55 21063 29224
89 7661 6080
38 62108 41796
97 94225 93645
36 35682 36392
36 91153 32797
31 28747 30478
73 65774 38693
58 89992 671
43 12367 72449
28 15653 19538
74 99902 12338
49 19655 75879
92 35745 62230
66 64997 55299
97 66069 61097
15
88 98286 42153
77 51644 83755
46 12138 89596
40 19124 66193
32 31573 83099
99 38341 43062
34 87650 9062
37 14895 83835
42 51475 74064
8 22840 45820
1 43226 9370
6 13227 19528
82 47954 38962
3 63792 99586
24 57720 6670
68
73 86905 12235
94 55717 80972
64 53668 72777
74 84014 94062
78 15521 33022
11 71580 97315
71 30767 25840
21 3576 74625
66 95977 76899
94 92128 39876
20 96900 26713
60 44991 84136
19 30027 92458
61 27982 29639
17 16122 21663
100 34475 95540
18 40057 24660
49 82552 17463
41 63130 96717
40 17942 72971
87 21238 90328
82 52993 19669
52 73635 21285
16 54862 88998
67 29049 67779
8 6468 75892
31 14598 59867
44 48919 61301
31 63183 60945
53 46315 55613
11 8521 25881
20 11720 92152
96 14807 90263
75 62906 17162
90 35429 92283
8 74828 55974
83 33958 98683
57 56196 88045
55 84010 31026
83 87617 18600
97 610 63096
92 34578 21544
96 62136 87427
90 58810 73725
62 10890 54109
74 4642 35284
56 60966 79238
92 38558 19190
40 64299 94829
16 92516 79677
35 77629 29866
82 22536 92600
23 26025 32862
1 25436 60898
32 20860 13678
78 69767 10431
92 77566 33084
31 91717 94424
60 87635 77511
2 47774 13144
13 11284 2725
23 47242 97830
56 87082 65823
40 66820 81092
77 236 64813
56 74477 56680
93 35386 40882
81 47619 65146
26
69 55834 10442
82 66638 23391
56 93105 77537
51 94179 96981
95 74886 49805
62 91420 91729
7 74241 50915
73 8349 50351
31 32386 14206
19 71497 11529
13 37755 45663
82 44987 95031
19 1647 72010
65 38914 28455
31 42732 15294
56 12961 15289
25 73797 81908
81 27175 99069
84 97972 89275
38 8907 84591
31 69711 2706
23 84523 75218
68 92744 90182
99 50309 71692
1 5259 69069
1 77878 53665
