10
41
55 10003 16
56 66013 11
74 54931 24
9 16176 4
51 84199 76
25 68893 39
37 44374 23
46 15819 54
57 80814 43
86 91197 100
56 91709 79
79 72461 14
23 29744 100
94 29447 20
52 73963 74
29 98984 30
22 6665 46
85 39191 53
5 97110 53
56 90243 94
54 52297 75
31 90974 20
37 70695 45
54 51673 6
65 25524 52
31 15329 53
31 25692 27
13 93081 38
63 69858 58
66 47801 95
74 64807 51
68 89478 9
4 67007 8
92 64499 50
6 68399 22
98 41015 81
67 42282 37
19 36111 26
44 59788 26
44 83702 88
44 65655 21
89
46 61131 16
45 1654 34
22 34850 83
42 75226 41
86 26101 61
32 76961 68
3 50276 58
72 5766 59
24 5836 41
54 89018 25
95 66949 25
56 17850 78
11 69083 84
90 52559 45
45 80268 22
1 20555 72
85 56675 12
65 32321 20
96 82516 57
49 50948 7
35 21591 84
82 51268 98
74 841 39
93 63717 3
34 72768 71
65 81121 83
3 12366 49
32 75776 88
38 3064 36
73 78070 22
74 96632 60
55 94748 80
61 15889 54
20 2034 33
45 51090 40
12 33717 35
11 17037 83
44 88668 78
56 4345 27
98 98808 28
58 14566 91
71 76076 5
64 9279 70
9 90441 29
25 3429 61
41 21166 70
94 54314 13
1 62687 48
14 29965 22
22 75748 34
11 2997 93
38 3172 6
3 13711 47
36 85442 43
31 37420 23
43 53239 14
3 98901 22
35 45777 75
21 12177 4
61 32972 93
47 81562 37
98 64271 36
4 19420 1
43 35433 97
77 8110 45
87 13324 46
89 65524 43
58 17961 89
81 789 19
88 86477 99
25 9913 34
20 33179 65
97 94727 51
6 90763 100
71 91068 52
66 78850 52
100 86319 11
56 56626 15
64 21380 17
57 39764 79
1 8526 90
67 93604 75
16 90249 6
99 86557 54
55 11991 39
5 83637 68
54 71066 36
28 54107 32
32 56786 66
68
59 25418 52
68 51968 10
5 6965 69
75 78460 2
38 4516 6
2 32159 22
23 69326 6
19 38505 21
75 43615 55
74 39458 46
11 36149 97
88 10076 78
83 73211 64
85 9930 77
83 76228 57
35 96671 85
51 65195 38
81 9546 3
36 77801 33
59 11986 93
47 48119 27
28 55310 47
23 28294 5
98 39399 54
49 25020 14
88 31088 35
7 44464 17
85 66565 81
66 14216 85
31 40258 37
28 32337 76
54 67143 80
18 256 49
22 22378 13
56 71016 36
88 87836 49
14 48828 54
41 64767 64
38 64966 69
70 48646 42
99 59368 25
35 67151 74
50 69361 73
6 74782 52
42 76035 37
60 48059 49
9 56995 47
74 2381 26
24 23809 43
25 81527 10
95 32298 55
67 95698 90
78 69995 8
16 12300 33
50 22312 82
53 16097 81
20 66427 25
55 65240 70
50 24178 33
39 40319 33
88 99299 58
20 70122 61
66 55922 56
1 18377 44
82 28966 46
4 8009 49
96 92327 85
55 86413 59
63
39 43591 70
60 17834 11
74 94876 45
77 42214 45
43 30609 79
37 53940 82
53 71531 95
17 6994 71
65 2590 86
93 87504 72
93 58954 21
32 3060 23
82 4181 64
36 84365 71
94 44458 75
56 12310 54
29 76274 95
16 30126 83
64 6352 15
40 29335 80
62 27874 45
12 88045 7
54 7221 20
11 64807 3
13 52552 63
51 18291 25
74 29542 43
81 63342 19
30 89629 53
57 16803 1
40 48643 38
71 4773 6
89 72778 31
78 55919 52
56 30049 47
61 77434 51
18 8430 91
93 77823 3
63 82346 72
6 43854 61
31 40989 51
28 65263 12
99 89178 19
36 43672 71
95 55549 54
67 99215 89
25 66019 41
83 83969 19
15 10281 93
100 88835 18
81 96616 65
20 58504 45
81 60783 90
14 2082 85
43 30307 64
76 23933 47
95 93812 78
93 14714 22
97 9536 65
66 96936 26
59 87181 81
82 83144 79
89 96994 32
94
22 6333 19
46 72646 62
19 77147 70
91 58397 62
17 76643 11
25 34274 73
64 79498 73
7 40640 8
2 79296 89
81 54980 17
88 69613 31
44 71864 25
52 11660 50
90 73184 35
56 14664 52
20 3443 19
12 373 48
93 84443 78
22 87953 60
100 66926 54
84 76220 14
30 63982 49
47 77396 34
66 61215 11
43 18645 56
77 25353 13
43 592 67
37 91374 64
62 11562 18
74 20268 93
57 83607 45
34 45173 75
10 79222 23
35 38637 62
30 75088 23
79 5574 21
87 64780 73
56 76920 27
69 405 86
72 74979 79
49 11120 41
70 5800 99
57 47639 51
23 48933 8
38 92539 65
31 8785 24
60 21816 94
15 59672 40
45 43257 21
19 1879 54
77 85518 99
63 72635 17
48 56364 7
39 5526 6
96 54597 100
14 82562 39
55 55688 36
94 50938 49
28 34299 49
70 28118 59
22 83127 77
5 60486 52
85 46659 77
63 60114 61
86 78837 80
37 30352 4
56 53413 47
44 68742 72
28 33107 89
85 29697 86
4 85403 98
35 64597 99
35 12053 25
5 66807 26
86 74803 51
35 81785 48
100 30518 48
51 22917 10
24 40977 51
87 22620 35
66 67266 76
61 45199 82
35 60428 81
10 52958 26
95 97689 23
4 32849 72
55 45871 86
31 51828 44
31 13296 96
54 53719 95
24 26007 57
76 64549 12
50 50769 98
45 91620 49
61
37 83144 98
2 2532 36
96 34179 28
13 17236 38
80 79259 5
85 51897 36
18 69161 63
89 75627 100
13 4438 67
23 10404 64
44 23224 37
10 8647 89
56 71921 64
92 25905 66
59 64645 87
96 60702 47
72 90747 49
43 49023 59
56 93271 6
31 24888 1
79 51126 98
13 34911 77
47 97002 71
15 33811 18
86 599 14
17 28058 2
30 66158 34
15 19038 59
61 88873 24
12 87337 81
21 79623 30
53 95104 59
61 99978 94
97 68573 14
93 65613 61
94 56112 71
72 87882 89
63 79031 12
55 64364 91
97 22396 82
13 1200 84
84 47439 57
56 80995 50
23 52805 32
90 88151 26
50 74576 74
85 15046 57
75 4223 93
96 11083 99
38 18968 78
23 34141 19
49 57651 61
100 52078 52
31 91930 94
99 90117 51
56 49791 36
94 69464 58
78 25533 77
96 8460 64
58 86323 93
80 51889 17
54
56 31523 77
44 32080 73
7 40097 97
31 90548 23
23 9587 75
19 54507 22
94 87147 89
96 65405 53
87 16571 53
46 27591 16
51 52500 53
90 78523 8
39 57885 10
48 152 8
64 25526 2
15 79594 75
64 13070 37
74 19364 4
53 53155 5
29 30331 4
34 96761 84
7 84581 63
44 31069 38
66 42995 64
98 48251 83
19 98988 29
72 64061 47
35 23499 30
70 29734 20
10 58427 89
16 88143 72
83 2064 31
33 61984 28
7 90536 73
76 92402 47
43 93154 100
54 82436 38
60 2654 42
73 94491 63
21 73431 94
95 62462 81
43 25117 34
47 16656 35
67 7735 63
49 6000 76
25 93879 28
32 25071 51
80 48639 60
20 6769 38
85 31252 42
96 81191 87
28 31040 53
82 66283 62
83 12045 32
33
40 48465 65
64 70261 87
43 12849 56
35 22589 71
50 38418 10
46 9717 92
59 87685 62
7 40315 15
64 12629 65
75 93931 50
9 47135 30
80 56507 54
98 99118 75
18 17653 10
99 11899 88
67 23604 49
21 24515 50
30 62434 21
51 28617 52
92 69328 40
37 85743 88
72 37782 59
47 82160 77
16 2892 74
88 34145 63
81 59112 87
60 9383 79
29 8698 97
71 77307 21
27 3429 31
56 6397 11
6 77280 72
46 30901 11
97
97 30562 42
53 7664 94
84 5763 81
42 58940 13
23 80175 95
76 87346 24
32 60063 64
64 84538 16
11 62957 57
99 13508 75
41 89325 26
26 58690 31
97 56843 74
48 6688 28
2 74950 75
96 75910 82
1 23660 96
35 70608 33
41 43223 20
51 18124 58
92 55047 96
81 23828 82
71 25792 56
32 93518 29
7 54598 69
91 71713 28
1 8023 86
16 54041 86
65 40553 61
81 38974 45
3 41124 60
23 1777 56
76 69633 93
17 59367 51
74 87652 40
79 60010 34
84 55959 47
44 30605 83
48 23721 95
36 67022 6
14 30757 96
53 99314 30
82 94710 41
88 85020 77
32 99450 12
39 11599 55
47 82117 53
86 81733 95
72 64345 56
90 21743 66
73 45571 39
89 36975 62
89 66488 29
91 31731 38
12 52496 79
20 12372 25
2 98851 2
87 68750 20
28 28898 89
2 50657 15
16 91352 41
35 77225 24
18 31841 17
30 87674 84
82 50058 22
67 82750 30
4 17483 39
26 99250 20
13 27009 45
28 88127 31
4 67823 50
49 51798 6
100 13783 79
44 54382 74
67 75284 15
83 79521 93
43 84218 22
15 33573 20
12 58481 9
89 61511 10
62 10030 19
71 40749 13
40 66516 44
28 55085 31
53 56234 98
3 31753 86
22 27550 37
46 92877 67
84 20441 26
49 33226 37
66 85315 23
34 60212 41
46 92793 8
18 52026 25
36 87948 21
66 28966 1
84 86749 67
66
76 63705 53
35 57936 1
78 85540 13
92 45447 51
88 69332 38
91 61292 75
9 28258 69
69 24141 33
82 28368 15
15 14692 39
14 90209 97
79 8630 37
2 46073 59
2 41677 30
17 82294 63
21 59986 80
99 28589 43
78 35758 77
42 14281 41
94 90817 68
62 16416 62
84 19459 25
81 41495 49
20 72922 40
10 49304 32
84 60988 78
63 43857 47
91 52390 54
63 46095 21
36 51036 67
13 75036 89
20 39971 42
22 76566 73
88 2205 30
29 14609 100
100 71812 94
29 45550 41
48 84169 35
11 76636 38
73 41134 26
13 29039 94
7 46113 92
54 94655 86
14 18490 76
78 79236 70
93 18776 16
38 91343 36
62 18520 71
56 88427 48
66 36694 14
39 18804 47
19 42120 14
94 21495 42
84 14103 49
33 37451 41
1 24160 80
33 30447 96
39 74732 4
96 42117 72
18 70411 63
15 49103 34
89 77943 30
39 97192 81
25 78247 56
10 71044 60
82 39281 89
