2
75
26 79445 72
81 33447 29
97 47202 75
25 63982 84
17 2156 32
2 95728 37
57 30739 18
11 39679 6
40 86568 68
16 87940 63
93 1449 91
10 23355 68
31 8580 57
18 74934 28
76 29355 21
80 95922 45
11 34067 67
74 84691 4
35 62034 65
80 81221 95
1 48152 25
31 29302 53
96 19022 89
99 70607 66
32 31502 68
33 87475 92
84 87010 94
28 7354 12
9 16480 43
21 51951 92
20 28197 7
25 72167 17
38 89200 86
4 76483 20
6 90881 58
59 56553 2
54 22962 25
35 9279 64
27 82549 32
95 8200 20
58 90639 92
30 26467 89
58 2581 100
66 61473 29
75 12581 70
55 83718 28
7 19335 98
52 86530 11
69 14148 84
54 8913 14
15 3686 34
82 1392 26
8 33553 62
57 14850 31
61 21185 88
5 2980 64
90 70052 47
43 81740 93
69 77370 16
43 96007 25
99 30412 63
99 63571 76
55 82217 90
43 14427 20
42 4584 39
96 65875 1
58 71449 77
40 37428 38
55 73517 53
33 11768 57
7 76456 78
77 45368 99
82 73541 26
64 43269 1
98 58698 63
15
13 81495 23
71 80206 57
4 53310 10
44 47611 84
10 93559 62
94 58949 7
46 32737 87
79 22306 85
91 5542 42
34 11094 51
89 10898 29
12 29964 97
23 40720 97
80 4917 38
76 98183 65
