7
13
100 67723 31787
55 4775 59266
68 74192 34033
93 78886 64985
54 48540 55872
20 37171 76198
79 82687 1656
95 95530 31774
59 14058 20548
45 22404 74852
80 55827 47759
63 4016 48740
41 86859 31715
48
27 70768 84556
11 18601 7719
81 18939 59276
73 55420 90564
24 14579 8229
71 53647 78496
53 9731 86700
13 51489 4267
9 56328 56045
27 2366 15570
14 55218 83112
29 44921 54557
51 80767 36617
59 25991 95912
73 5779 83211
36 52767 9250
77 80699 45198
82 752 46915
81 80611 22743
98 24290 52306
54 83222 51496
93 77840 42871
17 35605 39968
84 1316 50620
91 18586 69429
51 66837 88362
100 71725 10319
44 22558 20290
75 28327 55368
77 33567 25274
33 44743 35010
86 13433 66266
4 82066 75784
86 15908 8950
75 34895 51401
52 32116 22893
90 84770 16625
50 15437 41153
97 19144 49833
44 20066 68057
75 76243 63152
1 53173 64149
25 57703 81082
62 63275 42224
96 16341 61833
3 66191 74172
62 9943 33003
71 7113 38873
69
88 63219 99623
10 68726 2828
81 86427 32801
86 49004 56563
48 96088 89638
80 84920 94325
80 26559 88066
83 88280 38519
56 66040 4107
10 3817 56256
76 79425 68829
57 49759 12879
29 55845 21811
25 40005 95100
64 61437 6473
51 23062 82642
87 67782 50288
53 17276 12395
67 92644 67987
85 67816 44173
100 80822 1865
60 87154 61701
32 75578 99162
93 91666 31715
70 32708 68566
93 31839 55413
72 52826 27923
30 24454 26023
87 95571 76710
35 89710 60377
26 9904 75301
32 16267 84066
57 53369 65787
30 54208 78437
63 40700 79404
36 80697 55793
42 74402 12042
34 44808 96926
14 88307 39256
50 18879 31814
43 97421 2910
29 42926 2817
18 40607 91885
65 34431 95716
55 71915 96180
36 69999 3899
97 33596 68098
31 47182 63685
31 77221 41982
23 27609 11472
13 15579 27173
63 32119 88374
5 19829 55491
24 61170 41655
36 91202 92275
49 67319 31544
39 51497 42843
51 52368 74363
79 47591 59714
19 61664 74047
100 4454 15349
21 10336 71129
65 80250 54362
80 41240 2452
96 83969 17586
42 67585 7238
95 14234 33077
79 62937 65972
3 11302 64714
33
47 84809 50171
33 70661 70411
69 60113 80112
99 70340 46505
83 37243 66399
59 27884 62962
14 50830 3612
91 29120 18112
32 53516 51265
45 59619 90672
37 89030 95538
69 80175 68631
46 58655 76879
37 52950 10499
9 40068 77818
97 81912 90805
65 24042 34987
86 740 28446
87 90090 39632
68 42579 66201
40 18009 73130
50 68513 65609
73 87500 59301
90 38607 24339
65 88779 90199
86 55894 20222
49 57843 53563
78 22253 88168
89 9425 59055
66 63230 92427
77 69597 12875
70 96356 30449
54 14260 30084
16
65 91445 4847
46 66497 4618
86 77307 68431
2 67900 8932
67 43185 62697
62 33276 29236
88 13894 35105
74 85105 88747
35 6570 24848
4 93712 71431
52 96775 74426
34 98225 78211
98 16320 80078
63 52006 14110
56 904 66591
67 41085 59951
56
61 95682 37241
21 99496 18942
17 88456 43345
4 69418 65488
68 89309 56270
1 97159 13236
92 37825 88973
40 35615 40986
5 45381 72064
29 22196 20491
28 94761 69190
14 99247 29894
41 6036 53227
51 69112 20570
75 99508 8513
76 48880 37284
60 32792 80415
53 23602 39403
1 2059 89275
32 33354 50904
76 49522 53923
7 32150 13786
41 84009 53409
91 75323 83418
41 7961 48047
66 99401 72379
49 32221 98199
29 5587 28694
42 24055 25487
21 32360 72467
36 47789 78740
71 94806 53163
65 57288 85317
12 64289 72732
79 16399 67234
30 44063 65933
53 25056 47110
11 89366 9380
73 41552 85793
36 8569 84549
37 8548 55642
63 1727 66316
60 59216 88163
80 13637 83469
24 17486 42238
73 12615 19243
65 26049 91535
39 30298 99191
24 94220 80835
12 13740 87531
37 54221 96129
39 78718 50598
77 2271 39950
94 2305 45928
61 35056 86662
1 68304 44049
10
66 86647 32187
1 95062 93865
92 92865 54325
91 77285 26797
10 28877 91603
20 98330 94166
6 66987 99563
26 34689 96782
22 73615 49031
75 74638 42669
