7
13
100 67723 87
55 4775 66
68 74192 33
93 78886 85
54 48540 72
20 37171 98
79 82687 56
95 95530 74
59 14058 48
45 22404 52
80 55827 59
63 4016 40
41 86859 15
48
27 70768 56
11 18601 19
81 18939 76
73 55420 64
24 14579 29
71 53647 96
53 9731 100
13 51489 67
9 56328 45
27 2366 70
14 55218 12
29 44921 57
51 80767 17
59 25991 12
73 5779 11
36 52767 50
77 80699 98
82 752 15
81 80611 43
98 24290 6
54 83222 96
93 77840 71
17 35605 68
84 1316 20
91 18586 29
51 66837 62
100 71725 19
44 22558 90
75 28327 68
77 33567 74
33 44743 10
86 13433 66
4 82066 84
86 15908 50
75 34895 1
52 32116 93
90 84770 25
50 15437 53
97 19144 33
44 20066 57
75 76243 52
1 53173 49
25 57703 82
62 63275 24
96 16341 33
3 66191 72
62 9943 3
71 7113 73
69
88 63219 23
10 68726 28
81 86427 1
86 49004 63
48 96088 38
80 84920 25
80 26559 66
83 88280 19
56 66040 7
10 3817 56
76 79425 29
57 49759 79
29 55845 11
25 40005 100
64 61437 73
51 23062 42
87 67782 88
53 17276 95
67 92644 87
85 67816 73
100 80822 65
60 87154 1
32 75578 62
93 91666 15
70 32708 66
93 31839 13
72 52826 23
30 24454 23
87 95571 10
35 89710 77
26 9904 1
32 16267 66
57 53369 87
30 54208 37
63 40700 4
36 80697 93
42 74402 42
34 44808 26
14 88307 56
50 18879 14
43 97421 10
29 42926 17
18 40607 85
65 34431 16
55 71915 80
36 69999 99
97 33596 98
31 47182 85
31 77221 82
23 27609 72
13 15579 73
63 32119 74
5 19829 91
24 61170 55
36 91202 75
49 67319 44
39 51497 43
51 52368 63
79 47591 14
19 61664 47
100 4454 49
21 10336 29
65 80250 62
80 41240 52
96 83969 86
42 67585 38
95 14234 77
79 62937 72
3 11302 14
33
47 84809 71
33 70661 11
69 60113 12
99 70340 5
83 37243 99
59 27884 62
14 50830 12
91 29120 12
32 53516 65
45 59619 72
37 89030 38
69 80175 31
46 58655 79
37 52950 99
9 40068 18
97 81912 5
65 24042 87
86 740 46
87 90090 32
68 42579 1
40 18009 30
50 68513 9
73 87500 1
90 38607 39
65 88779 99
86 55894 22
49 57843 63
78 22253 68
89 9425 55
66 63230 27
77 69597 75
70 96356 49
54 14260 84
16
65 91445 47
46 66497 18
86 77307 31
2 67900 32
67 43185 97
62 33276 36
88 13894 5
74 85105 47
35 6570 48
4 93712 31
52 96775 26
34 98225 11
98 16320 78
63 52006 10
56 904 91
67 41085 51
56
61 95682 41
21 99496 42
17 88456 45
4 69418 88
68 89309 70
1 97159 36
92 37825 73
40 35615 86
5 45381 64
29 22196 91
28 94761 90
14 99247 94
41 6036 27
51 69112 70
75 99508 13
76 48880 84
60 32792 15
53 23602 3
1 2059 75
32 33354 4
76 49522 23
7 32150 86
41 84009 9
91 75323 18
41 7961 47
66 99401 79
49 32221 99
29 5587 94
42 24055 87
21 32360 67
36 47789 40
71 94806 63
65 57288 17
12 64289 32
79 16399 34
30 44063 33
53 25056 10
11 89366 80
73 41552 93
36 8569 49
37 8548 42
63 1727 16
60 59216 63
80 13637 69
24 17486 38
73 12615 43
65 26049 35
39 30298 91
24 94220 35
12 13740 31
37 54221 29
39 78718 98
77 2271 50
94 2305 28
61 35056 62
1 68304 49
10
66 86647 87
1 95062 65
92 92865 25
91 77285 97
10 28877 3
20 98330 66
6 66987 63
26 34689 82
22 73615 31
75 74638 69
