6
51
3 83942 40
47 90657 78
50 63987 49
88 92224 27
38 28290 30
57 55744 44
48 94125 29
59 75733 63
54 29954 21
80 96370 76
100 45828 78
67 46626 61
7 23687 1
95 59236 73
1 7751 50
73 86539 5
18 78185 94
25 55574 87
69 3925 63
31 12908 69
52 23890 2
25 11835 28
32 83843 3
91 50865 27
52 32802 28
82 27483 75
10 92155 89
73 28445 29
12 40683 57
22 39570 95
63 53177 52
92 90469 26
28 90548 64
25 29712 15
26 84430 61
6 44180 16
25 79321 13
9 90393 45
61 64831 88
38 82472 3
26 28711 12
93 24901 33
10 66181 47
64 75377 21
58 92130 25
49 38880 61
54 24333 61
73 27830 70
59 44704 43
26 62536 69
11 18967 7
66
54 67108 75
77 11903 40
80 77634 55
73 85170 92
1 51270 55
60 39920 61
53 11577 33
51 91386 26
2 71071 31
38 54255 30
65 80628 13
38 73167 37
2 39494 85
20 51183 84
67 30005 70
71 93660 57
64 58569 23
52 83060 2
46 76436 58
27 93186 91
33 43273 40
93 75673 31
91 13371 66
8 39444 17
64 48250 37
94 36877 59
26 56586 41
56 77691 51
93 77605 24
25 23919 59
11 74612 8
23 38641 34
79 15432 17
85 30200 56
64 85374 74
39 10600 9
84 40275 22
35 144 67
79 14660 7
24 94018 21
98 27466 96
63 34645 52
79 90837 62
8 92088 39
30 33576 58
13 5305 56
32 90260 73
29 74134 50
59 65528 33
45 482 73
26 79064 10
21 77916 46
26 56956 19
32 16714 99
17 84331 54
47 35548 80
29 84072 26
67 10399 75
64 90509 80
21 37088 33
27 40902 75
63 8771 78
64 10576 13
63 48707 91
40 28306 87
75 16203 29
72
86 48691 63
45 24064 75
56 88743 95
62 65061 60
100 42732 18
94 23220 54
3 22009 45
5 71662 65
92 36175 15
57 37970 22
15 80913 40
46 3354 81
77 97384 57
64 33080 57
20 66358 19
27 94929 86
73 10809 47
60 36729 34
68 44964 41
87 58224 26
40 24761 8
91 47453 74
52 83563 33
65 71496 81
60 7858 75
97 15389 88
19 86991 10
90 3455 52
73 58369 5
64 83049 72
92 63495 54
70 13100 23
100 98904 93
85 90404 57
79 20384 16
4 8573 5
18 67869 13
85 86917 40
61 80666 68
73 80434 46
65 76490 60
70 82294 96
63 4872 52
31 42849 45
83 55085 17
84 15927 19
70 98354 22
56 75090 72
32 56904 99
64 96378 58
50 35124 47
98 70946 2
18 48816 50
46 89542 27
52 61343 61
15 42531 22
53 64975 62
93 46934 8
94 59093 10
40 27000 28
99 35204 93
56 27289 39
24 36495 34
8 21691 9
88 11296 83
53 83122 82
3 91608 15
77 73689 32
5 44393 10
31 1879 54
21 1105 12
36 99187 94
50
25 60625 13
60 22922 81
38 6545 35
97 19577 26
34 59151 60
15 16796 8
13 45891 72
16 99326 12
21 64444 36
48 90316 88
76 99842 21
62 40177 38
13 7153 76
1 13646 62
58 25266 3
50 83421 87
48 65018 40
36 13607 74
26 86823 46
55 17699 83
59 74169 72
14 73009 41
62 83887 74
80 20119 4
23 77923 12
68 54458 97
24 7623 97
32 62527 61
72 35967 88
62 64355 41
60 9794 46
57 47993 61
47 20908 72
71 85571 11
39 10887 34
66 42164 66
34 97434 7
13 32324 32
72 95217 95
100 19251 5
78 79470 42
95 72258 40
99 9199 14
27 26511 51
58 37889 13
89 52273 89
20 4 31
39 68052 19
16 66944 30
28 7446 52
95
54 946 47
18 2780 16
31 92899 8
67 57516 72
41 14090 95
15 68058 62
72 89970 52
46 30215 2
44 86797 43
49 77366 23
3 90865 79
28 58467 30
80 49015 77
3 71009 85
13 43734 15
8 53079 87
26 16060 85
62 16796 13
7 57358 88
43 6897 10
92 91809 97
87 59135 99
14 28440 68
48 74418 93
57 46848 97
81 6356 86
47 9353 26
47 21646 54
75 78886 73
90 95131 51
19 55016 77
52 35790 15
78 72694 8
3 64390 25
6 2865 100
32 29328 22
5 12646 14
67 69085 20
86 15668 21
56 27235 48
54 41951 32
35 29305 29
39 41717 25
52 74254 44
68 2176 74
33 91082 29
38 2155 1
7 41128 75
19 89466 25
91 59379 96
76 55395 84
97 96320 63
68 17746 23
11 54699 38
7 35837 10
84 81684 63
80 29732 92
10 42652 86
18 38828 96
49 50075 35
88 89852 89
64 36741 13
3 67961 55
65 61406 7
4 65694 39
40 35578 21
2 58398 41
64 3449 54
10 70301 23
51 7713 37
13 79660 76
18 59580 33
50 37957 37
15 76853 62
40 264 64
87 37070 100
6 28980 72
62 38565 41
61 11272 35
30 16039 26
89 49306 30
87 85683 30
87 61656 57
3 7283 19
2 65663 58
82 19799 29
85 63257 85
48 60116 16
36 88636 100
30 604 32
82 45247 64
41 41374 67
94 60606 54
76 49728 78
16 52433 70
2
83 76985 62
60 56823 84
