2
75
26 79445 48772
81 33447 90629
97 47202 7775
25 63982 4784
17 2156 31932
2 95728 78537
57 30739 86918
11 39679 38506
40 86568 61868
16 87940 96263
93 1449 36991
10 23355 77068
31 8580 91757
18 74934 94328
76 29355 96221
80 95922 31545
11 34067 75467
74 84691 6504
35 62034 44965
80 81221 45895
1 48152 8325
31 29302 48153
96 19022 97489
99 70607 66466
32 31502 53968
33 87475 33792
84 87010 79694
28 7354 24712
9 16480 2643
21 51951 23492
20 28197 28607
25 72167 60717
38 89200 6986
4 76483 23620
6 90881 76858
59 56553 88502
54 22962 72325
35 9279 20464
27 82549 29832
95 8200 78720
58 90639 89992
30 26467 98989
58 2581 46600
66 61473 11929
75 12581 89770
55 83718 4628
7 19335 81898
52 86530 15811
69 14148 3384
54 8913 80114
15 3686 89334
82 1392 78326
8 33553 70962
57 14850 48231
61 21185 71588
5 2980 57564
90 70052 68747
43 81740 47593
69 77370 12516
43 96007 69525
99 30412 57163
99 63571 58976
55 82217 93590
43 14427 83220
42 4584 84239
96 65875 22601
58 71449 43377
40 37428 38238
55 73517 71653
33 11768 11957
7 76456 26878
77 45368 1999
82 73541 71826
64 43269 51401
98 58698 76763
15
13 81495 96523
71 80206 58357
4 53310 21410
44 47611 97484
10 93559 49262
94 58949 41107
46 32737 97987
79 22306 94685
91 5542 86542
34 11094 52751
89 10898 35729
12 29964 38297
23 40720 15297
80 4917 44338
76 98183 7965
