5
69
10 50753 22010
10 98343 35603
34 75950 55647
12 66591 742
28 64856 7639
2 59871 79393
95 80460 71761
26 51278 5450
77 13497 26164
8 37116 19574
43 77679 34200
37 54366 2591
1 65720 26497
70 73995 49187
42 28983 61054
66 50231 73664
57 98815 30338
76 68431 39789
76 6261 54177
22 11990 62779
59 98026 51663
60 93982 50157
3 23250 56500
9 88585 59733
32 57578 17331
50 86145 46064
93 66760 68828
84 61974 40419
51 69124 12271
32 49271 72342
77 53894 17107
81 72499 20113
42 20464 23094
65 38545 99605
95 175 37350
100 42733 15901
46 94877 84944
81 8693 99509
39 5306 25976
45 97571 17338
14 82346 83130
65 66620 54355
93 50576 82015
27 96618 40911
47 95180 16738
41 10614 23265
36 69875 93764
1 99016 91064
62 45933 54637
51 49507 59778
1 79539 54822
84 24091 27778
79 23977 18420
7 50298 31536
47 10873 5238
11 93746 61009
98 41297 98624
60 60772 30424
14 5471 29241
24 32977 85724
23 54602 21715
12 21599 40634
14 34003 23179
74 57808 51822
57 3277 49793
62 31262 8588
32 52154 60408
5 22234 23940
12 33607 94993
24
41 64599 1338
97 14179 97645
40 51315 74138
92 14815 10651
40 9206 74505
95 8162 98973
89 10593 38111
37 83035 78193
48 88732 94569
4 38814 65120
33 73578 77251
32 44424 44348
14 22156 56921
2 23542 69560
96 48987 11423
73 18944 96424
20 19680 95981
1 85018 78714
95 56407 3648
86 49965 17651
9 40805 45454
22 14258 78093
72 13431 78665
86 41327 99920
23
24 97943 81905
78 77712 66868
60 98224 36055
55 15783 59374
1 72760 49837
62 80115 62502
5 23870 81686
93 19698 81234
45 10324 99769
66 39355 57555
74 14577 92387
55 83583 15127
46 87237 33055
12 96033 53391
1 28123 404
78 25074 97197
8 49525 92863
63 20209 26816
60 17827 52241
18 73442 20084
35 34276 78859
8 29933 85892
40 62689 14519
23
90 35618 52830
51 10442 33762
42 27434 88775
61 99032 94233
43 31554 15640
93 95735 60613
20 68790 12147
55 92439 10179
2 77361 27195
83 45760 92853
4 36255 79603
33 54574 70917
38 32578 24283
83 61994 10334
43 5234 27399
94 60778 78824
48 25689 17601
2 88522 84611
42 42286 53826
7 66923 95494
100 6482 74027
24 6828 78298
62 81512 91753
67
43 90033 2045
13 73801 76480
99 86603 62279
71 83320 76926
35 26220 75369
45 1152 98439
48 78423 27903
80 54943 38360
90 64366 63877
7 40232 18577
24 98285 38031
45 57439 22997
35 21764 28717
2 88112 77956
16 57972 35071
27 68048 87064
61 25261 39094
11 24919 7934
17 8807 58476
53 52476 98646
71 79742 9158
65 40594 55565
64 72370 56488
49 10339 65402
36 45310 28855
64 47275 68151
73 42232 44086
89 28951 42049
45 62697 69722
87 30974 81010
47 60942 51248
77 50751 13309
36 21743 66641
52 20252 38763
100 74239 12643
37 46166 75605
82 13108 5554
13 20042 53313
19 72520 35023
86 79627 52609
46 26320 6857
92 22656 88809
47 53211 5898
91 25121 55440
55 14798 75860
93 9133 49514
39 3807 23708
79 31886 8676
41 22799 79622
72 58864 45728
79 95532 21634
63 53086 20306
12 47078 63207
63 2527 85851
76 31633 83822
47 8015 165
98 58332 22672
22 59873 56127
45 54032 81315
38 92405 41370
96 40043 4626
16 28021 65028
6 13726 60827
45 15702 46723
26 5349 81454
47 85164 45781
50 82246 58851
