10
41
55 10003 63316
56 66013 37611
74 54931 2024
9 16176 304
51 84199 99876
25 68893 53939
37 44374 38323
46 15819 81154
57 80814 86343
86 91197 3100
56 91709 53879
79 72461 43014
23 29744 65400
94 29447 59020
52 73963 79674
29 98984 19930
22 6665 72646
85 39191 31353
5 97110 74453
56 90243 27694
54 52297 13075
31 90974 8720
37 70695 9845
54 51673 95306
65 25524 60952
31 15329 2353
31 25692 48027
13 93081 78438
63 69858 47358
66 47801 26095
74 64807 5051
68 89478 29809
4 67007 82308
92 64499 49650
6 68399 77822
98 41015 6381
67 42282 50237
19 36111 39926
44 59788 9826
44 83702 71888
44 65655 53521
89
46 61131 56616
45 1654 94434
22 34850 22683
42 75226 80741
86 26101 69661
32 76961 63568
3 50276 14758
72 5766 3259
24 5836 13741
54 89018 76325
95 66949 65925
56 17850 86378
11 69083 48184
90 52559 55945
45 80268 12322
1 20555 98772
85 56675 91312
65 32321 24920
96 82516 44857
49 50948 33807
35 21591 56284
82 51268 20898
74 841 70939
93 63717 16003
34 72768 56471
65 81121 31083
3 12366 51149
32 75776 17488
38 3064 2736
73 78070 62122
74 96632 11560
55 94748 71880
61 15889 86954
20 2034 46733
45 51090 39640
12 33717 13135
11 17037 91483
44 88668 61778
56 4345 64127
98 98808 59328
58 14566 84591
71 76076 85805
64 9279 68370
9 90441 48329
25 3429 10661
41 21166 64870
94 54314 79513
1 62687 16748
14 29965 34222
22 75748 82234
11 2997 82193
38 3172 87006
3 13711 42547
36 85442 48343
31 37420 82923
43 53239 6314
3 98901 12622
35 45777 78275
21 12177 91404
61 32972 74093
47 81562 28237
98 64271 34836
4 19420 45101
43 35433 63897
77 8110 38645
87 13324 246
89 65524 25243
58 17961 18389
81 789 14619
88 86477 13899
25 9913 26134
20 33179 51065
97 94727 51051
6 90763 82500
71 91068 25652
66 78850 20052
100 86319 65411
56 56626 23115
64 21380 55517
57 39764 60679
1 8526 59990
67 93604 80475
16 90249 51406
99 86557 38954
55 11991 46539
5 83637 75268
54 71066 99736
28 54107 36932
32 56786 12766
68
59 25418 49652
68 51968 39710
5 6965 61269
75 78460 96802
38 4516 49806
2 32159 26222
23 69326 5906
19 38505 74721
75 43615 59755
74 39458 48246
11 36149 54997
88 10076 1378
83 73211 7964
85 9930 78577
83 76228 77657
35 96671 42685
51 65195 91338
81 9546 89903
36 77801 8433
59 11986 47193
47 48119 22927
28 55310 29747
23 28294 46305
98 39399 93654
49 25020 30714
88 31088 7735
7 44464 16417
85 66565 55781
66 14216 35885
31 40258 82437
28 32337 41376
54 67143 9580
18 256 62049
22 22378 88413
56 71016 56636
88 87836 42149
14 48828 76254
41 64767 90164
38 64966 62669
70 48646 84542
99 59368 49925
35 67151 20274
50 69361 8473
6 74782 44952
42 76035 67337
60 48059 4049
9 56995 94847
74 2381 53226
24 23809 64943
25 81527 48610
95 32298 64655
67 95698 85790
78 69995 69908
16 12300 42633
50 22312 45582
53 16097 28881
20 66427 73925
55 65240 75070
50 24178 38133
39 40319 84533
88 99299 55558
20 70122 70861
66 55922 41456
1 18377 60144
82 28966 88046
4 8009 16149
96 92327 47585
55 86413 4859
63
39 43591 4970
60 17834 45911
74 94876 60145
77 42214 85545
43 30609 8879
37 53940 74782
53 71531 19495
17 6994 73471
65 2590 13886
93 87504 72172
93 58954 39221
32 3060 25623
82 4181 49064
36 84365 62371
94 44458 43175
56 12310 64254
29 76274 10995
16 30126 93883
64 6352 62715
40 29335 80180
62 27874 44345
12 88045 28607
54 7221 96520
11 64807 86703
13 52552 76263
51 18291 47725
74 29542 94643
81 63342 61719
30 89629 73953
57 16803 3001
40 48643 1338
71 4773 60906
89 72778 67931
78 55919 78952
56 30049 33547
61 77434 80951
18 8430 67391
93 77823 64503
63 82346 24972
6 43854 30661
31 40989 55851
28 65263 51412
99 89178 40819
36 43672 10571
95 55549 1554
67 99215 60289
25 66019 76141
83 83969 40119
15 10281 51993
100 88835 10518
81 96616 95865
20 58504 93545
81 60783 78490
14 2082 32285
43 30307 21164
76 23933 13047
95 93812 86978
93 14714 78422
97 9536 43565
66 96936 30026
59 87181 90581
82 83144 64179
89 96994 90232
94
22 6333 24719
46 72646 62062
19 77147 770
91 58397 35862
17 76643 87611
25 34274 89973
64 79498 28873
7 40640 76908
2 79296 90789
81 54980 30717
88 69613 80531
44 71864 77325
52 11660 75550
90 73184 2235
56 14664 94352
20 3443 89019
12 373 54448
93 84443 17878
22 87953 52960
100 66926 30054
84 76220 58614
30 63982 42349
47 77396 71834
66 61215 69111
43 18645 69856
77 25353 53713
43 592 84967
37 91374 96264
62 11562 40018
74 20268 28293
57 83607 645
34 45173 78375
10 79222 81923
35 38637 5762
30 75088 88423
79 5574 85721
87 64780 36673
56 76920 88727
69 405 74386
72 74979 24179
49 11120 88841
70 5800 13699
57 47639 22751
23 48933 37408
38 92539 90065
31 8785 16124
60 21816 61694
15 59672 63840
45 43257 33121
19 1879 54154
77 85518 11599
63 72635 79717
48 56364 70707
39 5526 65706
96 54597 86600
14 82562 85239
55 55688 35736
94 50938 60749
28 34299 48149
70 28118 54959
22 83127 98677
5 60486 40152
85 46659 62577
63 60114 83261
86 78837 15680
37 30352 40004
56 53413 15247
44 68742 23972
28 33107 19589
85 29697 16286
4 85403 74998
35 64597 88699
35 12053 50725
5 66807 71526
86 74803 53151
35 81785 33548
100 30518 82548
51 22917 7410
24 40977 43351
87 22620 32535
66 67266 88376
61 45199 35082
35 60428 77281
10 52958 14126
95 97689 32623
4 32849 17772
55 45871 83986
31 51828 88344
31 13296 11496
54 53719 89895
24 26007 16757
76 64549 3312
50 50769 88998
45 91620 80449
61
37 83144 34798
2 2532 35436
96 34179 28528
13 17236 90138
80 79259 18505
85 51897 54136
18 69161 95663
89 75627 58800
13 4438 49867
23 10404 85664
44 23224 98037
10 8647 13089
56 71921 18864
92 25905 56666
59 64645 70887
96 60702 35647
72 90747 5449
43 49023 55759
56 93271 62306
31 24888 52301
79 51126 81498
13 34911 33277
47 97002 81971
15 33811 33218
86 599 5214
17 28058 54902
30 66158 34334
15 19038 35659
61 88873 53024
12 87337 79681
21 79623 68730
53 95104 96359
61 99978 92194
97 68573 38614
93 65613 58961
94 56112 91371
72 87882 51289
63 79031 64612
55 64364 61091
97 22396 87582
13 1200 74284
84 47439 73357
56 80995 82850
23 52805 40732
90 88151 88826
50 74576 47174
85 15046 67157
75 4223 76693
96 11083 18099
38 18968 62778
23 34141 15319
49 57651 55661
100 52078 66652
31 91930 44294
99 90117 21751
56 49791 71036
94 69464 64558
78 25533 80477
96 8460 47864
58 86323 29293
80 51889 18517
54
56 31523 52877
44 32080 67273
7 40097 16097
31 90548 4323
23 9587 11375
19 54507 92922
94 87147 50189
96 65405 79953
87 16571 84853
46 27591 73616
51 52500 95553
90 78523 22408
39 57885 63110
48 152 44008
64 25526 45902
15 79594 52575
64 13070 72537
74 19364 82004
53 53155 14005
29 30331 27204
34 96761 55484
7 84581 42363
44 31069 54638
66 42995 94164
98 48251 8783
19 98988 39829
72 64061 12547
35 23499 74630
70 29734 44520
10 58427 60689
16 88143 33172
83 2064 80031
33 61984 98128
7 90536 31473
76 92402 92947
43 93154 8700
54 82436 43138
60 2654 58442
73 94491 73863
21 73431 52494
95 62462 8081
43 25117 41734
47 16656 79435
67 7735 71063
49 6000 36576
25 93879 97828
32 25071 15151
80 48639 18960
20 6769 20938
85 31252 22742
96 81191 28787
28 31040 82053
82 66283 72762
83 12045 96032
33
40 48465 9065
64 70261 90987
43 12849 4856
35 22589 79271
50 38418 44810
46 9717 59592
59 87685 76462
7 40315 2515
64 12629 39065
75 93931 67150
9 47135 15430
80 56507 48954
98 99118 32275
18 17653 19310
99 11899 52888
67 23604 54549
21 24515 28650
30 62434 48521
51 28617 25552
92 69328 73040
37 85743 8388
72 37782 26359
47 82160 82477
16 2892 64174
88 34145 13563
81 59112 76387
60 9383 54979
29 8698 24897
71 77307 66621
27 3429 15531
56 6397 82011
6 77280 77172
46 30901 7211
97
97 30562 37542
53 7664 5194
84 5763 48981
42 58940 8013
23 80175 69795
76 87346 48124
32 60063 55664
64 84538 38516
11 62957 9357
99 13508 73275
41 89325 71226
26 58690 52631
97 56843 43774
48 6688 21328
2 74950 37575
96 75910 54282
1 23660 40996
35 70608 94333
41 43223 61920
51 18124 88758
92 55047 8096
81 23828 49682
71 25792 11456
32 93518 21529
7 54598 87369
91 71713 98328
1 8023 17686
16 54041 76386
65 40553 4361
81 38974 9545
3 41124 81960
23 1777 32856
76 69633 12093
17 59367 87251
74 87652 27340
79 60010 20434
84 55959 1847
44 30605 18683
48 23721 93295
36 67022 70206
14 30757 99996
53 99314 37430
82 94710 93041
88 85020 32477
32 99450 86312
39 11599 91055
47 82117 52453
86 81733 82595
72 64345 47656
90 21743 80166
73 45571 81939
89 36975 86362
89 66488 58429
91 31731 24238
12 52496 27479
20 12372 54525
2 98851 56702
87 68750 22220
28 28898 69889
2 50657 2815
16 91352 57941
35 77225 56124
18 31841 72117
30 87674 34084
82 50058 37022
67 82750 42030
4 17483 88939
26 99250 60420
13 27009 14445
28 88127 52131
4 67823 90350
49 51798 21806
100 13783 3079
44 54382 69074
67 75284 2015
83 79521 38593
43 84218 71622
15 33573 10120
12 58481 37009
89 61511 75410
62 10030 30519
71 40749 57313
40 66516 70444
28 55085 33131
53 56234 43998
3 31753 14386
22 27550 54637
46 92877 14567
84 20441 88526
49 33226 45537
66 85315 40323
34 60212 91641
46 92793 71508
18 52026 42025
36 87948 84721
66 28966 21701
84 86749 78667
66
76 63705 96253
35 57936 88201
78 85540 91913
92 45447 22351
88 69332 16338
91 61292 19975
9 28258 64069
69 24141 30433
82 28368 72615
15 14692 14039
14 90209 98897
79 8630 29937
2 46073 46159
2 41677 20830
17 82294 71963
21 59986 40080
99 28589 7543
78 35758 64377
42 14281 77641
94 90817 38468
62 16416 762
84 19459 32725
81 41495 98449
20 72922 60740
10 49304 7532
84 60988 58678
63 43857 49247
91 52390 67454
63 46095 89521
36 51036 1267
13 75036 20789
20 39971 49042
22 76566 3173
88 2205 82230
29 14609 47300
100 71812 7894
29 45550 21141
48 84169 94335
11 76636 35638
73 41134 16626
13 29039 82594
7 46113 39392
54 94655 24486
14 18490 18276
78 79236 49570
93 18776 46016
38 91343 66436
62 18520 26971
56 88427 12448
66 36694 8314
39 18804 50547
19 42120 8414
94 21495 53242
84 14103 46749
33 37451 48141
1 24160 48580
33 30447 34496
39 74732 25804
96 42117 30172
18 70411 24763
15 49103 73434
89 77943 16830
39 97192 86881
25 78247 62756
10 71044 61760
82 39281 94589
