100
1375346733
437626345
1012851090
439139640
282088212
1639433717
52813135
1372908211
1718917037
599291483
887982144
381488668
1246061778
405700256
223404345
1339264127
318236398
1128098808
161359328
1901985758
1784914566
687984591
1266776371
168476076
1521285805
447504964
498209279
1258668370
595943309
215990441
763348329
1229118125
1626803429
1571910661
1102715241
1096321166
1022964870
1643669394
1528554314
872179513
628210901
19962687
97416748
585936614
1741829965
1413234222
1229941122
547975748
543082234
843648311
1843502997
1904382193
1993219838
1914403172
1001387006
631820803
529213711
1068242547
1013529136
1572685442
200548343
893913431
575037420
710482923
1219085843
89453239
1986106314
1975177903
1999698901
780512622
1189188535
1368345777
546078275
1123373321
1318712177
1430291404
1061926261
1306832972
1711374093
988188747
901281562
1564728237
1553891698
744764271
1585134836
1463020504
1298419420
431045101
1943974743
888635433
1621463897
1568711277
1200008110
884238645
518449487
1913613324
734400246
20653889
377665524
87425243
